624 5
201 232
293 899
635 419
136 750
372 960
894 128
495 853
893 212
776 944
898 441
249 832
8 233
442 559
409 310
980 243
945 663
377 681
400 466
664 247
871 651
204 450
205 461
359 908
298 600
175 600
710 107
265 168
211 758
804 868
160 683
573 362
513 437
386 521
600 241
714 683
160 857
691 944
272 40
387 720
240 568
728 738
591 291
743 952
576 812
206 53
310 799
985 559
838 706
296 673
233 493
118 441
564 403
223 578
778 110
739 492
416 749
836 734
293 458
657 166
291 521
493 28
716 617
385 811
343 769
921 991
830 575
218 411
734 658
643 507
722 558
202 839
155 496
782 762
436 493
379 968
811 417
752 204
467 363
934 117
19 628
242 901
408 817
373 315
635 91
288 904
597 874
200 469
762 24
615 774
460 287
395 948
317 204
224 74
281 968
335 696
702 95
541 925
806 195
849 808
552 245
793 300
775 570
305 310
91 519
683 235
684 753
910 525
229 37
923 341
33 868
496 560
128 355
959 582
985 747
778 421
371 123
949 109
682 346
911 542
717 556
465 228
831 539
843 440
847 747
258 567
497 397
326 223
136 426
695 251
459 67
646 173
326 863
110 61
505 929
593 828
265 138
345 69
355 9
941 431
554 811
332 195
648 743
458 254
577 181
575 885
921 512
206 415
177 393
75 187
867 28
955 666
216 564
892 667
431 141
905 414
822 995
427 4
540 594
239 151
308 219
971 993
781 568
936 965
443 491
778 558
316 569
984 273
599 245
84 694
544 175
357 960
172 927
825 865
482 639
619 160
536 613
912 145
813 931
145 968
758 528
985 799
740 9
684 385
603 685
235 611
187 291
349 68
59 236
851 752
477 928
471 708
174 974
137 380
775 718
609 874
527 594
789 364
759 529
112 754
896 599
886 660
465 373
673 763
430 391
999 1000
269 312
271 120
635 560
987 899
203 940
967 782
989 653
866 570
149 747
452 1000
578 706
281 847
169 257
568 947
135 985
791 696
696 528
796 481
849 3
456 665
991 840
274 118
849 262
221 981
786 311
346 34
856 27
658 575
240 696
533 276
707 661
545 945
197 194
33 330
948 436
389 702
880 966
89 549
165 283
423 65
422 395
625 24
152 908
582 881
800 522
733 854
538 189
701 825
790 492
444 798
921 923
776 620
999 762
862 413
187 94
867 962
151 972
410 978
969 355
169 667
639 444
736 611
47 292
809 900
30 854
243 80
433 227
208 166
749 271
292 536
276 625
596 6
532 496
635 427
990 880
756 871
575 990
625 116
978 659
768 819
123 87
655 352
240 981
711 495
60 974
238 363
357 586
511 231
659 110
365 626
187 936
855 148
561 833
591 525
993 244
19 156
365 507
600 698
274 137
717 535
1 1
12 326
571 632
164 532
752 932
985 978
400 231
460 7
390 717
993 797
569 785
870 493
610 813
155 428
708 960
137 932
600 301
460 547
536 415
996 941
124 808
575 565
643 398
57 847
308 558
110 795
565 535
758 606
694 847
352 995
484 8
809 991
749 207
587 70
445 293
228 508
366 334
537 79
654 92
379 572
882 729
901 442
387 129
267 519
54 384
466 990
720 16
672 478
359 753
559 487
108 240
834 624
276 202
269 328
3 719
43 125
530 114
943 440
148 422
130 266
520 394
565 306
395 978
515 370
335 842
776 985
227 846
304 550
627 732
583 280
675 606
951 825
254 765
597 67
568 986
583 255
67 858
647 715
334 863
507 655
1 222
492 148
286 50
736 438
405 737
950 495
407 398
812 572
587 818
300 363
535 49
467 744
291 51
488 152
804 457
651 604
740 691
10 164
269 894
258 75
566 884
505 437
343 925
443 357
970 341
712 148
762 748
354 459
474 366
19 843
112 469
76 8
116 5
997 393
843 979
805 820
202 544
58 714
481 860
475 265
304 76
93 878
617 647
742 387
693 281
400 573
288 528
498 345
791 774
37 631
291 932
241 878
841 102
262 876
107 721
40 207
32 732
219 153
15 661
441 163
529 168
895 316
670 620
429 402
351 103
64 127
654 384
436 283
915 677
250 326
241 81
232 554
346 543
242 189
35 488
317 151
974 688
346 657
805 826
518 404
136 896
858 196
882 975
250 343
953 937
516 159
713 13
583 938
589 826
106 525
616 85
136 945
612 583
523 184
790 915
395 861
308 923
588 297
623 652
3 575
913 868
279 286
833 42
217 90
796 89
901 942
273 542
795 428
939 425
867 184
436 596
119 517
290 110
428 145
78 972
861 329
279 148
366 782
429 500
238 7
782 446
156 628
146 715
904 233
647 628
904 165
905 396
901 208
533 274
539 175
204 958
998 565
378 107
220 901
786 220
667 652
885 88
780 445
414 756
890 746
277 72
815 500
426 894
638 472
696 911
356 235
181 894
629 104
965 251
751 312
520 923
74 694
436 493
990 923
890 929
807 849
420 367
750 26
210 633
321 535
411 56
852 878
564 201
860 662
268 609
500 782
648 585
131 228
81 683
630 399
386 38
597 903
799 309
248 891
866 833
219 71
49 92
957 741
269 358
315 150
783 254
61 63
420 809
394 821
592 188
971 970
89 914
104 101
820 811
963 302
787 514
676 282
481 374
209 395
351 863
674 901
328 581
275 115
392 800
712 533
853 340
689 763
131 823
815 967
817 787
381 242
899 451
521 708
42 512
3 390
737 269
647 550
398 935
442 713
700 797
948 347
793 268
251 407
232 854
875 905
458 619
106 276
238 324
539 287
433 723
736 962
464 596
790 845
14 736
580 882
872 48
649 540
388 853
142 338
73 782
436 110
952 584
218 932
211 306
709 597
326 714
939 137
397 301
26 964
530 986
109 569
792 11
372 917
543 882
422 941
677 177
774 494
132 677
732 406
111 873
146 251
740 352
814 605
995 130
749 336
323 831
425 840
58 375
337 330
94 177
366 370
954 550
835 722
909 110
417 452
827 790
851 126
151 459
248 299
716 276
547 193
416 225
612 569
677 141
216 818
384 129
400 745
591 23
233 409
640 829
106 20
198 858
608 493
177 70
5 143
482 479
425 275
21 858
809 5
649 447
453 700
289 227
579 211
729 59
767 846
972 151
594 384
889 825
803 714
618 268
715 508
156 624
873 636
349 670
19 157
441 541
947 767
136 19
549 800
987 197
502 511
834 117
834 783
900 89
485 537
864 426
674 427
923 610
252 258
183 640
42 728
987 108
240 897
268 190
427 314
330 173
322 918
583 938
989 587
493 105
231 688
109 361
943 908
446 568
627 194
82 630
67 860
832 642
826 292
302 471
421 239
975 466
936 895
281 628
517 764
951 793
22 701
519 967
124 595
770 567
554 565
645 589
499 799
568 982
629 452
367 779
162 298
869 238
785 398
528 437
80 858
295 164
501 310
341 982
279 962
578 210
58 68
95 768
890 229
596 251
125 127
294 938
631 832
554 203
877 931
133 406
479 915
149 892
729 11
720 334
546 720
665 401
903 559
959 404
596 894
124 278
143 610
70 53
342 348
77 471
543 476
561 390
831 229
900 702
545 13
85 595
618 645
224 267
307 578
270 78
627 694
621 666
712 692
199 33
924 286
332 78
843 466
237 281
620 457
9 982
263 521
610 179
578 526
591 328
689 605
672 302
30 691
413 460
309 205
622 594
578 453
812 718
556 635
355 859
391 836
708 38
109 841
929 441
22 656
914 162
816 239
366 678
686 824
969 445
474 659
47 232
724 927
709 993
503 951
238 745
75 974
940 879
967 777
385 705
321 821
635 772
599 502
581 735
23 878
304 173
951 498
990 398
805 172
809 138
682 63
654 223
13 289
599 992
378 36
613 805
608 778
80 31
631 906
501 943
199 900
531 353
44 746
550 255
112 774
790 24
560 327
892 955
186 374
605 433
76 663
960 988
712 350
172 251
137 289
152 879
396 129
854 681
549 820
319 987
559 379
720 476
538 117
672 847
333 382
447 919
674 999
262 680
383 659
19 820
587 948
603 252
409 974
893 616
452 204
146 116
255 881
810 745
387 580
43 239
241 438
379 898
691 630
182 314
761 818
345 733
330 424
137 101
380 246
793 803
981 292
503 125
198 400
795 922
474 458
758 508
130 204
419 648
148 100
476 827
159 869
544 754
394 691
122 13
951 411
1 642
66 977
844 970
464 177
604 689
985 399
594 686
227 314
769 731
884 452
743 562
544 720
980 775
707 245
385 262
554 785
968 974
866 870
50 849
331 41
676 889
654 859
739 98
586 299
550 781
560 620
997 239
640 615
190 294
200 294
767 442
595 996
42 616
232 378
725 86
968 953
141 721
765 365
563 761
97 535
890 666
889 10
666 643
812 402
521 575
357 590
969 160
177 635
845 691
740 165
451 816
452 884
855 734
528 884
3 578
62 465
920 429
808 246
942 245
501 733
768 820
250 996
551 204
102 83
551 966
762 93
880 876
300 28
205 472
95 198
826 696
553 211
323 287
227 876
707 8
285 505
647 331
190 330
294 688
852 378
831 558
255 723
395 204
127 150
939 912
734 654
67 598
85 380
679 519
197 196
500 774
85 183
875 983
113 130
204 688
72 668
437 228
22 325
891 594
757 286
849 28
567 291
115 815
398 225
16 660
68 36
758 342
194 50
726 901
254 916
303 480
594 907
38 848
362 37
138 272
366 257
400 452
6 844
927 438
220 176
799 730
372 743
55 495
245 576
908 523
8 159
239 576
126 5
316 142
434 735
430 484
233 934
340 810
687 833
577 17
542 593
945 623
168 981
814 107
218 526
43 194
393 616
675 586
101 470
461 424
201 64
31 902
702 524
552 74
881 443
24 980
593 135
20 63
536 541
196 300
959 796
857 734
740 430
77 717
116 606
924 63
339 70
565 413
617 213
310 812
476 731
418 661
249 747
480 364
168 73
28 244
897 50
167 351
399 70
181 338
222 64
880 872
155 998
708 409
760 370
459 754
483 533
648 780
845 779
588 86
947 519
607 660
950 86
97 706
938 131
682 252
176 218
804 86
266 296
81 261
135 680
641 505
941 99
323 506
106 493
81 31
805 462
258 1
251 258
113 541
511 7
258 2
870 877
857 582
41 746
639 392
138 422
861 721
82 820
432 17
463 844
643 225
538 984
758 309
135 32
797 264
119 833
973 56
167 105
260 908
410 375
894 355
835 423
622 255
910 956
271 122
749 718
311 807
339 213
649 270
419 558
373 75
332 91
852 23
987 626
19 301
851 896
133 930
625 12
609 317
515 734
239 920
321 795
217 941
130 877
858 93
888 1
320 824
84 343
89 696
241 731
117 170
563 559
368 85
583 279
819 345
934 183
520 239
104 634
937 480
499 873
559 411
158 346
951 549
695 122
812 249
157 402
477 35
998 434
279 698
402 928
971 935
320 919
756 271
400 739
515 370
320 933
731 578
566 760
433 487
929 838
116 498
109 394
8 800
659 85
351 348
367 47
873 129
200 768
194 990
72 166
225 539
918 288
220 212
330 33
746 921
715 658
897 387
147 488
942 112
815 873
23 180
261 398
448 345
564 229
123 478
480 44
580 494
56 375
676 506
825 614
848 767
111 47
356 427
699 707
301 231
488 774
810 327
493 709
793 700
6 994
128 861
254 405
231 310
262 750
866 407
580 512
679 266
404 196
521 444
508 326
866 194
407 625
764 603
969 199
11 934
486 152
751 666
85 909
735 746
372 909
254 581
994 667
129 857
555 882
743 58
357 582
753 223
323 331
51 6
207 956
140 321
618 629
450 916
799 122
199 544
464 537
756 762
55 696
165 757
997 393
228 258
869 687
354 716
597 365
920 36
187 803
45 713
823 781
139 298
287 605
818 50
976 170
685 409
759 537
385 751
620 593
148 640
525 124
382 729
932 963
359 453
670 344
745 201
485 632
328 751
571 768
636 286
386 992
641 856
64 313
89 138
883 462
803 262
288 519
330 720
894 999
809 970
840 174
581 265
719 970
465 529
621 908
289 89
731 348
2 642
868 176
2 281
951 899
316 455
872 522
166 364
607 419
384 115
371 585
62 220
397 901
527 60
954 501
398 130
761 960
447 489
383 512
362 274
378 234
107 193
837 371
90 377
670 944
629 122
535 765
767 679
45 546
765 957
407 603
493 767
798 972
530 259
413 322
778 639
660 403
767 904
419 389
462 769
922 647
936 588
549 671
945 337
310 835
575 759
426 122
662 149
228 327
853 251
501 311
30 562
786 448
886 334
819 47
269 947
152 955
463 111
535 160
44 896
149 384
654 544
874 638
497 668
683 637
989 557
300 262
335 492
383 444
759 827
195 620
990 64
490 75
363 417
260 795
654 78
711 679
761 407
109 514
984 385
896 894
95 790
120 803
598 826
752 944
562 467
255 231
112 986
980 319
547 499
644 669
166 800
4 250
734 664
573 192
356 878
276 311
946 27
116 677
378 665
957 976
875 217
164 280
171 638
323 345
52 675
572 617
433 765
46 425
306 3
175 662
870 957
860 395
799 616
851 445
256 310
224 743
814 599
914 795
201 763
111 250
436 552
198 608
587 367
510 627
350 808
308 127
892 876
15 827
646 251
251 157
383 483
367 375
927 175
866 488
517 285
437 586
461 313
608 675
885 148
48 133
343 423
948 526
964 214
141 245
150 405
190 161
10 9
658 493
549 756
792 309
895 356
811 957
372 305
532 349
275 696
117 225
453 821
482 690
251 523
153 101
701 803
687 23
138 931
394 83
620 649
541 172
139 624
321 795
798 75
895 40
210 204
298 573
629 723
726 438
906 567
200 43
205 810
320 23
152 763
410 677
477 643
707 883
839 182
51 147
366 215
528 514
927 821
929 258
777 239
742 713
517 333
311 944
244 438
276 901
430 786
115 457
594 698
131 423
510 206
680 708
586 383
87 38
779 476
483 91
459 348
34 859
764 38
746 658
513 101
89 360
451 253
436 89
400 24
505 809
986 615
424 780
38 30
590 541
292 655
673 204
896 235
843 745
621 310
562 25
637 304
792 365
148 360
248 803
674 60
987 953
205 22
604 971
678 454
547 380
90 886
241 375
746 501
85 247
454 407
377 648
843 751
310 315
828 170
188 699
137 567
186 406
754 553
646 179
788 895
483 584
435 638
769 852
778 389
544 819
87 772
917 964
15 135
423 239
63 110
389 399
3 500
687 15
683 881
636 377
277 785
838 711
178 583
136 392
211 437
539 934
492 866
590 6
560 386
188 44
982 89
930 136
904 233
15 129
453 221
237 369
326 953
855 349
512 222
738 457
488 120
928 300
702 646
118 298
253 710
71 458
386 777
7 410
864 639
92 301
599 80
25 437
386 832
279 151
164 970
549 71
165 335
844 850
996 784
436 440
901 703
608 919
348 670
669 148
387 79
100 944
870 928
82 699
770 643
663 206
319 928
931 154
849 68
395 729
599 279
253 601
376 824
502 595
932 232
949 843
965 743
903 330
348 278
992 30
295 647
484 800
739 969
656 131
151 136
141 887
781 525
344 565
592 354
177 390
645 703
469 888
12 587
855 393
882 69
748 112
172 51
60 438
636 377
710 228
146 600
836 402
165 913
290 889
310 270
23 25
153 106
949 174
915 891
988 827
551 616
419 230
351 480
594 668
903 405
172 808
241 306
761 229
279 570
988 843
510 800
330 247
105 829
572 933
94 900
924 377
634 540
491 784
181 791
798 966
808 711
733 40
192 260
564 552
25 395
157 17
214 199
802 497
33 449
611 973
305 734
390 389
656 162
966 403
819 59
571 586
707 305
609 718
534 894
933 146
106 915
907 404
933 89
778 690
92 397
53 621
259 812
306 700
724 28
140 301
147 99
447 558
191 342
219 159
901 415
633 147
870 679
375 20
688 560
990 517
850 51
663 577
45 614
697 514
486 385
494 581
36 824
386 872
199 75
410 351
270 660
605 631
166 437
56 305
907 518
609 824
614 349
262 863
122 807
758 403
296 397
612 415
81 737
799 310
596 527
67 87
351 890
814 185
679 115
568 217
685 701
420 573
774 135
863 182
116 243
974 329
473 513
47 846
233 440
113 795
64 878
77 384
469 175
175 127
888 395
207 452
580 205
269 888
858 37
562 301
764 546
30 32
710 107
133 461
39 599
658 876
694 326
206 157
304 935
522 164
229 625
789 940
482 115
960 208
669 903
264 877
479 500
863 239
421 114
519 989
1000 497
931 30
32 127
403 964
27 158
616 814
990 52
149 109
419 833
598 121
241 561
420 789
125 597
824 747
346 273
75 841
556 235
318 472
133 649
632 751
157 664
731 742
416 32
44 951
98 675
183 19
104 264
914 223
636 641
98 774
770 931
755 910
810 997
274 444
555 233
921 391
419 714
760 508
180 881
898 481
611 632
421 924
300 640
979 453
810 749
874 65
4 568
467 28
968 49
505 69
52 233
806 857
915 908
3 387
809 159
482 636
878 752
776 738
461 243
829 522
707 349
11 537
706 1000
50 574
833 374
167 751
843 636
969 729
934 884
515 856
214 447
749 761
838 572
294 743
865 155
65 941
451 976
616 562
723 916
24 426
883 877
620 118
174 97
492 403
277 851
859 341
82 747
723 534
927 185
339 845
536 513
48 809
418 541
829 808
626 73
186 964
841 249
17 961
56 503
897 53
638 293
95 74
799 47
774 747
762 398
210 422
851 659
31 66
989 999
383 253
987 758
875 723
216 462
802 742
964 949
366 692
361 450
347 566
759 905
248 189
813 201
304 533
111 643
966 519
617 327
198 743
185 636
717 269
203 971
410 722
784 582
462 66
885 768
137 830
260 229
386 693
271 287
257 653
796 803
71 681
177 517
565 954
820 153
280 482
539 488
41 722
286 458
338 506
136 520
338 552
288 672
292 914
564 550
221 255
386 143
856 538
418 789
157 653
51 62
687 611
944 534
140 540
619 897
752 25
410 146
431 98
47 791
951 769
820 929
231 872
110 865
813 750
193 498
827 603
326 813
240 825
18 942
176 271
18 405
714 728
335 370
754 90
905 906
70 1
19 996
850 830
2 486
555 937
402 595
865 922
56 945
810 512
5 763
704 320
954 832
484 774
178 879
520 234
155 841
159 507
971 211
360 490
443 284
333 703
989 555
348 805
200 689
233 710
376 1000
687 757
282 898
686 835
143 359
448 428
401 896
20 429
325 369
8 22
279 764
674 940
980 809
689 75
700 165
277 39
299 213
624 342
257 286
398 417
826 116
253 93
39 110
483 876
197 940
711 719
264 40
363 616
930 994
598 500
187 362
407 371
698 947
272 754
617 506
327 316
781 555
220 655
281 753
27 454
287 32
965 665
13 484
633 681
933 547
848 674
241 871
277 42
534 418
774 644
214 599
277 355
100 227
113 346
713 655
317 486
867 576
523 475
573 396
175 799
790 339
347 860
790 371
772 550
661 341
546 147
468 628
978 187
563 740
709 509
964 995
962 578
851 90
931 354
659 883
22 397
99 585
846 886
51 129
590 95
906 579
504 826
572 458
738 576
522 773
937 328
447 428
818 421
438 365
951 750
202 718
439 834
923 363
948 840
67 812
371 751
503 310
588 197
149 903
539 479
35 414
828 408
415 2
42 430
668 16
672 780
509 473
184 686
468 434
369 329
952 814
582 872
445 220
731 834
580 538
194 942
481 152
633 494
553 903
484 785
696 87
446 631
277 912
364 265
51 965
169 169
650 333
356 499
62 83
917 154
371 857
103 145
820 425
459 823
555 674
632 674
493 243
528 51
180 315
825 90
958 357
685 131
355 445
318 210
102 186
601 419
644 244
631 908
483 373
167 238
830 396
128 290
677 252
512 878
489 530
442 831
913 977
106 999
466 131
400 61
18 420
470 533
683 338
130 586
965 373
595 442
827 21
892 670
27 483
589 103
214 135
183 615
185 239
108 278
885 337
102 558
284 234
236 534
816 546
689 913
460 11
389 528
384 842
327 348
633 17
312 275
269 238
932 773
175 686
160 964
229 379
640 733
843 855
355 255
831 758
34 413
200 905
12 871
772 573
40 119
917 496
376 228
617 520
843 497
38 797
798 975
242 348
386 675
787 397
931 187
24 664
888 990
885 174
567 728
81 72
300 162
878 235
927 885
585 597
14 240
966 352
852 794
619 314
452 89
510 656
489 812
668 956
661 335
15 796
168 400
383 986
89 878
214 655
720 846
176 659
221 701
401 784
968 149
283 644
927 554
651 708
88 37
416 360
86 411
784 835
436 902
103 12
638 176
10 773
673 59
899 505
316 779
131 394
96 160
895 665
876 739
566 820
51 282
263 232
125 233
716 286
859 118
126 641
619 277
10 664
20 101
39 384
979 949
58 367
692 772
333 565
168 674
650 763
362 46
155 58
294 465
51 318
331 463
566 75
220 411
515 791
676 306
45 417
404 337
367 402
607 490
342 379
683 367
507 895
978 668
142 854
868 630
654 59
958 239
40 480
935 468
350 402
599 775
525 567
570 325
859 264
725 731
380 228
605 558
807 810
428 204
70 25
971 281
197 467
798 946
1 712
29 398
849 770
731 638
818 586
580 8
449 77
936 848
773 355
231 301
877 844
374 314
461 126
132 327
555 855
614 959
692 782
301 571
471 814
383 380
62 765
857 660
677 983
63 275
34 681
139 439
163 885
297 355
198 404
797 715
388 366
302 402
750 761
362 955
988 146
704 790
107 794
930 402
948 94
485 293
771 53
69 270
299 207
513 565
963 120
754 910
857 558
136 938
125 555
346 652
644 819
638 677
116 140
783 866
772 214
36 936
874 746
987 12
671 758
67 36
141 826
382 499
220 776
488 920
540 389
897 142
940 308
286 235
843 964
492 680
585 186
781 225
176 153
615 207
676 303
995 588
734 969
841 458
212 759
341 171
342 577
918 570
439 416
632 87
630 591
418 84
278 361
562 448
457 18
989 660
834 563
265 536
901 594
128 860
180 335
542 68
97 547
910 570
304 325
484 138
52 205
776 831
635 968
363 847
180 854
601 345
96 659
615 398
963 672
598 418
695 421
291 101
911 445
226 136
751 372
242 359
22 115
294 677
265 183
278 98
841 258
669 778
774 217
174 849
229 165
675 94
433 9
194 931
302 630
605 688
606 213
576 460
4 735
185 50
270 53
764 37
654 271
832 59
21 92
789 514
42 446
76 136
437 65
308 166
238 460
500 598
202 133
358 906
559 442
110 738
340 136
264 77
420 493
261 79
739 483
299 388
216 100
573 654
285 630
860 408
34 706
677 555
169 364
490 350
683 165
540 884
517 717
918 983
751 22
443 327
238 295
400 834
652 897
253 168
239 879
967 879
16 167
342 909
481 467
245 925
165 41
597 996
666 801
794 685
574 196
970 486
345 320
965 462
246 245
464 446
145 851
867 627
907 351
494 709
525 23
607 279
691 731
748 537
709 535
349 950
71 56
573 116
227 948
797 287
115 301
372 264
468 18
624 772
192 775
329 717
602 479
905 864
810 178
603 475
677 542
350 376
56 224
554 967
867 894
511 211
751 172
997 344
851 741
718 848
570 345
978 222
992 206
55 927
891 565
567 794
281 753
480 75
297 881
480 716
965 837
684 903
897 323
157 749
478 908
203 88
312 824
286 923
471 924
469 952
679 287
919 583
704 402
633 601
795 243
577 360
243 621
868 772
129 328
148 625
683 116
161 651
588 776
246 436
635 857
879 32
34 803
358 478
398 862
683 792
984 293
949 986
624 913
898 739
977 467
913 526
858 350
822 468
569 7
133 120
135 83
981 450
618 271
592 52
782 810
623 33
503 319
479 890
848 102
84 333
544 845
585 470
466 96
756 542
887 719
125 223
279 484
943 895
391 121
393 212
384 531
259 545
274 328
832 721
804 183
757 876
819 557
384 570
384 535
345 392
789 730
185 207
542 824
886 724
939 23
165 7
647 821
312 600
100 705
861 182
815 88
567 996
959 756
511 844
276 775
886 821
26 845
63 341
795 313
242 952
56 22
448 622
627 544
884 778
956 662
528 303
164 187
585 326
218 363
394 179
528 28
37 556
330 320
882 704
289 667
495 312
811 530
916 271
777 113
740 215
621 792
527 996
529 715
385 657
954 482
189 546
625 915
732 477
462 676
536 97
744 943
957 922
95 964
824 965
905 42
32 297
441 217
919 117
240 958
381 675
910 924
8 721
408 124
720 219
958 508
224 256
766 880
451 323
862 151
221 44
948 830
990 793
602 271
53 938
958 747
950 174
261 410
476 602
150 195
352 78
866 434
486 933
299 369
917 924
22 63
101 718
999 372
844 133
15 17
717 775
804 93
163 306
103 155
105 519
620 221
143 920
953 278
34 507
20 428
691 906
947 199
859 207
944 571
343 223
816 606
372 536
632 272
188 476
709 923
473 461
118 488
969 675
787 657
6 669
215 726
609 448
911 617
88 991
573 777
433 789
822 115
408 207
666 514
921 383
302 257
737 312
457 282
60 733
350 381
413 323
164 249
66 824
261 158
221 71
566 309
286 875
456 408
841 674
1000 851
462 849
851 568
780 973
998 855
650 474
197 140
252 19
947 832
938 998
96 900
3 694
377 830
730 995
423 375
247 20
270 367
663 816
567 556
108 386
336 354
366 422
432 196
94 523
775 3
701 831
410 125
329 316
260 642
397 819
310 244
485 130
996 601
838 782
925 744
601 146
550 158
501 711
692 316
81 446
917 853
559 901
390 892
756 289
345 224
196 589
900 601
572 641
431 997
305 863
627 168
906 539
454 385
239 637
679 692
678 106
925 489
856 403
707 72
970 654
586 584
272 653
578 769
96 694
861 329
118 471
346 779
878 188
305 247
127 279
462 867
713 876
163 815
727 692
871 20
974 409
74 295
212 127
91 561
344 903
247 819
772 439
797 551
428 165
960 707
207 725
819 925
516 921
156 4
517 706
468 411
43 843
286 421
227 771
267 982
69 20
189 102
276 845
392 742
275 836
74 902
291 91
723 114
284 378
736 717
483 649
480 942
74 598
913 73
632 832
206 810
763 423
562 940
374 774
275 580
551 297
896 621
83 352
662 706
293 273
751 852
955 393
132 530
442 924
442 850
816 759
541 186
696 893
133 605
269 541
662 776
12 330
571 525
221 953
695 682
339 713
711 905
701 51
793 58
60 758
523 437
824 490
925 918
973 789
97 794
400 936
608 790
654 159
981 197
488 218
152 915
472 490
248 433
631 325
20 973
388 444
277 39
552 465
954 677
994 64
474 824
194 870
525 426
29 427
135 339
697 865
997 175
712 66
458 908
612 800
98 718
966 729
860 839
84 611
752 34
128 879
450 270
599 762
830 576
697 999
73 970
916 52
3 690
916 743
350 417
363 822
515 544
726 900
226 263
837 747
603 122
857 934
354 113
97 31
921 470
595 955
282 31
751 960
838 54
116 919
256 78
947 745
206 666
788 958
202 334
624 847
437 774
116 104
708 307
234 728
769 256
920 188
368 473
102 31
577 499
233 355
865 129
127 760
840 328
266 483
39 377
653 595
90 107
612 800
951 618
375 117
926 905
285 342
988 245
781 397
431 312
964 291
322 912
348 938
509 258
90 115
378 231
107 208
836 630
762 664
194 458
117 853
61 300
228 794
722 970
751 33
96 32
903 643
7 710
560 847
284 443
530 720
180 15
163 398
758 414
412 537
989 813
203 154
541 520
786 290
845 931
286 694
816 728
933 626
637 606
115 90
170 988
228 263
566 826
954 436
262 747
707 567
42 102
995 703
765 146
185 75
783 356
6 655
632 281
29 674
639 712
125 379
401 540
43 192
120 590
483 935
836 960
840 620
868 424
292 651
286 347
329 816
927 769
557 964
420 147
273 792
983 304
695 518
194 75
838 77
435 952
101 247
368 828
392 459
393 803
324 905
529 303
530 278
57 52
465 166
164 242
181 577
765 678
573 712
87 82
22 22
339 728
491 299
788 636
836 783
415 517
304 37
313 333
937 127
445 299
755 125
589 502
758 504
188 744
575 267
76 338
697 790
152 547
971 155
435 396
292 91
978 340
352 286
906 565
47 147
58 726
404 672
632 395
85 891
828 639
246 41
8 797
912 652
259 50
488 705
889 578
358 136
939 764
355 96
140 887
384 433
447 406
591 665
654 943
877 115
706 43
125 480
73 93
59 836
612 132
616 272
429 387
508 118
872 275
542 292
918 40
6 244
956 378
928 172
554 232
72 292
448 684
54 921
388 98
10 516
845 9
607 461
289 289
560 391
763 715
129 547
125 952
433 67
135 913
180 191
227 946
682 672
514 190
229 654
16 887
502 867
825 624
930 112
447 669
198 381
1000 720
377 516
872 766
561 583
212 106
67 882
785 560
124 207
157 851
495 550
883 551
663 472
98 152
104 52
931 599
727 158
30 762
789 774
901 154
139 954
507 714
22 643
173 755
684 851
963 772
619 451
712 135
788 54
381 7
292 622
786 598
95 771
669 505
667 224
754 21
727 776
986 239
751 269
604 206
813 669
834 530
783 145
991 353
486 676
432 816
599 443
845 471
766 653
309 45
730 951
228 601
320 270
876 35
530 95
645 527
637 937
405 618
610 489
910 623
985 298
987 495
340 848
415 574
573 832
990 795
715 887
925 291
816 397
726 449
796 890
221 842
840 92
957 114
912 932
665 686
359 973
792 471
122 632
350 652
651 2
966 608
162 863
765 757
929 34
406 796
502 137
100 245
106 431
399 497
147 477
176 790
572 193
101 787
334 607
169 464
592 325
487 441
233 73
83 381
66 798
75 483
721 126
743 363
62 827
242 958
524 209
526 512
623 180
744 639
924 883
219 812
970 165
48 454
675 643
730 257
388 445
837 650
402 814
707 972
417 894
121 89
218 556
151 467
460 440
297 42
567 96
39 797
45 459
263 768
698 369
150 207
6 246
820 966
635 818
932 264
438 816
534 411
494 36
378 897
246 870
845 784
407 214
434 413
679 408
77 86
660 174
82 57
992 936
95 230
501 246
101 540
216 68
725 874
737 308
116 479
493 271
24 645
58 668
282 301
633 846
581 963
912 769
959 89
173 432
202 259
848 204
358 306
281 504
266 163
826 554
590 815
320 699
202 782
145 184
495 228
910 778
378 340
488 610
14 177
160 671
806 208
267 318
939 227
316 935
206 909
114 940
979 854
197 625
700 87
150 302
849 199
308 290
494 907
158 825
917 671
582 43
179 878
317 728
72 264
908 827
921 11
836 204
883 506
401 269
696 219
311 964
893 304
404 545
412 409
421 997
663 263
1000 850
286 301
641 124
543 111
211 979
457 23
184 428
746 949
960 786
675 95
859 14
187 8
785 802
442 120
391 429
301 924
394 380
632 910
137 742
349 323
729 236
262 270
661 378
762 191
538 515
790 412
126 537
979 406
884 24
57 105
604 644
826 640
579 333
839 85
834 821
225 957
140 172
654 731
265 422
623 529
517 247
308 603
660 583
451 205
116 767
404 489
44 258
19 869
363 940
557 8
153 263
129 657
510 614
219 364
475 529
312 162
72 830
98 240
644 335
538 469
302 842
500 670
330 877
69 879
708 58
334 758
571 748
628 448
263 822
999 511
824 319
526 600
765 789
468 469
559 744
183 894
746 153
271 243
904 851
855 837
132 327
774 387
465 930
323 65
135 226
745 267
92 331
586 271
838 721
39 564
938 198
975 110
645 230
671 518
482 622
209 214
562 786
126 168
375 751
636 228
808 333
612 961
217 644
501 387
410 96
98 320
506 847
170 251
452 521
832 179
541 372
200 918
505 854
30 122
918 963
602 210
302 605
330 487
88 97
737 680
555 200
968 203
59 22
89 209
859 680
78 458
855 544
288 851
801 102
926 551
752 375
581 672
88 217
46 67
130 343
166 677
117 47
536 840
304 87
638 815
118 638
168 970
226 462
362 164
968 565
502 952
972 284
238 506
420 62
17 184
527 288
300 373
354 930
295 499
875 974
445 236
313 832
552 574
99 86
257 201
90 274
742 430
353 887
953 319
320 882
711 131
31 457
261 823
904 931
437 71
383 44
85 438
989 677
708 424
934 102
356 49
72 515
7 211
135 169
499 1000
599 932
686 236
397 453
833 943
959 328
671 397
35 3
518 974
220 322
525 29
42 161
403 987
289 681
950 263
65 597
842 442
529 795
629 93
791 846
162 69
899 749
459 453
224 24
629 331
361 683
133 779
299 946
352 536
706 410
371 802
496 516
476 524
653 980
977 97
232 176
81 712
927 36
721 80
777 81
64 58
657 268
426 224
871 156
146 881
464 916
141 826
579 723
65 766
636 397
787 743
664 357
171 194
761 429
79 611
70 775
970 956
271 63
828 452
582 276
930 431
500 288
359 518
929 511
414 24
310 20
428 601
380 347
867 540
811 308
598 947
750 924
503 228
247 103
472 937
168 956
939 330
258 730
264 42
589 319
898 738
206 253
942 841
188 296
787 751
829 857
393 40
233 975
799 810
789 249
31 629
498 92
87 617
343 960
762 480
606 946
687 712
613 951
986 791
586 506
591 739
525 247
190 333
612 129
168 634
260 822
233 188
991 590
862 506
123 822
519 431
436 67
710 263
574 668
332 538
643 919
238 42
697 698
339 974
277 406
65 63
581 223
552 231
101 610
991 727
799 124
386 608
766 902
353 799
472 552
989 781
258 803
889 913
729 198
694 467
244 936
405 794
118 847
120 814
166 389
970 906
198 442
718 91
954 431
736 584
550 764
807 60
211 23
249 815
504 639
682 10
896 813
420 156
792 619
901 973
154 317
594 571
772 779
837 59
445 357
401 841
119 430
973 48
739 371
689 39
120 674
202 799
137 441
835 773
692 894
999 333
446 141
858 343
896 727
944 417
110 677
442 400
314 251
211 607
855 159
988 167
740 31
342 789
71 988
114 101
458 628
238 829
733 566
858 576
410 525
927 961
104 337
160 639
857 270
943 14
975 319
854 946
575 379
815 679
468 229
187 461
109 901
235 234
799 53
131 435
297 709
466 654
328 419
872 570
608 312
256 871
985 781
529 171
855 90
50 259
737 914
653 622
551 604
905 673
85 483
161 709
904 181
389 356
311 110
890 925
652 511
290 611
284 848
314 984
428 913
539 69
77 207
837 26
204 527
334 353
120 79
685 257
687 878
154 343
430 734
943 630
756 758
116 133
452 661
48 651
334 31
105 916
427 558
434 556
690 547
14 982
742 285
158 894
767 199
338 305
79 718
423 154
790 526
650 839
834 47
486 787
321 727
385 882
211 588
962 868
158 793
511 773
34 753
473 448
887 706
623 838
729 539
487 187
380 919
948 52
829 523
573 390
667 633
622 55
309 410
665 1
691 450
588 266
629 560
502 164
776 538
827 603
698 210
855 917
884 693
341 285
916 167
140 717
957 905
950 687
97 500
943 36
178 47
714 465
313 102
886 300
967 218
59 621
400 826
57 897
981 39
983 582
755 140
746 22
980 670
994 403
783 707
727 175
6 31
232 754
615 318
523 587
276 994
899 267
689 105
347 15
923 494
785 570
12 834
742 814
948 1
969 629
999 324
195 165
52 767
874 999
529 512
103 382
26 162
204 411
49 404
212 312
259 164
753 677
988 192
536 133
109 171
59 816
955 885
245 330
320 786
933 845
916 618
620 323
491 530
198 634
675 421
194 564
638 898
804 984
316 41
561 583
893 243
889 83
14 908
411 811
530 90
960 430
688 713
232 508
671 798
754 324
108 454
491 88
625 841
528 762
518 861
898 644
118 341
849 330
929 362
30 423
312 991
899 897
372 67
609 219
26 563
801 947
408 832
234 522
842 817
436 443
450 944
347 652
735 623
98 800
916 381
324 696
614 484
86 786
434 846
232 138
456 352
270 347
700 113
774 982
775 382
173 460
759 228
864 950
668 711
867 612
745 935
597 720
933 105
531 868
319 226
167 41
699 595
581 573
662 617
498 325
481 866
230 38
368 33
575 416
223 688
431 736
338 618
287 935
866 756
950 740
18 528
508 323
231 666
470 88
666 487
685 171
209 257
63 896
48 259
627 215
342 844
43 104
938 979
328 577
569 188
433 699
9 636
896 438
588 515
544 581
122 504
147 767
271 93
576 440
75 351
440 870
319 210
683 784
995 715
530 770
866 444
383 525
242 706
587 78
875 714
944 917
496 745
37 726
802 383
779 311
879 823
6 485
588 90
280 559
24 65
102 380
103 416
927 214
469 234
431 119
561 342
659 124
794 292
682 803
608 18
192 528
126 976
745 610
366 413
493 544
327 813
879 471
213 598
546 656
446 815
308 927
487 29
328 509
787 636
544 344
961 125
36 626
855 75
670 956
760 45
333 166
772 149
15 307
45 711
289 716
2 3
300 509
172 547
242 224
435 448
222 151
79 169
569 802
439 813
237 782
324 148
486 608
548 277
84 559
788 279
935 632
506 482
973 663
912 563
23 205
257 304
441 685
687 894
36 922
971 462
819 326
841 701
714 242
614 953
43 488
515 32
170 157
573 308
336 722
353 419
256 203
565 979
478 819
276 183
152 279
914 409
188 739
937 173
173 6
258 315
298 654
93 396
455 617
881 724
166 238
866 749
439 303
205 256
318 621
1 218
895 286
240 918
37 654
567 469
15 636
787 291
967 160
507 449
905 697
303 783
372 183
230 225
27 209
805 793
808 836
448 126
404 770
936 711
651 425
273 214
478 107
776 673
121 931
845 70
401 399
305 252
323 677
631 860
560 238
945 564
373 397
442 320
538 380
960 598
576 756
794 375
269 529
572 932
659 942
581 938
740 729
465 841
584 893
719 138
89 420
960 612
511 15
121 112
748 192
267 511
451 346
733 608
560 24
99 591
430 326
38 450
352 780
29 820
849 575
347 564
955 452
567 926
267 75
361 747
436 911
503 706
6 544
778 562
372 621
759 620
761 668
946 461
197 140
158 320
862 971
135 222
95 6
478 548
267 685
536 835
641 264
50 980
542 638
241 762
582 121
16 194
88 729
272 400
286 438
81 640
836 269
961 927
569 682
100 468
407 254
742 898
479 426
159 399
472 626
202 749
154 450
775 232
786 912
588 550
56 120
615 937
35 510
274 611
641 168
897 836
785 451
323 206
38 877
839 98
929 886
966 296
115 785
805 440
908 413
902 616
224 458
586 782
885 485
292 161
528 616
706 80
253 542
931 636
417 967
14 483
33 973
310 658
215 648
904 13
138 709
108 658
979 788
800 47
917 626
852 436
679 384
7 552
459 717
885 469
554 743
918 91
398 50
788 841
760 469
369 104
230 2
651 822
714 406
137 210
788 481
564 82
166 515
221 331
1000 194
900 98
756 964
19 320
474 362
384 793
585 666
266 820
192 803
282 301
736 18
669 443
374 523
613 626
730 432
149 729
690 968
591 437
759 60
982 643
824 384
580 993
810 238
631 174
248 133
973 903
611 473
464 894
757 810
421 977
489 98
270 743
196 926
135 415
289 753
896 131
106 518
559 864
302 470
324 945
842 491
330 366
307 161
472 128
80 943
655 791
415 992
754 794
756 973
39 972
871 332
155 910
48 134
40 366
457 877
885 376
507 544
318 323
390 837
282 854
25 902
627 746
512 317
115 925
446 23
938 222
37 222
556 465
180 866
435 496
734 488
536 14
187 372
404 348
600 464
356 19
835 684
531 282
901 432
157 131
827 503
382 985
476 547
526 715
68 618
464 595
338 853
149 111
725 116
875 89
180 217
520 779
410 153
413 30
453 659
618 936
579 614
700 59
478 597
715 327
848 244
932 988
195 207
993 248
652 281
625 354
323 711
680 214
49 405
619 525
953 492
333 340
540 599
3 598
955 713
766 442
697 475
243 557
345 433
461 85
244 936
520 967
317 951
352 366
576 317
322 73
910 406
447 474
24 448
913 183
536 580
869 600
87 638
844 500
70 792
291 675
371 767
119 639
844 855
183 802
331 625
299 153
717 773
989 30
164 203
577 830
337 398
502 246
134 208
838 674
450 943
800 867
945 131
260 963
12 65
701 957
521 624
465 811
51 708
8 590
569 496
388 444
458 208
723 857
840 243
829 485
774 409
111 396
390 261
763 36
993 54
191 536
94 324
530 282
516 679
318 777
298 14
825 205
367 544
517 867
373 417
932 719
672 609
334 192
553 412
216 187
840 317
362 941
133 140
164 228
244 428
775 607
544 247
53 439
487 774
187 353
593 568
509 861
846 485
931 467
611 292
341 781
398 109
306 339
830 761
633 212
106 502
918 925
261 86
937 436
156 302
239 249
108 788
646 263
355 17
970 197
307 568
421 37
112 32
206 490
315 699
61 211
716 7
136 195
180 360
187 918
190 496
680 866
603 790
712 574
989 762
227 13
747 884
654 715
442 608
337 404
820 759
234 662
697 519
4 96
231 491
791 680
78 300
540 348
110 443
611 339
280 577
650 813
307 301
351 503
264 566
561 594
74 46
88 977
365 890
619 836
370 714
193 861
469 948
185 29
925 377
74 910
854 341
208 878
327 107
201 875
976 521
490 878
312 602
70 79
773 865
662 705
227 291
16 982
261 159
536 423
293 362
709 1
513 485
171 143
980 196
907 179
118 659
628 104
111 485
707 774
234 295
446 358
905 31
578 136
358 664
408 929
106 18
310 627
400 52
169 202
488 675
17 210
102 530
281 624
941 5
943 661
727 712
97 684
543 466
484 758
124 302
575 769
163 134
104 225
764 282
215 466
135 615
239 453
809 442
943 149
484 794
477 156
614 346
59 657
580 885
954 51
363 409
284 286
736 990
861 743
322 629
257 620
779 218
12 392
354 845
299 983
36 351
858 291
571 939
871 358
392 808
10 587
693 728
852 760
185 429
972 596
907 147
220 28
539 350
89 648
146 641
654 826
350 141
916 936
426 716
92 157
940 584
681 248
327 763
718 999
264 28
990 913
836 118
749 231
473 576
630 833
270 754
587 376
188 824
182 507
387 338
428 476
647 79
71 307
650 255
753 98
90 851
614 424
724 476
184 645
727 435
987 262
235 169
178 962
689 85
470 374
50 680
536 151
144 210
463 519
510 502
16 243
893 778
644 913
99 14
906 363
33 767
896 963
962 797
291 506
433 664
933 360
154 716
260 278
84 331
847 715
967 262
210 226
141 148
587 685
225 848
485 760
939 567
474 827
832 884
854 982
366 448
510 646
187 444
261 987
487 5
194 657
471 64
839 393
811 90
269 180
725 482
464 737
584 20
863 830
799 772
666 660
706 894
168 910
631 656
391 388
971 88
879 377
691 650
863 731
684 221
627 222
220 281
120 140
504 326
997 837
205 404
84 151
761 58
64 602
813 279
88 792
43 35
619 380
771 868
725 319
528 877
811 761
383 496
496 313
428 60
870 638
74 134
162 324
213 586
798 537
78 51
515 549
41 187
716 339
535 750
349 497
623 295
780 33
907 698
819 406
833 174
578 852
937 765
532 19
116 982
945 208
979 982
1000 618
454 171
479 655
387 80
321 191
266 919
530 69
17 906
763 931
494 392
223 874
526 75
384 379
509 215
311 472
241 788
342 855
966 766
368 175
747 649
241 546
496 124
24 696
749 375
863 590
502 314
77 173
767 683
634 67
558 990
652 855
187 800
310 352
304 410
788 478
161 957
139 387
507 546
295 53
867 469
93 130
332 752
590 423
171 720
667 559
939 274
623 145
570 297
859 911
656 755
152 340
745 998
31 299
230 111
270 713
208 354
442 736
606 627
367 812
285 885
896 12
58 353
806 569
228 313
840 96
122 456
29 75
524 233
371 339
815 389
199 745
763 12
953 895
689 268
112 620
822 496
567 649
567 282
170 228
643 77
443 783
261 791
7 907
558 958
157 169
38 812
401 429
659 688
167 150
995 211
365 443
377 578
884 855
679 132
800 716
47 599
348 86
366 404
489 644
989 882
243 913
818 256
307 461
888 725
95 644
172 169
847 1
992 298
398 171
126 286
615 150
403 925
42 987
506 14
51 772
836 61
749 741
661 530
277 595
949 588
129 977
925 336
664 81
50 786
100 625
433 440
371 891
176 751
126 742
548 4
564 758
866 790
276 615
475 368
609 613
990 886
628 362
302 944
60 419
71 148
567 440
808 782
858 821
575 637
346 873
836 765
170 723
991 74
794 648
815 389
709 234
52 373
270 940
808 488
194 139
670 475
13 380
108 854
923 989
541 748
633 500
172 718
145 192
663 700
562 824
498 223
102 56
770 985
881 18
39 378
917 712
477 662
681 614
876 780
592 774
252 230
54 996
848 645
612 642
670 212
667 142
572 714
861 867
645 477
697 518
413 715
925 597
565 117
233 926
392 272
525 636
765 545
305 382
285 406
6 916
351 253
562 753
972 128
101 273
882 664
409 75
615 13
158 269
502 174
491 540
811 573
60 272
902 102
389 844
314 52
342 140
379 156
54 129
516 968
364 438
952 699
669 307
569 26
898 343
889 317
429 289
621 202
110 153
268 472
517 416
637 725
741 584
35 59
426 459
998 912
405 663
72 230
804 892
