340 521
883 997
258 363
556 229
804 707
245 722
873 25
123 392
405 343
64 791
726 535
155 975
914 465
132 453
341 543
46 283
246 432
319 401
935 943
630 426
394 365
443 613
842 46
104 436
407 961
150 149
353 308
656 225
853 154
919 900
729 225
993 264
139 225
650 28
903 834
475 338
449 441
599 226
827 238
596 82
525 237
803 525
912 636
614 983
110 718
206 608
750 439
715 315
809 815
267 370
637 937
25 117
830 647
789 397
430 228
185 671
249 422
966 822
630 680
201 715
740 949
881 61
850 123
358 948
589 543
664 558
423 975
75 519
32 920
23 701
29 252
890 625
688 892
234 384
682 574
707 835
306 903
775 207
548 960
348 39
383 48
272 109
270 83
514 345
593 90
804 733
246 768
98 160
682 583
795 800
431 508
19 559
741 926
473 420
890 544
122 794
777 841
375 555
869 928
632 480
2 189
906 189
548 526
851 409
495 907
586 981
999 697
883 522
300 462
17 521
676 875
740 474
180 986
692 6
304 855
178 816
910 797
855 166
534 924
636 401
49 19
92 655
156 932
986 421
345 45
149 218
842 372
157 298
83 66
913 455
379 1
545 624
998 12
202 74
223 654
529 679
477 885
872 575
981 705
47 849
749 887
485 822
715 595
859 928
667 339
894 515
210 645
112 297
124 209
680 872
883 638
495 66
869 718
685 255
728 478
452 689
669 230
259 910
154 726
792 853
759 933
242 813
292 793
167 386
607 488
685 870
48 13
231 397
903 652
845 495
213 833
550 245
1000 805
188 484
460 989
636 98
281 133
655 765
972 676
570 624
65 735
858 950
142 704
280 856
366 280
595 862
301 333
751 861
880 770
455 514
983 549
367 29
508 953
566 945
855 259
121 266
230 452
824 625
861 371
851 865
935 956
980 84
682 232
962 609
15 833
428 22
517 396
448 609
974 814
931 953
55 943
951 233
93 752
722 665
953 155
444 763
964 711
610 166
834 608
735 288
866 373
227 679
604 787
5 175
129 837
215 109
378 125
478 181
143 218
12 154
663 65
640 12
298 889
38 305
84 880
110 705
389 694
489 305
619 334
327 362
578 457
561 559
984 311
202 868
487 71
470 832
639 245
807 375
117 300
340 363
45 333
735 15
494 983
605 570
1 56
859 105
227 386
288 215
464 287
126 217
794 51
872 738
130 514
423 578
985 99
14 477
514 594
939 225
376 592
610 643
69 357
924 54
665 760
625 356
507 209
450 375
926 924
558 219
77 515
955 155
386 340
887 858
924 929
630 354
940 863
184 84
381 44
7 390
18 100
789 28
650 408
216 515
408 603
50 191
23 785
969 875
267 402
708 741
384 93
219 808
21 966
620 357
600 453
499 140
245 139
529 78
550 801
164 779
938 879
303 780
307 184
943 898
783 947
9 316
151 398
622 348
516 189
802 947
366 356
497 840
205 741
226 993
439 35
717 815
337 729
694 649
442 467
514 842
644 629
534 458
387 83
632 786
100 336
904 549
831 269
51 536
958 51
823 384
110 118
646 709
341 111
153 111
734 172
157 928
924 902
744 379
800 997
118 823
944 574
842 390
46 946
847 551
137 557
290 857
816 688
827 234
916 997
380 384
584 812
757 187
671 994
37 882
683 942
153 687
508 561
859 895
281 627
128 243
880 992
410 296
643 93
725 174
805 905
754 998
30 513
532 977
237 774
9 626
923 440
133 122
135 208
180 147
41 873
812 456
362 39
525 303
59 276
703 355
143 135
87 845
159 480
920 389
549 384
511 425
833 721
685 622
74 511
581 4
86 308
81 980
718 566
370 169
739 873
859 546
367 510
876 228
466 194
354 657
696 787
84 311
998 100
85 450
998 366
265 338
966 220
462 431
582 806
459 253
14 307
82 942
293 675
693 494
472 293
139 121
168 237
747 656
348 159
851 442
887 155
993 920
44 518
801 735
652 643
806 926
4 79
682 438
192 294
932 590
373 890
81 754
408 97
478 502
659 306
651 884
714 854
833 861
795 190
274 420
519 846
110 814
187 999
123 613
138 587
543 666
398 82
521 71
187 541
346 445
978 297
735 244
638 874
198 652
670 478
659 820
250 913
923 888
778 788
822 1000
525 70
114 566
432 455
954 668
93 979
579 297
201 577
717 528
750 334
671 26
973 197
843 732
15 890
87 799
589 619
42 240
974 963
193 562
846 466
196 81
976 838
791 70
991 80
725 139
102 270
96 637
565 331
254 958
339 106
203 853
140 631
82 303
604 386
18 505
357 230
81 290
19 853
49 686
420 103
111 202
492 414
749 267
26 215
453 269
846 939
805 197
419 228
276 11
145 358
874 461
184 533
344 662
473 500
48 38
156 745
132 789
741 152
506 846
808 827
154 571
74 103
438 640
506 840
839 221
382 631
699 286
453 420
693 270
832 874
555 778
415 728
361 97
673 522
905 46
672 907
442 561
986 391
620 90
401 902
789 865
757 762
893 689
181 102
212 878
433 793
412 100
874 735
447 293
722 498
710 220
977 655
803 389
286 648
460 840
561 828
505 616
572 238
899 227
586 698
288 49
826 640
777 315
793 497
370 955
20 254
952 752
582 983
778 174
205 965
918 484
840 654
2 79
549 338
504 303
359 550
946 135
987 408
163 2
162 389
429 935
339 554
458 961
291 20
749 472
272 237
943 715
527 665
204 261
520 438
479 761
88 179
610 456
166 373
428 23
421 70
363 238
501 108
656 347
549 897
178 989
886 197
179 170
466 543
747 739
352 56
803 86
179 861
349 352
519 529
728 330
96 418
266 807
348 435
717 779
264 888
872 555
163 354
171 939
448 882
820 353
311 522
28 638
32 366
663 464
715 550
672 925
186 411
7 841
653 309
1 972
561 300
127 512
421 903
492 723
773 784
302 2
607 162
968 646
151 427
945 310
235 908
325 573
714 245
299 673
795 998
317 914
604 330
450 377
480 281
377 661
463 577
41 654
176 255
324 34
38 998
364 708
414 852
837 880
275 733
656 530
206 359
62 355
926 240
753 896
166 854
663 579
23 81
41 206
439 519
219 734
850 379
817 747
167 471
619 721
307 780
786 725
722 384
682 565
904 481
460 712
147 683
806 854
58 763
988 740
209 113
604 356
411 612
536 105
285 90
760 699
192 98
970 696
287 242
3 442
560 628
201 648
433 665
541 592
214 313
994 850
48 8
136 223
910 498
427 340
427 855
772 101
591 473
648 336
429 775
277 789
895 576
664 884
217 844
110 866
354 325
80 337
784 312
141 150
697 899
125 892
107 532
623 660
649 677
884 893
607 993
457 396
771 959
971 493
424 189
640 636
998 416
134 255
321 764
564 848
705 889
34 702
836 945
106 936
336 672
703 766
693 517
426 920
153 406
737 884
229 775
877 638
494 292
321 193
632 99
317 124
890 588
708 528
67 463
350 84
744 896
783 577
382 938
472 896
776 441
220 677
963 569
601 761
810 517
80 778
65 246
284 421
373 326
590 82
558 450
219 364
154 436
362 834
860 580
425 23
929 434
654 175
458 488
75 22
532 222
428 514
210 178
957 31
736 962
642 686
937 739
695 495
319 922
17 293
77 145
520 999
776 183
546 34
661 717
870 359
588 65
3 743
157 4
326 831
670 974
553 48
989 908
848 808
693 80
926 238
335 461
689 678
338 642
162 253
976 299
712 243
745 957
506 177
627 671
393 894
761 521
89 187
791 458
393 558
478 112
814 179
825 372
156 924
17 131
790 704
616 246
781 864
619 192
931 708
998 2
981 891
604 706
823 925
737 87
84 807
678 677
323 399
715 347
239 444
918 62
559 906
850 731
244 951
556 854
422 515
794 848
499 211
997 872
582 576
555 960
856 136
200 655
603 676
647 603
90 301
542 204
517 237
688 967
883 913
996 346
155 444
567 74
427 34
926 816
129 140
314 707
9 819
826 585
678 783
884 589
144 603
623 361
985 583
310 265
119 11
430 250
950 972
491 20
938 93
297 153
959 563
411 894
55 659
962 672
537 380
873 590
883 348
577 926
22 982
419 748
317 886
561 756
619 706
38 991
634 869
354 457
474 321
55 203
48 205
875 409
254 532
748 676
809 988
338 940
573 959
334 645
693 896
430 756
800 671
979 461
424 619
42 872
348 189
963 727
176 297
719 73
558 187
333 938
176 89
905 553
650 571
512 21
803 822
85 905
992 883
658 499
886 283
987 735
192 274
439 91
438 29
502 595
696 860
423 768
118 987
480 496
666 673
282 633
355 193
101 726
74 265
868 458
173 79
937 167
398 954
58 957
866 721
497 556
471 169
76 576
692 939
714 398
898 636
811 884
573 452
389 141
370 863
420 754
961 193
769 749
381 75
399 84
11 104
57 452
794 381
963 465
540 681
688 631
859 153
32 975
76 186
328 354
5 28
136 622
175 434
556 172
323 304
725 388
576 129
790 319
506 584
766 410
377 194
207 456
942 423
446 240
218 197
347 317
890 108
594 431
98 974
83 819
850 398
579 306
312 931
34 872
102 530
280 191
452 722
974 315
436 145
916 834
99 662
297 263
411 974
364 570
248 654
199 175
257 69
998 113
818 443
260 625
688 62
840 47
558 371
893 436
776 579
296 685
663 637
218 474
924 190
611 438
829 539
612 544
471 928
98 103
903 971
88 551
761 192
697 976
516 891
904 501
647 521
834 645
269 940
545 586
861 241
788 583
554 207
369 907
18 150
376 51
1 815
832 916
371 951
237 51
121 348
861 405
568 140
508 210
193 990
448 144
655 552
114 410
86 196
345 187
49 402
967 718
292 885
389 878
410 971
839 905
188 702
594 732
648 666
631 523
134 348
828 588
333 732
489 475
600 725
236 795
915 639
785 699
711 783
196 944
959 723
864 308
405 610
917 427
835 207
563 496
213 554
524 256
880 176
288 24
220 55
233 235
960 948
333 484
851 580
879 672
943 333
709 822
716 43
913 736
462 446
165 822
533 968
719 228
930 901
510 473
560 261
899 626
941 352
399 970
883 863
563 71
224 599
309 23
101 947
666 477
131 294
262 964
477 544
780 257
180 585
6 412
113 193
275 132
535 877
280 745
918 207
841 524
482 847
681 549
639 443
109 268
228 877
385 828
209 769
753 854
492 426
954 246
848 465
933 924
325 302
612 547
393 75
567 94
201 404
817 783
384 553
164 520
343 168
568 740
857 510
676 57
734 340
569 158
848 814
388 39
979 485
132 635
109 85
334 835
492 320
296 387
147 549
571 742
403 217
748 311
602 482
646 679
802 206
44 796
704 721
150 935
106 128
59 138
659 162
114 175
835 679
706 688
177 314
24 202
207 340
300 41
905 905
539 809
670 53
632 602
732 833
855 289
87 82
747 49
180 132
319 334
20 349
14 698
820 92
859 245
631 139
547 952
250 651
939 758
290 923
526 222
597 849
771 486
646 373
6 564
481 822
153 462
695 952
490 623
509 914
987 998
918 901
39 371
86 860
858 721
209 499
208 534
392 982
82 854
812 919
353 760
461 476
723 236
258 912
157 241
587 596
689 564
599 960
559 403
309 174
922 664
920 964
979 840
863 908
56 339
721 755
59 109
987 513
638 404
247 616
981 901
4 655
598 302
712 988
107 48
797 687
377 425
526 943
550 131
555 564
419 489
931 875
104 741
955 156
928 200
341 335
569 32
256 652
778 805
432 416
113 563
382 355
99 657
992 640
548 691
606 639
270 218
165 82
803 782
144 715
679 900
597 486
663 228
419 660
534 854
452 702
712 554
958 229
304 666
444 521
77 805
718 865
153 226
462 625
158 227
761 635
285 385
794 56
896 921
436 985
749 803
862 364
165 746
119 337
906 863
922 569
362 267
243 709
129 563
294 162
574 853
674 1000
589 402
764 277
466 295
741 77
824 306
31 840
672 287
2 46
632 170
613 796
477 923
628 298
249 229
475 296
586 381
307 733
910 486
357 72
845 54
659 887
442 488
548 877
383 847
168 540
104 261
90 988
888 806
733 92
870 480
581 649
340 624
420 85
779 162
132 888
810 246
659 269
21 589
413 726
235 282
690 533
866 966
362 730
262 7
891 538
960 931
395 847
132 559
69 137
233 369
809 277
809 44
268 930
226 116
931 106
67 470
345 469
106 859
347 60
78 457
305 352
872 256
702 58
39 474
737 515
976 499
896 572
118 202
683 322
846 903
257 620
224 513
924 160
827 554
641 993
729 918
854 993
631 809
533 870
176 452
985 517
188 488
758 352
42 460
909 148
191 922
273 211
141 389
48 858
516 465
980 50
430 446
328 778
713 605
939 828
307 138
835 981
878 119
659 645
791 884
953 301
89 639
559 298
412 561
414 198
928 883
481 612
482 531
230 369
976 774
20 383
42 200
710 985
846 812
939 492
621 776
190 988
977 563
716 605
218 104
200 345
82 53
388 141
692 938
793 922
390 433
177 391
325 2
552 433
450 98
961 511
290 65
493 512
953 510
40 405
329 563
130 160
309 48
962 677
950 609
175 913
679 922
125 672
2 895
269 899
146 667
461 373
880 301
846 881
620 378
598 649
320 867
424 921
24 74
762 476
600 620
235 919
22 32
227 181
909 293
705 555
356 472
283 601
867 330
826 717
22 393
172 616
586 538
257 462
193 999
277 857
70 521
258 743
635 518
766 182
782 804
606 186
636 741
963 55
224 793
771 414
691 350
151 9
25 128
333 406
415 657
234 38
809 715
738 204
234 462
388 713
169 629
446 747
393 956
675 135
978 609
573 156
379 469
273 98
561 509
153 810
38 288
970 543
126 36
95 81
431 59
6 722
716 997
545 967
495 648
893 577
380 889
885 323
422 633
606 880
192 37
192 828
940 747
256 811
686 801
835 126
749 204
102 666
401 883
529 242
535 993
814 400
757 293
665 788
150 441
345 378
323 185
179 228
973 86
799 215
678 512
715 933
566 589
926 798
885 919
803 61
971 933
263 309
301 813
781 745
516 786
547 909
600 148
174 640
492 406
608 97
241 999
366 158
75 543
841 404
474 221
146 408
689 740
599 130
377 946
896 620
107 293
58 884
154 288
945 848
758 541
11 892
439 202
29 475
17 611
447 376
296 448
359 355
168 872
789 590
905 648
587 493
841 259
855 793
787 405
212 706
625 560
162 949
728 563
587 145
514 984
152 185
762 329
217 468
553 747
840 863
27 48
42 512
304 338
922 970
167 208
900 174
177 711
637 1
708 674
64 193
895 509
947 990
331 764
674 834
650 256
827 377
543 600
817 572
87 666
505 690
131 14
203 219
852 219
741 563
115 284
611 594
295 421
800 116
448 951
519 352
989 382
437 471
887 578
184 563
529 753
636 495
814 771
119 29
804 178
61 328
59 832
125 391
611 281
260 72
273 187
445 52
315 205
322 467
824 639
248 580
67 53
891 942
385 785
728 503
43 367
350 405
429 572
161 870
300 452
825 638
745 453
772 967
272 5
218 220
56 225
586 748
865 964
248 534
872 580
268 506
801 317
936 919
329 296
568 546
52 576
171 336
306 362
452 897
372 192
991 596
108 212
214 491
179 404
289 556
985 804
656 165
71 275
993 954
97 225
285 746
148 879
60 833
885 770
299 778
535 845
862 414
708 620
777 715
161 272
36 654
697 829
617 981
119 69
399 233
561 754
407 477
405 970
230 277
945 589
59 903
133 716
629 383
63 937
919 306
519 420
362 991
830 110
932 796
886 35
56 306
23 666
566 410
92 432
752 469
788 246
942 912
475 586
561 223
161 717
329 571
758 76
488 184
598 570
796 101
23 826
992 720
791 982
126 174
138 719
545 520
957 364
726 680
458 234
33 298
402 177
967 951
694 84
907 499
938 937
708 832
763 125
234 669
542 631
810 967
186 102
803 313
330 686
83 562
441 352
378 75
3 304
511 807
808 696
456 958
581 421
691 631
426 555
548 613
29 674
820 230
597 695
875 216
895 298
778 948
715 584
798 303
477 804
373 939
251 593
670 335
927 26
98 401
187 967
752 144
558 703
576 938
177 302
264 919
965 745
338 505
566 142
175 650
278 702
770 298
101 761
93 722
137 444
388 526
993 741
289 747
508 457
999 276
572 220
916 903
658 341
269 536
729 881
291 901
586 670
641 577
959 730
568 919
281 819
36 629
695 458
720 924
730 65
188 822
142 231
375 4
325 681
487 842
161 149
231 556
495 180
953 211
61 847
115 563
164 923
241 141
362 671
890 787
559 432
716 627
98 589
913 168
64 872
308 944
988 861
783 723
565 805
298 733
614 263
935 849
418 840
167 987
633 425
509 191
552 197
40 950
797 591
622 658
460 783
646 200
58 290
793 561
759 355
317 481
718 262
56 121
778 458
26 804
741 305
546 899
784 210
53 294
365 965
701 951
199 776
395 795
864 789
883 724
589 782
99 634
407 181
836 357
562 415
907 895
72 713
135 230
256 372
736 903
315 330
540 921
267 780
935 631
411 764
827 899
845 824
945 178
495 46
256 832
437 227
414 655
515 154
669 97
693 266
45 205
242 378
815 853
57 617
172 388
726 380
660 28
398 380
362 173
30 399
191 608
464 25
926 3
962 545
103 691
953 619
701 658
871 511
887 726
410 590
202 634
822 747
715 150
156 104
873 432
450 691
185 447
220 179
722 360
739 530
921 137
154 87
564 116
400 375
281 229
159 930
726 714
567 479
371 759
273 944
548 967
42 367
251 976
728 487
988 169
201 347
178 769
746 17
1 222
894 421
388 368
128 320
536 924
647 132
579 676
376 990
850 15
18 754
262 286
518 199
776 720
253 367
432 112
241 378
97 920
479 350
459 662
549 369
779 475
611 594
566 644
875 994
898 561
960 943
717 986
280 266
405 654
67 615
524 590
98 135
417 288
222 365
746 186
636 109
696 295
792 287
973 577
331 604
543 4
728 816
178 847
3 964
616 976
205 717
199 534
369 781
351 219
925 843
125 434
205 869
101 420
178 106
24 437
427 447
582 241
777 292
703 644
