15 428
704 975
24 18
823 289
488 530
379 634
155 379
200 504
838 574
317 39
807 874
231 452
833 209
562 28
71 950
470 356
262 837
480 627
202 955
326 207
447 385
624 448
290 698
562 670
207 54
879 31
728 880
3 473
992 776
268 880
545 189
245 13
611 976
715 136
757 506
606 960
954 116
949 394
971 150
243 458
337 112
586 709
594 920
383 297
430 225
459 356
213 460
313 100
101 853
560 963
783 832
260 74
318 773
998 41
515 612
171 985
688 486
420 931
792 958
413 95
698 775
115 49
259 926
881 830
891 259
953 383
346 547
372 382
629 6
773 181
398 213
27 416
838 461
867 893
53 862
926 79
396 853
761 695
855 34
380 82
690 931
27 783
888 451
890 841
325 214
20 161
369 530
267 233
590 567
710 276
911 332
250 651
18 91
185 28
147 138
90 967
191 384
104 950
839 39
436 748
840 515
119 226
224 106
447 103
230 916
444 831
163 327
437 316
82 267
942 849
130 755
402 799
435 297
988 120
237 511
520 675
986 488
787 173
459 72
23 268
980 200
843 905
888 864
488 336
719 467
236 688
151 994
235 64
854 281
717 315
442 173
845 16
195 254
652 543
425 566
781 288
750 956
297 673
363 966
409 132
270 499
126 482
704 97
957 680
5 999
810 627
910 84
797 434
773 83
454 52
972 78
713 80
222 756
688 240
636 362
947 51
537 956
418 736
344 962
968 346
413 669
115 883
803 214
392 145
45 946
564 731
802 1
11 606
223 318
528 592
387 993
948 746
3 682
274 704
712 675
815 367
429 311
949 376
569 178
420 43
788 769
707 825
234 452
288 850
411 731
653 513
55 164
560 545
961 458
891 820
724 675
946 324
429 52
906 908
531 66
445 155
926 554
729 701
656 307
953 641
558 446
179 945
25 342
725 436
480 580
381 395
909 787
39 122
757 993
463 536
956 172
621 834
490 876
777 187
974 925
48 250
375 807
899 920
833 144
121 200
630 59
447 40
107 69
118 363
252 73
998 15
252 240
784 23
177 737
478 212
897 104
983 964
775 181
383 873
843 16
842 893
62 325
960 883
880 512
368 9
236 648
543 9
849 821
324 128
174 907
277 219
723 223
688 380
860 991
491 92
154 293
667 480
567 740
7 383
670 588
780 85
538 752
563 784
828 122
709 447
235 974
612 659
143 516
384 293
615 927
892 320
693 146
923 583
110 770
456 705
649 138
437 785
191 979
507 895
661 916
728 41
508 592
715 440
617 610
964 252
656 986
887 478
574 875
918 240
406 977
262 146
798 490
805 522
314 282
158 724
293 27
924 855
478 115
804 754
969 929
546 99
96 443
853 753
68 584
997 14
908 365
706 968
717 970
562 600
21 848
399 279
529 324
920 696
458 894
940 398
615 725
266 405
925 686
549 813
575 808
861 622
212 995
226 973
122 550
954 387
57 706
176 820
611 407
912 987
293 339
466 594
984 359
717 220
696 837
227 116
334 418
896 620
404 541
851 613
858 777
546 800
634 563
266 620
147 440
892 208
777 240
806 118
897 155
815 686
637 172
184 637
655 581
34 126
749 538
896 775
793 868
781 300
653 870
166 257
399 516
789 998
308 399
896 126
880 343
770 9
948 502
686 488
51 586
608 672
857 86
369 211
610 658
823 878
230 439
11 836
22 682
523 905
935 95
739 814
669 382
321 611
525 850
700 154
797 655
86 249
259 853
977 181
321 779
390 265
159 604
856 100
946 945
704 663
717 805
411 780
338 923
676 50
394 63
789 276
115 69
510 174
305 251
688 382
438 451
288 670
451 699
835 781
358 449
713 536
607 517
522 101
911 827
477 666
184 312
405 329
484 937
414 433
198 835
554 981
9 650
175 812
679 372
909 254
472 959
501 253
586 556
700 108
769 433
647 81
776 681
505 588
511 711
502 46
856 343
482 375
941 783
846 240
736 349
324 883
305 952
219 642
677 177
79 451
73 654
331 659
137 679
202 351
871 288
137 826
556 369
806 645
677 209
471 408
447 523
149 931
985 546
228 457
692 302
989 267
79 742
46 972
354 271
945 805
210 45
62 636
425 251
621 228
104 158
403 15
234 791
252 694
935 527
355 531
700 404
99 335
528 6
496 969
386 175
134 806
486 535
253 65
968 767
249 77
328 751
373 620
836 640
413 337
218 480
27 257
669 867
826 801
961 373
371 824
332 807
548 620
22 793
614 294
718 44
999 395
856 186
217 33
69 316
553 105
440 525
516 200
775 300
136 504
98 831
284 468
342 446
886 872
500 819
158 94
400 192
790 640
996 607
35 196
369 199
793 153
990 614
938 294
407 586
381 709
431 549
369 513
374 732
519 160
70 357
890 89
107 37
236 811
195 73
948 760
222 304
608 180
45 333
215 491
778 782
107 999
615 851
694 668
983 256
833 68
95 208
56 389
59 728
230 707
34 331
68 704
350 666
486 262
285 32
879 680
118 722
515 324
313 124
514 430
94 936
970 702
911 259
968 616
458 794
49 389
604 61
819 253
474 751
680 74
469 616
666 836
435 790
1000 20
408 719
330 23
604 358
193 65
306 675
600 142
918 2
16 793
463 408
556 760
873 467
628 13
88 833
284 464
488 911
507 17
775 569
609 785
387 785
762 886
534 371
600 639
758 123
198 142
187 747
963 949
921 349
382 525
810 832
49 80
773 636
733 896
89 773
390 480
897 827
184 204
990 767
383 540
944 312
956 61
739 29
915 922
925 724
658 461
579 57
300 99
173 166
588 554
77 79
280 407
945 891
221 210
253 535
676 90
293 154
134 971
219 634
578 985
617 48
111 440
984 965
157 573
990 271
155 668
401 876
512 865
434 538
476 337
591 559
965 855
166 240
753 652
459 418
382 866
694 252
832 950
862 550
546 842
235 892
446 309
396 786
63 419
308 119
352 471
457 959
158 258
871 845
63 823
642 147
280 79
474 657
751 281
918 6
730 240
657 548
976 716
306 297
338 486
351 149
18 458
878 170
576 6
874 704
862 638
461 717
659 571
787 163
468 263
459 625
708 104
128 804
250 144
409 370
847 325
631 363
900 988
621 151
23 294
417 279
469 378
868 673
694 628
967 166
628 509
637 281
581 118
632 24
319 114
475 428
798 205
20 847
181 543
33 653
858 854
501 105
313 179
803 27
773 402
395 134
448 4
726 684
863 511
960 36
904 16
565 204
997 123
371 243
146 158
435 802
836 847
757 13
806 122
462 884
220 362
925 123
75 932
258 636
601 792
668 210
979 491
862 214
27 841
485 571
633 698
134 405
778 669
14 213
802 773
909 449
987 38
29 960
912 497
741 126
921 385
266 980
230 789
44 994
10 719
402 124
223 731
73 816
774 86
113 307
581 28
817 624
344 751
379 750
520 516
19 316
359 796
214 370
309 593
201 606
148 783
939 879
957 541
841 886
794 134
951 40
520 617
688 639
996 588
521 166
762 22
615 409
341 479
807 139
979 50
228 913
383 878
595 767
613 309
40 858
677 995
204 424
416 258
206 263
195 164
184 778
154 512
146 970
234 61
271 259
971 283
7 557
651 533
425 908
107 126
522 646
452 342
760 370
64 372
700 960
862 76
474 173
635 517
563 631
883 415
841 961
975 579
334 99
894 81
49 939
267 677
179 766
487 800
858 442
707 816
980 693
423 474
589 806
875 827
507 782
930 566
289 689
36 103
245 66
145 858
501 498
360 319
656 84
866 316
299 623
90 732
365 497
872 21
671 494
513 304
37 289
906 444
942 879
92 4
102 149
276 97
164 510
608 890
717 455
28 289
184 874
816 927
166 685
447 962
49 730
491 218
324 970
20 722
977 343
153 233
438 998
786 331
82 412
15 484
355 513
609 988
442 12
783 490
245 679
155 717
541 636
779 931
931 911
531 165
479 618
415 398
663 505
723 143
785 706
141 571
811 973
360 317
919 790
860 225
240 982
423 328
263 540
758 705
230 933
705 546
584 339
724 210
177 51
386 11
93 50
971 269
510 515
988 540
503 120
709 824
339 596
24 706
1 330
20 221
634 874
7 525
657 976
645 473
975 36
105 347
946 657
826 508
166 626
81 710
562 800
639 249
559 297
592 215
362 264
553 263
429 445
549 274
239 570
679 518
38 718
943 236
946 771
981 559
800 538
730 772
746 321
254 798
257 589
522 512
860 461
589 709
551 876
976 751
51 136
500 257
949 72
420 362
810 747
742 736
256 734
128 527
61 172
577 629
289 231
70 328
108 501
458 407
58 462
997 969
113 601
35 949
425 97
688 310
842 949
687 29
364 60
634 190
343 442
414 712
358 337
271 944
799 501
112 345
742 811
683 998
560 123
512 477
631 410
680 774
838 770
963 183
114 615
682 902
329 978
485 740
869 549
984 738
834 973
123 362
606 907
894 184
613 435
581 162
486 46
760 323
956 957
947 350
342 153
876 939
54 708
272 793
815 34
915 337
872 354
857 875
641 365
784 84
987 301
877 708
126 498
30 98
11 562
184 679
944 355
143 793
110 124
5 664
136 1000
179 218
734 19
423 266
596 163
992 257
735 286
937 678
907 593
867 278
684 769
869 153
883 424
92 516
170 239
955 509
265 100
22 697
611 164
161 899
640 547
817 450
200 633
843 726
157 709
546 358
409 711
297 18
363 563
163 714
106 515
637 503
597 968
434 574
542 998
101 74
382 555
250 821
425 474
901 361
155 651
357 3
877 736
405 219
324 927
903 876
443 769
824 741
490 650
286 57
77 475
162 133
999 807
757 88
259 633
430 697
870 286
311 572
14 520
813 982
357 170
900 186
990 886
360 870
870 953
672 604
894 742
953 619
677 646
114 300
111 458
144 808
696 276
220 268
585 841
244 408
881 909
585 612
988 267
346 44
743 761
168 663
108 902
264 658
304 698
82 933
538 58
924 300
913 439
237 492
194 942
801 275
870 264
140 463
443 157
359 807
202 154
353 440
129 881
770 40
748 112
559 696
109 129
348 831
265 523
563 629
874 73
394 191
281 19
142 18
897 442
377 457
255 711
748 164
63 135
953 489
402 82
682 798
4 901
892 122
309 136
144 406
633 207
292 442
311 844
326 919
586 500
814 500
376 988
757 59
934 750
422 264
138 807
925 131
967 610
169 408
245 578
289 400
205 152
514 321
254 545
261 464
488 829
970 762
920 99
102 249
311 334
23 960
627 2
6 338
544 878
506 854
77 623
211 599
340 134
663 254
365 505
788 149
16 409
473 383
795 171
316 179
274 992
13 602
624 618
199 455
982 102
846 92
828 371
997 713
721 945
324 150
836 741
267 231
995 750
441 803
816 266
144 964
651 273
702 555
357 730
908 566
626 192
443 403
146 893
49 191
383 812
13 338
371 618
764 129
778 372
323 836
848 237
331 371
671 77
485 606
804 494
860 308
260 644
843 123
449 962
102 99
595 45
488 292
498 370
754 461
645 638
850 372
511 148
544 800
16 51
573 494
599 808
163 818
930 31
618 790
741 791
277 568
596 846
750 299
41 172
3 391
846 445
713 617
714 140
978 104
782 194
623 264
372 505
272 406
620 109
88 310
109 329
611 481
897 64
977 512
931 635
930 216
958 324
169 30
540 414
440 675
817 328
478 397
302 800
88 392
318 727
575 800
965 633
822 647
176 434
244 382
765 874
149 478
667 316
254 736
97 84
268 194
912 401
390 746
592 404
284 864
858 372
837 177
702 143
51 256
760 732
961 579
24 111
616 623
689 619
18 210
184 835
156 167
467 597
173 239
427 611
941 569
637 366
77 606
407 362
15 693
862 390
212 491
566 262
528 358
69 380
36 988
887 19
904 851
99 407
65 135
276 610
485 977
352 393
883 875
819 346
477 653
14 771
35 8
596 416
228 913
630 418
780 766
964 541
846 97
250 884
538 346
533 79
769 794
724 773
960 13
439 407
880 999
296 806
381 314
464 244
229 61
465 858
487 802
625 292
64 465
320 821
179 603
849 108
922 975
940 965
208 992
353 827
8 1
624 810
787 353
720 887
807 392
533 404
943 97
648 881
637 838
746 998
838 335
964 133
237 200
129 501
957 594
181 283
856 731
59 179
510 480
871 626
541 178
958 127
186 506
932 705
205 154
149 1000
286 315
847 428
293 974
14 806
60 599
574 561
776 65
329 991
881 966
313 790
172 848
305 581
984 338
558 210
27 785
902 508
530 24
586 88
842 92
624 375
353 137
47 896
727 932
392 13
560 470
952 89
270 417
697 217
311 472
921 107
725 96
275 901
698 839
884 407
175 551
961 87
573 69
473 356
431 140
936 581
453 884
344 370
691 927
718 548
500 660
216 192
755 390
514 181
482 975
442 513
264 303
584 710
701 436
966 571
613 728
795 944
174 195
965 737
617 618
171 983
535 315
411 118
269 484
89 902
999 918
76 972
709 601
26 976
445 565
970 453
391 392
797 931
137 651
951 211
214 91
941 650
348 439
311 689
327 220
679 839
348 161
282 787
143 515
356 275
699 126
469 448
35 836
952 290
807 836
385 801
401 79
953 743
231 258
498 876
266 556
946 39
790 448
27 350
494 272
387 885
113 304
726 288
696 924
865 311
497 728
789 25
165 997
945 293
515 460
550 205
643 656
671 193
231 195
925 892
90 497
723 115
470 643
864 970
428 672
143 207
656 548
510 432
754 696
70 989
402 254
891 166
329 677
832 615
872 84
609 313
644 547
573 97
787 649
686 680
156 507
503 893
752 690
381 52
343 334
286 385
118 487
675 171
591 296
927 476
225 864
882 984
185 929
606 324
41 796
821 822
526 12
287 741
613 62
913 582
794 68
427 612
898 93
217 161
756 711
617 49
668 466
289 631
85 684
917 63
309 232
837 791
400 534
458 428
244 509
896 403
804 393
558 182
515 484
927 265
405 344
351 185
572 510
221 442
650 938
371 350
504 806
667 516
786 959
90 35
444 365
996 285
181 703
29 268
87 109
41 538
651 878
790 682
862 8
886 659
586 187
882 545
726 399
948 761
374 300
977 745
914 981
403 366
671 479
378 699
504 608
642 190
417 558
726 417
183 959
670 883
257 89
928 41
917 98
881 352
156 145
850 231
859 453
597 959
468 107
17 14
569 424
943 276
4 959
102 596
52 120
100 505
35 181
184 205
208 48
211 570
665 663
139 756
227 25
797 666
464 605
839 868
67 549
953 5
327 170
504 840
542 521
164 778
143 837
363 377
354 351
567 621
587 458
765 948
16 663
191 564
528 150
131 105
732 747
28 154
718 759
66 845
93 608
453 602
306 200
666 123
307 225
497 73
437 743
860 137
529 695
497 157
954 997
742 381
700 230
356 783
762 496
409 147
682 458
623 311
520 65
112 166
618 35
451 962
469 154
846 93
774 112
574 499
250 120
391 85
141 618
846 280
200 648
797 158
671 637
734 999
503 221
967 222
504 710
455 483
774 327
199 184
232 962
476 137
143 124
509 868
922 861
377 392
841 362
513 836
454 121
163 969
417 444
687 530
756 55
427 577
67 835
412 709
30 55
435 880
712 333
978 197
423 257
841 292
775 270
622 460
718 430
14 189
307 962
302 792
451 259
438 151
77 580
805 276
720 921
717 556
287 104
515 797
959 930
747 910
188 226
757 509
494 200
294 154
17 350
365 620
951 442
288 467
112 687
894 804
171 505
697 301
249 505
307 538
132 932
823 951
261 375
390 362
864 310
486 927
650 506
86 157
656 449
215 813
523 255
738 75
647 357
371 793
489 609
307 47
612 929
960 637
327 722
803 294
378 725
17 829
795 547
504 570
859 828
700 144
41 8
702 494
840 164
52 771
58 485
412 221
602 114
840 678
598 552
277 438
459 993
389 796
788 127
822 905
870 405
342 891
912 329
619 696
511 18
456 575
70 364
758 400
407 226
285 688
242 130
505 910
717 337
27 390
461 273
35 762
686 988
950 544
806 462
934 522
892 676
76 528
559 491
451 280
269 302
681 552
29 781
595 927
689 771
454 476
458 148
866 894
126 754
281 878
732 573
399 315
460 399
808 97
127 816
718 161
363 859
369 790
762 939
826 396
583 184
317 547
542 180
925 557
345 645
113 466
732 518
567 591
143 95
837 278
543 5
134 709
264 770
207 962
968 265
524 721
275 446
966 258
337 204
53 128
575 884
447 406
896 797
739 853
349 45
968 266
283 336
124 912
548 37
647 170
799 873
886 817
13 336
63 731
589 987
930 815
612 565
419 223
749 618
244 311
62 553
639 623
576 159
815 686
45 628
763 868
896 802
664 813
234 934
878 287
145 330
278 332
465 976
78 952
457 231
326 341
841 563
233 137
373 942
159 15
234 473
383 314
742 250
416 262
236 677
785 971
807 973
700 301
832 96
403 353
506 147
602 777
578 552
166 409
421 327
316 993
662 8
221 371
652 476
792 504
398 711
202 526
560 52
774 916
583 801
650 737
126 175
716 622
462 165
738 896
192 662
185 165
492 434
293 105
195 407
763 987
468 533
245 714
619 406
364 291
110 601
352 628
655 117
489 601
196 913
520 758
97 268
863 666
503 365
543 942
361 863
328 932
213 135
578 346
650 383
413 533
659 698
347 97
371 586
435 235
359 568
835 167
624 368
507 97
871 625
382 122
303 263
39 666
767 582
705 393
258 910
288 871
618 327
894 99
408 180
20 512
600 15
353 148
613 831
584 19
432 848
475 46
376 848
457 429
108 67
437 346
721 828
53 736
464 406
894 84
616 145
143 566
798 299
554 497
225 248
772 733
370 174
452 367
411 732
407 658
656 502
73 296
684 43
392 968
794 144
707 679
85 204
17 562
426 946
197 957
152 208
37 629
799 941
143 461
787 418
48 442
385 995
612 985
889 692
572 339
531 876
180 954
873 556
462 4
235 814
772 975
849 714
739 365
441 187
282 78
651 682
631 448
859 358
91 236
666 493
321 262
304 821
866 946
315 507
8 895
957 160
111 401
338 93
678 691
897 544
393 565
421 878
