11 188
745 482
781 294
40 654
9 634
755 980
178 183
74 404
4 427
874 620
493 889
392 888
434 577
761 83
773 237
738 314
561 209
993 200
566 873
373 159
36 263
878 610
437 696
40 837
365 647
577 864
148 731
179 931
125 911
934 112
211 337
931 13
340 966
972 731
45 643
432 106
449 44
422 570
282 631
608 14
860 697
977 794
685 559
494 63
205 93
155 634
159 146
216 995
683 498
579 41
999 600
666 137
735 475
166 472
1000 147
738 206
54 24
657 698
256 13
46 955
376 657
102 728
906 52
886 792
865 521
539 989
362 225
517 563
752 308
427 644
185 965
502 62
149 735
603 617
781 495
84 406
173 33
305 795
604 485
187 563
606 922
382 198
860 102
894 313
408 625
461 502
206 649
9 898
427 869
871 978
798 179
847 92
743 17
494 578
367 381
14 525
832 685
601 30
586 321
333 239
341 201
210 777
919 879
263 480
914 36
900 851
321 257
262 436
180 769
228 569
659 128
393 842
77 735
956 526
336 203
31 801
794 987
639 986
729 458
175 2
488 726
133 705
319 689
299 785
13 472
316 863
967 937
803 376
374 478
382 298
284 827
503 159
165 128
208 314
897 127
942 356
811 292
442 303
244 973
728 300
120 854
827 600
997 532
749 322
605 216
833 670
4 518
363 228
925 803
876 745
354 355
519 79
957 32
323 202
322 326
120 190
506 484
427 53
187 572
467 35
491 109
661 630
462 320
94 540
791 878
758 370
387 436
344 792
31 189
893 809
682 659
243 903
662 743
177 699
396 337
74 897
240 987
483 349
517 533
23 760
78 115
42 942
54 747
215 818
601 772
11 193
270 672
37 7
391 956
534 169
332 125
184 997
312 1000
547 53
229 284
755 391
850 915
792 137
659 943
844 889
942 484
197 279
963 337
535 70
697 589
206 383
411 752
881 156
436 438
119 109
987 657
148 875
416 686
28 721
890 818
717 258
445 44
668 93
127 28
207 380
707 679
641 665
883 687
172 655
797 296
537 476
632 846
524 460
99 661
459 896
697 659
814 567
197 663
492 238
396 757
107 38
382 978
648 590
763 225
477 366
506 536
113 449
620 282
719 12
842 801
340 407
796 683
314 208
490 986
701 650
875 704
535 147
253 133
537 911
276 855
24 480
727 953
446 677
833 930
422 940
62 268
224 663
701 927
913 196
613 911
802 776
380 581
367 280
247 419
710 82
654 117
261 728
830 647
132 709
393 889
992 285
608 509
768 993
35 758
723 759
61 425
251 775
449 434
176 811
569 650
838 281
50 284
402 250
866 802
868 86
466 592
365 926
697 467
279 738
23 678
1000 424
459 247
958 207
430 521
889 460
202 418
198 693
963 64
701 713
101 432
533 180
45 761
832 608
802 38
881 659
529 769
72 604
274 115
881 609
553 766
894 288
541 464
417 407
571 887
896 65
396 522
282 589
150 424
294 725
194 318
224 217
446 975
843 557
96 920
542 459
112 905
287 619
910 655
218 195
583 256
806 613
573 66
136 555
829 76
587 26
332 811
705 740
866 293
138 29
991 442
850 377
837 368
372 619
644 101
662 663
406 100
242 887
163 763
896 966
270 102
141 67
1 477
420 830
408 429
937 154
598 854
630 569
660 112
341 547
754 234
54 560
24 54
408 138
861 141
170 449
145 185
333 76
505 178
769 101
63 871
606 131
974 305
750 114
147 989
955 198
262 588
736 44
365 269
689 852
26 821
780 960
708 258
762 199
545 262
802 426
529 602
192 962
92 875
616 470
709 952
936 364
371 193
643 496
913 392
711 840
541 691
831 649
989 660
767 27
314 19
712 112
897 6
846 785
731 553
473 417
282 80
790 699
984 799
730 279
870 962
660 773
935 279
561 782
378 968
568 450
737 475
41 585
208 50
79 756
98 20
287 385
672 565
570 974
118 116
977 448
611 960
333 621
294 66
947 893
182 606
409 598
822 489
208 611
326 127
651 975
905 117
402 656
886 808
523 1
826 591
807 974
957 649
442 858
391 683
364 168
179 576
914 43
944 403
185 207
6 799
882 783
761 805
167 521
608 310
565 483
119 921
301 807
864 425
272 975
622 423
814 368
685 514
746 700
261 272
270 126
20 652
586 769
448 439
154 279
381 618
439 673
171 945
429 480
333 606
250 645
677 351
355 525
331 387
460 952
777 842
942 358
757 515
591 346
405 152
268 131
494 22
296 97
987 818
515 282
711 920
582 155
746 388
481 108
300 361
261 271
89 778
471 661
75 988
788 185
353 255
376 257
221 78
508 849
918 349
640 860
684 111
211 694
619 813
165 1
133 703
148 957
942 672
710 63
132 847
417 150
602 423
533 503
289 951
722 15
715 342
324 75
669 38
776 301
211 809
169 368
995 720
498 765
470 808
171 671
857 904
407 525
577 326
795 459
910 335
831 667
503 943
693 102
986 844
719 918
117 917
147 355
32 673
74 321
955 609
804 737
489 109
440 80
829 743
137 287
152 170
100 263
565 557
710 287
195 582
266 722
511 22
159 361
889 549
119 592
626 693
775 358
389 479
714 436
703 66
97 855
268 935
920 685
55 789
586 595
50 807
824 758
315 376
968 101
811 225
727 759
322 115
509 551
257 998
598 985
663 300
59 239
634 174
658 69
41 234
520 124
598 302
591 248
984 147
475 844
846 810
958 921
246 328
780 713
635 242
552 197
508 643
587 618
813 226
456 810
397 320
448 77
193 955
560 462
967 373
446 487
435 247
817 114
19 591
110 574
749 844
252 178
530 926
479 976
514 670
959 438
251 627
548 423
825 783
386 369
768 444
178 356
820 568
207 817
642 587
173 602
8 963
952 940
360 214
667 552
687 910
887 608
476 554
224 429
842 676
919 377
321 143
556 538
881 554
556 390
679 932
407 20
280 195
11 505
69 738
70 65
422 763
671 542
938 378
415 383
282 85
40 191
533 33
924 211
518 925
80 960
628 800
836 152
166 220
796 635
865 363
692 981
471 971
777 541
139 788
466 144
421 472
852 657
243 102
554 361
474 408
235 864
405 92
961 922
29 335
276 799
212 883
705 673
669 299
128 12
475 696
234 320
523 276
502 782
63 625
133 482
511 693
615 664
859 357
242 266
486 567
274 598
341 875
930 720
136 311
186 221
26 958
526 800
109 732
964 928
635 161
921 13
968 292
413 606
509 598
42 760
17 607
330 33
11 118
183 104
800 19
669 936
563 73
267 242
837 748
928 515
766 18
152 741
489 478
352 411
654 31
191 869
381 25
230 817
748 402
233 344
568 280
904 518
88 727
799 715
794 131
853 478
746 407
327 194
477 6
832 887
292 60
992 425
446 694
538 860
114 913
429 912
671 49
227 299
287 109
230 485
965 720
998 122
505 340
900 512
867 295
945 983
751 41
353 472
844 48
306 795
440 259
411 813
767 504
978 790
761 140
326 412
356 836
32 884
988 334
213 762
289 433
737 402
856 631
473 647
827 974
232 169
292 829
272 131
310 251
404 441
283 92
480 199
926 645
190 515
358 31
434 116
807 645
245 316
679 584
432 266
203 494
179 525
51 541
382 232
729 631
594 16
126 644
383 125
476 451
671 946
623 51
721 638
683 400
741 596
179 868
864 813
32 527
277 363
848 66
359 394
585 418
447 818
712 387
647 421
883 14
142 590
343 400
14 522
35 280
35 28
239 776
384 330
210 795
78 106
29 966
679 251
60 838
611 858
277 656
839 922
268 902
382 982
229 659
486 32
931 680
906 62
287 15
270 671
477 194
103 512
500 619
710 891
267 597
648 982
829 454
536 71
445 983
504 292
752 351
975 955
756 531
949 1
450 97
8 990
751 62
192 899
391 760
523 26
175 246
232 659
249 58
610 867
912 816
156 265
263 668
474 332
1 822
179 742
397 557
355 750
864 276
604 471
317 264
949 702
612 643
405 447
387 923
839 992
847 911
419 990
874 670
844 723
362 466
731 443
118 427
427 503
162 607
521 656
832 153
779 326
181 28
169 132
728 688
889 677
265 948
656 236
837 949
281 493
810 894
462 537
229 272
690 91
672 257
464 544
425 139
392 184
555 720
601 481
12 118
617 51
726 522
214 257
796 982
195 40
861 543
780 357
813 755
47 427
568 1
477 803
767 683
174 281
769 234
477 324
245 820
201 871
802 313
377 669
283 812
314 738
527 349
192 403
266 63
595 358
42 31
833 510
891 356
107 964
458 631
392 920
684 803
423 398
679 731
28 709
162 347
706 635
860 342
869 963
175 403
819 799
515 942
789 487
783 939
656 997
710 326
544 416
785 78
206 158
574 254
314 285
935 657
932 940
101 799
534 249
211 355
838 671
828 253
511 322
554 472
602 5
344 502
780 534
120 376
872 767
837 613
483 843
759 531
343 681
989 605
67 892
554 777
924 85
517 432
447 650
489 879
708 21
583 859
507 469
312 45
335 832
689 301
521 637
875 460
333 232
899 913
553 458
604 309
533 324
396 614
290 9
603 70
88 126
299 468
128 286
214 745
80 946
259 276
271 28
315 412
548 735
938 199
8 563
771 875
418 132
785 902
135 923
131 86
509 519
521 655
274 466
838 783
313 506
420 482
404 189
34 767
536 838
960 171
876 376
889 565
450 306
674 700
671 805
292 786
180 454
46 163
277 772
412 772
302 291
111 346
937 996
372 797
854 971
813 922
819 704
62 716
698 943
60 849
922 166
699 783
400 748
296 35
637 935
397 86
237 836
808 765
472 498
253 179
612 557
370 607
158 890
872 786
893 912
788 983
409 516
656 26
587 126
983 385
298 544
580 169
386 37
956 424
672 88
1 632
286 383
582 517
254 131
122 888
540 391
713 7
663 487
279 967
445 986
375 449
627 526
180 987
194 363
797 974
584 154
986 172
972 740
554 599
329 642
317 585
442 986
766 920
785 633
889 695
976 331
339 684
910 561
757 613
76 369
660 603
849 309
972 644
250 348
411 243
863 144
428 465
26 793
148 836
721 230
631 135
856 167
495 750
317 59
894 622
814 932
206 768
855 651
294 278
295 955
352 596
175 875
796 696
148 658
838 568
291 258
487 54
285 791
396 463
931 939
770 740
542 437
919 863
890 282
808 142
306 317
640 113
608 724
665 888
996 226
792 915
63 230
843 460
998 424
1 889
700 255
735 508
232 428
79 908
729 773
546 353
832 52
641 768
911 684
64 563
332 211
473 259
895 597
144 73
923 544
991 799
77 54
300 428
242 733
44 397
727 137
310 376
869 693
881 563
590 805
465 914
934 361
223 196
462 323
408 270
898 596
463 257
9 211
380 401
200 521
75 437
892 727
858 404
708 122
569 84
737 528
572 334
542 842
368 89
79 249
468 337
962 2
22 129
196 253
320 923
460 857
889 741
697 642
404 107
340 845
645 10
822 505
496 355
419 759
342 342
474 119
662 513
548 747
239 1
818 210
909 502
587 222
295 845
805 303
442 719
977 951
556 946
297 428
950 500
232 145
946 58
773 109
477 555
53 216
432 743
658 349
497 292
832 766
211 593
392 725
946 266
371 54
78 443
321 865
865 591
796 535
838 910
70 958
179 451
475 199
217 523
62 496
298 469
746 223
808 639
172 955
776 10
855 490
545 522
299 166
749 112
862 113
204 835
157 247
458 657
21 996
562 92
835 422
622 542
838 281
153 66
175 193
819 677
840 793
813 235
459 825
242 651
369 786
461 6
429 730
689 264
469 484
26 54
695 124
247 803
313 787
41 705
144 360
524 561
810 637
51 164
189 802
180 198
819 652
920 808
136 179
851 480
524 753
61 105
572 397
666 694
66 747
174 838
212 185
870 485
371 464
676 967
723 649
19 20
481 818
764 284
569 761
69 894
439 277
1 264
340 834
351 59
537 281
95 720
789 977
28 617
678 920
254 856
963 432
803 908
921 703
951 582
437 569
932 897
774 302
433 722
376 582
161 463
811 788
587 6
162 525
93 537
40 827
606 956
486 768
985 543
295 934
868 731
712 782
777 539
411 915
802 535
804 788
48 904
822 446
343 976
549 339
562 751
750 920
73 373
411 597
211 378
219 897
826 537
787 620
971 874
715 87
538 563
525 389
507 522
912 523
757 500
936 125
956 346
279 65
327 488
318 872
537 681
704 307
679 645
767 184
250 379
28 851
482 809
935 2
193 897
929 171
45 738
327 324
253 943
977 517
808 741
275 958
809 211
184 787
374 774
978 632
824 865
590 984
444 557
437 217
106 632
946 61
453 438
63 298
633 375
878 282
732 536
215 349
322 929
125 158
604 529
416 660
924 690
246 403
150 163
613 449
96 978
684 175
520 918
665 248
545 866
234 595
462 419
506 754
442 237
215 421
461 636
714 935
696 543
156 18
428 189
310 439
753 984
151 682
760 778
289 915
912 984
435 16
916 747
947 253
214 843
590 705
721 612
307 643
510 223
522 368
805 977
471 105
954 518
256 428
649 959
598 973
751 507
481 469
424 932
156 11
707 811
946 475
637 807
489 216
70 218
100 526
415 701
301 672
347 141
732 651
95 275
481 617
22 231
120 510
318 490
34 676
586 154
922 770
320 72
144 203
615 492
454 41
464 356
734 643
664 225
91 271
619 297
60 163
455 19
724 772
497 864
819 217
638 912
322 685
869 992
968 925
416 281
102 674
808 892
659 726
805 527
125 212
274 392
954 436
606 247
173 774
254 502
692 596
685 644
160 879
469 538
343 312
66 454
584 261
482 865
44 819
607 146
210 842
495 305
88 526
982 713
51 500
546 426
950 647
103 808
481 216
451 102
772 872
669 587
991 463
486 414
292 904
533 869
653 497
669 841
323 204
565 34
324 63
496 783
498 552
724 618
602 428
798 890
836 799
119 558
86 47
892 54
851 866
263 635
559 763
465 849
986 654
258 143
243 446
151 19
283 495
88 941
627 954
806 542
526 481
501 722
693 871
246 501
706 269
708 569
874 498
477 283
300 776
834 117
887 383
529 825
987 480
390 575
433 852
355 241
728 89
395 342
666 956
23 850
791 887
189 778
442 737
254 148
283 640
764 118
123 762
912 451
624 489
110 362
328 915
495 285
31 154
872 3
184 369
991 810
8 459
870 634
22 67
9 789
821 794
970 44
705 652
959 256
664 354
659 799
666 696
945 429
751 950
963 841
729 646
754 760
74 622
363 268
134 214
78 635
525 220
578 697
457 633
932 955
459 794
796 282
564 53
913 573
316 829
235 519
261 268
923 365
726 325
820 978
523 28
307 267
683 333
723 665
79 341
641 197
631 718
983 28
344 204
563 513
99 121
518 759
811 309
535 297
109 564
811 997
720 475
44 239
274 282
504 84
357 414
32 465
639 580
94 234
545 675
334 202
814 908
955 228
82 620
293 335
65 827
97 312
138 550
419 186
283 809
764 906
954 523
408 197
1000 75
453 503
1000 557
696 122
558 667
982 551
354 973
286 322
719 531
658 810
610 782
356 867
42 876
601 406
357 988
959 335
629 424
899 490
199 706
510 119
122 808
857 462
231 963
337 453
977 259
178 47
912 761
220 523
736 770
356 675
215 28
35 545
58 365
434 613
866 271
133 172
840 884
597 436
994 200
379 120
92 147
960 484
134 586
947 20
335 200
202 257
194 788
972 797
667 289
29 765
404 209
499 924
458 789
91 886
832 45
675 513
850 322
812 665
255 190
548 225
141 923
57 462
913 823
530 386
954 878
344 784
153 630
606 556
675 609
157 539
378 27
669 5
73 890
724 690
801 693
832 160
683 951
155 675
567 916
452 157
298 593
408 809
352 309
187 169
301 263
948 10
9 573
817 494
62 37
664 874
836 751
998 700
256 939
609 926
529 994
261 464
827 431
211 480
285 559
901 964
504 595
575 659
31 105
121 750
463 71
450 190
679 429
800 962
936 508
433 675
809 173
642 701
637 853
243 201
377 479
946 438
989 127
616 264
285 372
251 619
414 710
817 830
210 792
746 577
566 304
539 197
477 750
702 417
32 568
598 611
488 200
839 846
594 661
618 614
877 566
223 855
597 886
589 654
650 272
948 447
271 819
274 780
212 136
544 513
941 433
923 736
190 855
580 725
101 66
742 675
8 715
803 897
169 684
353 335
853 432
928 39
20 690
584 823
341 230
382 919
508 446
828 5
654 579
983 105
275 240
675 773
877 555
724 973
393 226
520 166
846 704
672 103
134 166
428 36
890 562
180 88
387 532
994 986
543 452
108 354
996 507
944 706
41 719
38 713
169 237
96 585
651 598
763 351
299 538
505 235
695 376
902 371
14 940
607 981
816 670
758 793
741 931
930 165
837 586
509 733
588 104
936 216
60 493
869 990
553 314
687 813
143 905
452 597
280 267
3 29
540 509
897 617
624 699
304 265
648 475
485 678
460 73
604 669
695 10
509 996
186 776
134 91
309 875
636 391
592 780
296 882
154 15
549 296
34 422
650 753
439 236
544 418
176 95
385 544
40 669
964 690
548 377
465 554
1 726
270 187
20 10
856 546
560 225
26 471
921 48
239 331
693 672
803 235
866 553
828 75
407 900
970 760
221 533
517 594
118 900
557 492
926 841
71 869
789 345
218 674
872 96
641 26
392 929
260 777
977 524
550 49
247 575
283 161
766 219
773 11
279 497
197 356
339 78
862 953
754 297
629 808
49 172
356 159
14 560
536 234
271 39
22 655
982 869
137 171
90 792
108 891
161 595
13 775
774 913
200 835
819 522
487 45
457 169
853 755
432 579
646 903
785 537
553 959
923 713
522 176
95 110
322 357
76 932
851 825
473 156
80 195
402 852
439 308
268 96
456 967
626 178
531 749
443 366
802 958
945 302
166 304
570 271
404 824
158 168
262 164
573 649
811 864
403 304
448 254
390 503
530 196
35 534
297 869
258 322
826 407
236 623
696 90
62 228
43 293
986 998
415 954
989 60
644 924
158 294
701 311
502 912
468 861
173 989
363 115
308 729
544 419
899 15
349 231
341 355
