6 612
490 784
924 955
934 725
236 481
818 482
192 400
657 392
650 987
184 558
6 257
709 512
366 405
80 559
400 100
638 987
838 739
282 295
413 546
824 378
437 893
571 80
597 611
967 499
900 310
425 424
180 305
474 341
864 116
475 35
71 774
100 994
480 550
885 638
772 593
797 495
754 194
208 269
846 868
41 605
26 147
207 496
971 877
340 707
570 507
820 544
27 725
700 926
114 919
440 974
187 453
90 682
883 854
997 180
526 703
567 806
85 725
922 938
290 304
939 359
173 88
568 67
733 202
2 314
615 790
599 882
101 333
893 794
2 996
329 90
629 232
80 289
815 295
752 587
570 114
684 430
902 122
915 223
862 25
215 479
219 343
824 452
924 139
588 395
325 166
224 444
283 122
769 634
990 138
364 945
968 854
475 968
972 861
502 912
640 564
686 716
645 631
480 13
626 144
553 24
303 411
281 764
51 929
27 923
53 613
345 309
180 859
6 277
724 3
948 362
204 332
134 782
195 341
320 390
332 946
30 994
717 702
283 610
479 975
589 238
828 788
873 394
109 811
274 715
83 91
54 819
607 525
707 621
278 281
995 464
164 982
228 972
394 194
462 925
3 459
191 764
712 311
587 210
291 209
566 537
835 112
294 161
195 783
567 939
483 847
562 615
367 917
111 725
496 474
346 540
538 760
217 83
29 809
326 479
290 522
154 730
239 171
361 11
773 941
799 193
176 619
65 939
793 663
152 404
500 237
852 487
842 483
182 84
548 192
35 610
345 625
949 375
111 97
381 177
955 188
787 299
824 116
524 833
84 275
879 641
556 182
616 771
500 87
102 651
632 619
307 164
74 146
853 660
982 669
151 713
99 104
370 3
591 411
376 753
851 161
491 318
202 324
501 723
392 278
811 276
407 599
54 253
520 183
794 572
310 422
425 841
489 132
611 610
887 455
505 776
502 181
440 381
36 550
651 683
330 678
527 775
372 107
287 782
719 950
335 649
289 16
615 721
205 303
846 171
693 705
435 773
820 454
827 563
130 902
136 615
220 659
957 705
757 819
27 523
936 849
332 725
561 254
467 825
476 130
685 256
64 464
286 89
622 209
368 451
521 58
381 795
656 833
565 777
911 800
332 263
888 910
474 771
387 957
640 648
33 940
538 611
867 473
901 909
782 231
585 226
638 158
536 182
522 130
943 437
86 292
277 121
329 940
589 583
934 253
698 326
152 327
81 286
169 653
453 859
93 930
44 375
913 632
688 808
237 303
691 457
960 514
136 371
861 339
501 285
234 616
707 772
221 515
119 888
279 898
921 53
805 586
66 863
784 390
242 801
773 464
186 867
61 997
545 83
580 335
456 344
416 864
789 907
136 359
622 503
27 69
344 460
330 603
914 33
75 174
383 398
7 533
126 18
305 922
702 878
808 855
654 646
248 658
747 746
727 923
947 247
253 649
333 410
641 291
603 588
708 333
960 622
957 919
498 350
623 878
137 538
644 615
992 478
931 405
980 644
709 879
613 48
838 585
81 947
180 470
436 259
250 268
939 32
399 218
555 572
402 719
820 65
160 772
532 898
811 400
98 680
677 356
2 848
555 325
803 939
253 881
639 30
917 738
331 572
272 541
183 233
885 751
49 55
168 44
165 437
774 532
81 801
419 991
876 332
29 314
426 345
391 605
945 767
888 939
294 151
381 159
939 116
626 292
10 569
310 686
465 811
621 567
141 786
745 407
294 897
231 7
392 679
154 483
11 175
690 816
971 941
834 650
85 546
37 796
64 464
703 221
393 377
308 538
694 36
37 462
523 166
574 199
955 770
82 178
254 155
941 589
960 314
280 423
584 226
413 222
930 382
118 885
476 484
808 480
237 79
381 286
983 758
237 223
441 800
540 336
288 825
611 296
614 485
969 13
887 255
992 12
937 938
606 856
411 492
948 714
798 662
336 894
82 87
543 183
173 224
637 683
2 145
805 495
186 677
339 372
615 388
571 221
877 721
121 152
356 93
145 786
136 412
642 353
588 164
534 231
196 501
348 779
389 353
692 101
733 859
613 472
262 935
568 720
298 904
363 233
623 616
410 228
616 643
21 851
315 357
846 163
478 234
674 317
596 628
459 216
643 52
472 189
831 476
760 570
582 798
102 425
843 580
760 691
892 167
896 944
324 497
246 190
655 402
157 263
984 454
371 153
123 312
803 399
301 931
37 427
741 600
549 677
411 670
70 657
795 878
862 200
59 978
890 216
727 876
436 26
292 625
322 962
947 905
884 690
542 965
596 824
784 573
135 583
849 170
334 409
330 263
372 235
605 26
211 983
890 450
721 192
594 354
623 692
701 968
624 532
835 841
772 810
426 638
783 542
666 370
22 428
230 962
402 995
752 441
998 361
870 617
643 78
452 797
984 259
778 813
898 912
466 217
423 383
562 294
431 420
733 418
465 275
721 507
61 428
454 986
967 817
838 528
466 923
283 253
390 606
850 938
318 233
211 634
238 681
621 956
800 450
549 186
219 487
838 767
934 914
8 165
638 670
813 397
260 528
557 174
163 26
695 907
841 850
838 851
240 163
373 974
558 424
338 21
498 333
930 195
848 539
533 307
576 452
75 895
296 617
461 212
430 638
410 999
317 28
501 846
778 190
790 933
798 176
199 638
230 576
300 574
894 936
944 821
377 412
99 339
778 508
622 371
911 371
512 377
362 176
67 782
239 113
593 609
634 198
532 793
112 603
325 284
73 534
226 864
937 270
314 955
81 746
463 296
436 587
68 583
752 485
206 1000
296 693
858 325
334 105
852 369
262 750
800 688
493 736
534 899
569 75
126 263
910 709
262 2
538 852
284 163
61 556
759 947
178 190
129 460
430 851
305 174
470 372
304 826
229 63
914 946
858 724
796 130
502 457
194 107
453 103
446 3
104 722
154 541
486 441
737 339
572 775
122 571
79 824
568 484
350 690
693 372
544 997
131 707
122 270
657 395
778 467
413 864
111 195
748 819
866 906
810 462
646 303
824 864
478 357
216 670
913 104
466 363
292 146
253 756
511 499
807 559
507 703
596 994
816 471
661 197
80 817
690 906
270 794
235 416
807 369
898 38
115 696
189 496
743 717
592 637
614 705
331 527
191 591
747 968
627 518
655 587
140 875
563 80
365 566
841 965
682 916
447 422
111 792
601 913
143 592
895 14
251 677
609 576
657 390
383 89
968 133
645 699
345 260
797 461
490 153
346 305
764 267
828 649
687 291
211 722
240 419
851 376
421 87
979 405
608 405
259 96
807 89
913 782
273 865
694 261
935 88
559 514
938 546
275 562
146 888
210 921
306 561
206 991
205 623
671 473
68 70
850 363
996 754
182 888
165 795
402 986
660 441
570 789
109 270
701 524
570 269
145 377
244 751
997 30
374 859
494 872
774 994
925 161
489 327
384 925
890 430
613 656
988 606
880 482
181 420
570 378
807 742
698 387
250 577
467 751
98 654
36 22
421 242
890 370
510 567
673 736
508 728
673 294
4 310
233 17
417 80
616 715
939 499
217 166
478 348
755 542
684 171
3 207
929 182
723 528
374 261
641 230
357 526
67 269
487 509
661 935
526 265
6 20
210 903
564 166
938 421
992 490
620 817
304 122
512 222
580 146
561 119
241 851
698 732
794 209
391 572
788 912
812 942
809 618
509 565
282 63
396 72
598 969
937 804
972 182
939 672
54 921
319 188
597 869
195 843
894 946
168 126
507 820
644 505
542 377
360 644
923 397
543 859
784 902
476 714
50 824
925 512
799 193
13 653
768 121
20 825
621 91
893 163
955 846
223 42
382 690
573 335
882 228
82 765
193 377
121 45
289 978
893 851
307 206
781 240
633 860
83 934
820 320
917 511
120 89
484 571
921 706
603 31
434 996
559 185
996 847
750 344
580 63
827 477
830 435
643 304
58 963
331 230
116 164
926 248
726 320
474 538
395 439
932 321
7 234
835 622
535 334
567 911
767 444
282 146
209 224
493 591
362 390
613 651
729 227
232 210
390 442
282 646
622 471
529 496
738 434
672 952
42 403
718 657
889 695
288 840
349 857
674 142
314 839
638 601
60 431
372 2
785 45
410 502
916 725
618 930
206 288
992 692
961 623
832 807
742 554
348 265
132 693
201 772
634 725
660 913
999 301
212 449
830 719
589 55
563 322
994 942
258 622
951 828
411 426
493 905
955 851
966 676
15 976
611 494
579 50
476 876
9 517
113 484
115 791
660 850
133 96
98 437
52 721
794 284
933 20
668 228
562 784
366 429
490 137
941 500
670 573
339 448
767 299
313 405
163 668
322 786
728 174
662 137
993 34
530 786
139 836
200 641
672 392
759 817
13 934
676 308
37 287
910 258
567 744
720 895
603 453
729 583
118 183
104 743
15 423
305 275
74 186
341 63
856 31
584 29
687 752
865 1000
310 292
658 708
727 926
814 351
147 314
24 88
187 1000
526 321
63 147
72 466
290 111
985 819
287 280
829 586
262 955
532 721
118 957
74 723
810 272
315 316
780 124
825 624
677 903
975 170
664 12
95 486
672 706
986 870
371 521
684 273
423 164
32 43
818 308
979 917
734 576
210 382
375 664
431 79
301 622
442 992
823 969
24 10
750 355
367 399
65 66
846 244
520 4
208 196
403 960
161 928
35 58
651 818
171 562
120 454
206 132
682 402
415 177
356 185
613 312
445 762
208 68
542 615
302 771
312 358
132 761
797 238
257 451
843 631
579 405
634 707
757 207
674 568
292 473
619 975
931 567
754 691
378 638
591 579
451 430
891 389
730 857
741 789
256 910
859 938
812 235
27 154
22 773
11 153
572 965
717 384
375 432
11 78
593 169
362 476
346 363
405 503
538 612
56 240
451 983
386 812
983 694
719 827
561 635
904 885
624 389
145 714
895 86
329 725
62 635
9 744
930 878
770 231
700 912
691 260
397 956
350 529
12 919
158 340
614 642
200 837
634 637
871 712
941 518
831 738
591 526
778 174
68 947
712 641
141 339
761 403
4 191
687 555
956 590
710 571
448 109
851 948
529 943
220 974
98 138
895 798
336 442
894 973
388 147
527 381
128 843
436 321
369 958
997 445
512 903
205 840
328 718
315 307
480 280
72 482
176 897
941 732
974 880
469 609
682 403
100 646
109 679
662 701
694 718
773 24
705 53
337 754
794 875
900 987
69 223
378 749
875 774
568 598
688 474
75 478
297 328
287 983
760 103
493 446
432 242
798 128
739 547
21 446
974 969
575 664
170 188
142 628
23 34
804 6
514 305
220 350
757 48
77 558
314 232
933 372
56 471
332 391
238 884
59 247
682 578
915 877
442 227
728 48
199 680
801 751
276 465
387 358
290 631
194 830
970 869
761 294
860 850
406 502
752 344
343 639
20 779
879 697
45 334
306 669
998 209
143 104
12 237
138 809
536 338
173 748
987 192
718 459
451 875
150 680
404 568
693 189
794 848
455 320
869 789
618 403
939 368
267 633
155 215
677 875
838 457
856 719
242 798
570 1000
260 787
155 761
713 355
685 268
499 668
314 41
189 897
604 63
160 712
888 488
84 342
462 128
10 580
521 207
852 570
451 159
399 86
511 538
512 129
150 997
627 16
738 329
849 918
362 908
132 669
268 998
739 330
668 683
453 727
40 595
34 613
893 482
144 165
677 187
265 151
602 784
808 412
891 679
156 425
582 685
361 629
890 812
214 880
196 745
215 962
784 209
672 246
657 406
984 138
388 671
648 801
961 770
249 455
961 300
71 377
926 641
626 491
34 798
837 727
942 780
850 419
163 402
531 765
3 28
750 592
743 88
987 654
174 371
314 349
794 252
8 619
391 467
530 608
533 485
348 817
97 446
500 24
714 346
281 597
982 520
820 521
308 776
252 233
53 862
4 105
152 632
918 636
27 764
973 934
616 393
796 241
775 210
716 28
742 275
361 615
403 537
85 321
669 781
13 954
770 858
666 745
18 437
167 879
607 208
578 930
704 980
780 434
812 983
251 548
392 382
471 567
525 429
261 43
423 227
66 848
201 448
564 844
515 158
330 331
643 375
817 481
709 169
639 222
343 191
814 602
186 511
842 479
153 88
588 705
354 848
942 976
413 469
245 855
11 929
16 271
338 533
766 499
860 549
42 396
649 974
339 670
1000 827
405 293
722 557
578 795
550 257
478 247
107 927
447 973
915 975
130 914
516 6
980 640
297 226
133 561
369 658
139 77
697 836
509 617
566 97
418 817
833 353
184 305
657 397
591 85
952 798
479 368
289 35
65 442
655 657
874 926
797 900
96 696
631 192
776 572
753 523
379 768
926 628
121 532
546 552
48 881
895 716
964 897
698 936
790 302
155 983
678 134
877 174
671 811
521 539
308 630
534 627
695 159
239 126
862 907
516 259
383 554
966 507
574 995
350 470
777 836
208 556
157 225
566 41
317 183
502 878
50 592
635 351
12 508
161 839
10 288
582 165
292 937
893 78
206 233
157 558
742 245
873 108
892 556
76 229
19 346
673 315
270 64
127 36
753 185
821 211
965 520
987 4
741 918
762 389
24 813
648 849
860 361
279 364
980 604
835 585
619 493
71 195
851 586
19 892
488 192
921 201
880 680
737 553
109 790
665 916
776 647
116 2
189 483
147 486
707 408
430 768
212 377
380 840
55 174
711 837
873 782
273 906
350 566
715 786
984 572
55 687
636 444
438 93
711 477
702 663
469 885
215 594
466 593
405 330
98 93
845 984
352 128
439 421
156 764
146 666
648 549
794 57
42 506
518 630
781 161
955 360
37 2
344 200
193 717
20 519
751 560
413 202
648 127
115 375
435 615
930 11
236 32
890 948
318 49
990 992
706 78
953 93
333 912
307 203
249 758
102 86
282 787
564 111
563 224
956 435
826 12
423 810
42 214
453 336
244 983
437 736
8 187
753 831
925 316
443 697
396 940
346 83
79 966
982 744
709 730
571 491
380 439
314 566
301 243
463 181
912 860
114 419
472 149
766 817
770 393
671 52
702 273
939 273
62 734
304 263
634 605
452 217
774 37
798 268
497 560
68 983
70 502
915 365
532 924
773 912
309 583
124 903
752 426
998 220
504 961
634 189
440 821
115 324
276 260
723 215
777 39
711 818
745 202
731 869
298 142
449 530
33 21
495 287
926 179
285 228
687 107
926 89
547 628
219 66
728 125
511 214
31 976
844 608
385 915
785 506
515 731
454 913
662 304
149 320
516 242
90 430
5 293
456 659
800 137
549 681
360 968
245 238
753 219
912 372
43 665
143 102
439 529
306 374
386 862
908 163
737 485
902 131
98 224
63 8
301 595
53 507
386 961
457 417
104 517
111 964
219 39
495 662
745 770
57 67
16 478
86 104
639 678
609 328
78 309
359 258
526 286
14 615
252 586
804 159
225 206
9 387
49 498
682 667
312 110
755 691
754 165
371 763
854 309
691 173
338 283
586 525
94 73
197 858
485 173
536 108
900 717
688 908
424 648
918 631
636 211
292 685
32 55
786 261
165 474
675 414
427 912
442 784
547 218
24 630
911 21
985 921
761 443
906 359
722 977
287 972
705 702
52 433
605 123
303 798
712 260
237 898
352 151
473 340
67 719
26 707
397 646
22 985
376 125
188 491
83 510
629 353
837 166
319 113
698 411
38 328
910 593
39 517
352 406
980 475
691 409
298 337
16 996
476 754
754 35
222 942
730 896
652 128
698 312
529 417
444 959
713 491
664 103
134 939
504 914
34 564
75 716
360 439
310 474
948 151
165 96
465 916
765 495
852 721
365 742
90 415
994 391
926 88
514 339
796 433
387 702
806 431
995 860
470 346
463 339
507 372
653 991
965 19
605 271
624 330
81 585
791 67
3 109
818 725
86 215
473 125
808 440
230 220
256 449
141 917
70 808
25 123
546 964
45 384
449 945
741 117
87 956
366 374
355 699
669 630
367 964
844 292
74 492
900 309
592 220
876 949
388 274
344 11
236 192
977 873
481 873
323 27
703 622
212 301
925 853
895 316
741 62
840 167
200 933
259 194
644 205
228 146
709 578
462 740
202 966
350 282
137 39
960 992
697 217
226 802
732 466
763 589
941 241
177 490
862 380
399 229
317 14
418 768
156 179
167 196
548 972
392 45
171 861
940 687
753 125
967 326
744 817
249 45
588 265
179 598
563 874
913 959
548 478
823 799
228 743
191 326
84 207
55 476
239 577
143 775
489 511
237 602
119 419
82 528
187 754
731 793
117 378
614 332
931 674
772 193
1 530
431 962
633 855
344 943
209 624
523 749
290 945
234 646
949 181
125 650
64 186
497 914
329 549
564 853
218 616
210 238
898 990
286 138
234 233
932 58
75 347
499 362
170 655
465 807
953 573
598 814
701 773
355 592
321 468
543 45
31 385
146 170
743 84
818 673
631 992
976 301
479 42
571 357
32 80
621 416
128 485
524 557
281 393
435 990
327 702
455 522
911 473
403 48
639 905
383 963
832 793
716 138
786 107
630 80
704 269
784 550
315 97
223 795
459 413
810 463
703 143
47 483
297 65
144 675
231 188
349 380
89 920
299 134
8 822
522 185
186 985
123 162
863 800
560 925
906 482
248 691
287 284
300 15
218 755
209 403
625 90
218 566
45 244
654 422
486 247
323 975
844 210
883 140
361 11
662 988
147 327
219 236
592 155
256 703
85 889
414 94
611 503
905 221
666 933
419 928
718 511
507 866
85 492
909 389
512 579
796 613
449 575
769 262
457 648
39 666
504 678
640 951
590 545
211 644
857 497
563 229
99 946
994 421
834 796
764 179
654 547
47 970
480 914
213 635
837 150
405 357
13 984
589 75
789 46
673 704
754 977
10 756
393 595
920 802
662 509
562 764
738 962
677 64
916 425
303 964
760 125
757 972
397 165
430 258
830 813
153 239
454 308
350 417
241 701
991 102
36 102
535 490
537 265
824 833
765 129
962 708
758 867
677 226
84 267
49 803
294 915
106 862
179 659
139 628
103 944
