619 42
398 401
991 368
682 775
893 714
714 777
205 648
508 736
582 634
246 544
911 20
639 116
347 363
827 869
212 907
263 62
232 335
50 126
593 942
201 867
820 428
884 666
879 583
659 497
935 202
596 338
680 311
918 70
211 658
62 519
103 46
815 654
519 115
245 191
420 592
955 4
935 478
795 697
731 677
795 255
38 318
389 366
30 328
408 53
389 404
382 216
182 947
770 826
532 511
573 45
788 904
585 128
277 537
855 384
746 823
532 302
431 137
833 348
777 635
402 268
984 655
208 722
896 882
5 595
475 773
145 40
862 511
737 683
409 631
334 335
442 337
209 356
532 526
372 216
335 714
146 780
277 971
152 245
459 419
626 711
674 197
608 285
433 340
119 396
388 579
176 235
706 192
626 880
493 886
419 563
558 945
800 860
982 310
384 87
826 658
782 617
331 151
978 931
719 256
834 379
712 640
306 818
270 742
285 763
364 958
989 993
92 186
920 126
510 207
86 442
664 375
336 873
218 344
673 773
763 994
488 112
276 257
814 501
762 591
94 172
561 742
427 576
162 87
745 971
643 368
766 448
721 942
427 967
290 367
573 98
612 104
725 102
708 454
678 563
730 293
988 448
337 735
852 897
161 4
909 863
813 655
454 562
301 298
609 187
157 73
670 373
850 157
259 532
269 871
961 529
104 747
59 62
227 338
264 88
980 22
606 797
96 409
75 145
648 4
587 763
772 126
893 953
423 333
89 321
216 702
40 734
806 489
491 549
700 127
882 60
787 96
106 401
467 631
820 159
513 266
538 450
683 779
234 760
619 36
858 477
349 375
456 200
982 38
722 86
4 870
4 734
125 260
127 663
550 474
492 182
676 554
876 7
125 95
935 10
285 286
952 366
402 516
542 841
120 916
567 183
920 1
778 517
108 558
274 293
143 425
50 599
693 993
915 625
565 963
237 274
650 569
529 288
634 284
876 58
348 475
383 367
383 918
452 50
369 189
393 877
747 152
496 920
961 559
536 373
527 251
360 359
633 86
765 939
121 275
339 82
326 38
342 840
347 808
89 889
207 906
641 601
611 819
569 756
962 843
621 11
643 423
935 541
981 757
559 295
515 672
899 298
355 451
165 494
713 895
536 355
332 423
527 749
930 693
154 650
678 368
484 555
752 890
885 949
269 901
262 645
275 135
99 416
920 490
87 441
53 223
603 457
335 778
110 521
542 557
821 225
264 153
703 163
360 391
88 745
956 955
570 745
523 899
161 606
669 893
898 120
861 274
279 748
85 633
618 292
629 187
696 959
271 32
246 655
34 630
919 789
659 144
493 401
711 626
80 854
796 694
727 608
858 834
54 141
524 917
238 568
484 67
833 361
87 489
285 224
273 355
865 736
388 683
974 29
990 225
422 627
664 393
288 682
871 735
45 117
222 632
832 220
951 506
890 838
165 393
283 373
543 382
757 913
455 117
572 446
714 68
574 747
554 854
589 894
432 122
434 555
696 775
513 439
115 756
534 997
355 392
42 18
981 169
837 865
489 451
478 290
91 750
2 476
697 537
148 39
9 866
178 704
693 383
227 833
916 687
608 606
972 279
538 808
952 205
430 642
463 698
194 994
53 781
18 766
312 930
842 547
420 819
476 572
845 408
381 189
11 523
952 750
263 736
351 98
244 819
38 177
158 106
840 822
225 539
848 690
531 672
177 245
28 400
273 521
840 333
33 13
295 546
581 819
968 51
30 855
223 707
630 629
735 956
528 873
199 106
154 31
790 257
117 960
948 775
456 237
64 372
650 518
591 988
539 761
913 926
965 504
461 158
512 320
394 99
258 847
371 417
176 885
130 234
780 371
98 122
552 617
69 135
387 61
596 849
761 228
170 912
548 561
597 298
357 398
870 454
788 168
48 353
138 193
804 29
772 227
394 311
71 933
624 532
23 616
406 168
663 317
982 619
887 555
434 30
8 868
88 505
480 640
955 38
228 800
97 657
417 747
722 270
781 915
716 10
230 94
680 710
477 528
904 316
84 625
624 526
718 256
539 262
219 490
927 67
846 343
727 988
22 289
491 84
387 277
51 962
539 534
517 975
159 849
195 447
520 322
104 497
458 477
879 906
634 843
788 785
279 28
860 494
367 801
596 682
432 18
444 462
433 960
188 909
144 912
215 405
405 7
987 209
134 324
255 370
359 914
446 602
483 972
208 172
605 852
36 480
848 223
194 327
424 812
139 598
182 383
521 410
263 192
175 580
259 131
834 817
256 870
121 983
173 423
636 166
4 760
810 373
565 711
238 120
868 440
612 54
906 229
844 861
68 198
967 402
505 248
490 902
589 640
130 702
525 852
581 715
532 658
657 1000
770 327
786 887
783 243
319 901
820 714
557 401
928 415
433 185
617 86
42 54
32 358
918 919
278 98
683 12
218 227
340 588
361 379
57 440
559 627
288 416
568 41
896 473
924 479
951 948
722 738
414 263
17 510
645 592
835 871
138 820
202 6
408 219
684 45
977 720
551 973
796 435
136 631
510 558
360 517
290 291
755 682
164 154
863 9
59 346
135 274
968 19
780 387
591 100
171 174
329 738
880 92
840 633
736 659
261 181
218 179
800 539
886 410
131 246
100 64
524 828
179 3
215 197
596 844
198 778
129 223
485 366
860 763
887 931
809 201
275 807
870 132
801 80
829 743
900 465
110 501
2 350
224 359
874 249
147 647
24 213
961 422
335 946
165 582
455 540
627 362
718 236
83 824
64 131
74 612
992 149
214 386
831 325
424 544
746 765
858 192
520 398
284 2
999 249
135 454
519 248
554 362
130 617
863 583
404 444
124 790
385 735
52 286
130 189
908 460
265 861
637 936
703 225
594 741
243 870
814 732
116 982
333 588
669 79
907 267
535 275
204 336
236 652
36 835
299 963
388 334
828 408
973 779
54 531
538 537
780 72
53 449
97 674
388 629
55 444
587 448
825 417
983 838
611 918
2 966
797 57
189 681
957 415
464 915
748 383
913 339
883 18
526 892
275 347
849 340
511 968
852 111
388 947
627 876
248 451
360 467
574 562
720 441
133 631
420 395
348 414
591 439
56 151
679 450
707 977
585 329
446 723
841 884
873 516
955 812
127 770
668 468
67 348
979 534
563 832
75 748
407 623
92 686
856 611
355 333
224 273
310 235
349 961
411 44
406 467
389 710
344 656
211 171
829 749
167 997
248 651
209 78
245 543
671 500
944 290
90 451
931 197
906 879
439 684
662 770
294 203
660 213
897 112
441 786
451 890
817 419
257 65
810 588
878 918
527 996
935 831
455 100
580 624
271 361
473 246
707 312
143 390
352 94
105 124
330 444
406 803
1 784
745 548
668 628
248 861
226 168
570 168
826 139
97 976
201 219
460 488
172 631
80 456
917 190
107 158
892 685
950 515
413 332
757 133
882 838
240 459
491 334
422 257
685 889
90 290
714 801
621 947
283 975
429 15
735 680
347 833
109 658
502 35
914 493
133 133
199 925
709 595
956 447
115 414
98 63
970 498
164 187
74 900
446 696
212 395
451 866
843 969
838 658
633 848
831 864
193 583
926 593
784 64
776 493
504 998
891 816
721 457
738 162
229 849
241 347
361 236
593 658
870 163
30 12
763 619
573 431
573 751
369 773
658 617
105 458
143 405
242 995
48 76
692 597
804 557
95 908
914 902
596 129
843 932
715 670
519 709
215 784
539 895
153 410
186 652
90 84
146 649
497 34
165 860
621 930
670 833
508 279
80 943
844 988
619 430
652 975
986 502
945 985
637 910
449 180
357 302
495 453
716 388
647 327
66 738
547 767
824 306
986 612
999 688
173 137
740 659
295 122
268 426
389 385
538 422
574 220
539 919
246 736
684 879
825 756
923 454
156 40
826 997
894 233
404 130
842 184
299 872
643 753
627 3
867 442
497 338
800 628
211 899
68 413
153 726
522 155
643 218
694 813
1 841
473 213
629 477
923 148
301 211
529 353
292 327
406 562
561 807
53 330
395 612
200 315
283 57
908 564
561 57
363 114
284 803
835 236
1000 913
94 137
772 529
207 67
697 73
68 823
877 367
862 976
562 835
498 475
204 887
345 746
1000 869
362 464
51 647
918 21
560 846
810 43
547 111
69 737
45 593
917 381
618 275
400 146
22 693
54 948
286 128
936 258
987 284
337 587
406 947
941 187
884 186
84 11
891 62
133 476
247 449
928 67
821 288
160 580
416 664
118 657
640 802
631 646
418 942
35 106
970 889
653 648
703 803
247 224
675 378
512 536
722 940
358 869
832 896
547 563
860 286
47 914
172 974
564 745
664 346
566 406
564 885
760 79
701 24
565 63
361 529
73 738
648 427
821 713
606 15
735 562
572 354
600 424
653 202
222 327
265 967
385 315
814 142
569 627
359 836
793 755
205 84
625 378
612 182
770 333
859 772
196 763
842 615
136 844
348 186
474 505
646 591
514 705
693 631
183 819
137 651
887 307
676 368
311 788
901 957
261 531
148 482
126 859
950 552
629 216
671 664
925 810
320 964
997 6
133 945
946 157
34 47
878 343
344 597
186 206
158 222
789 920
769 473
96 171
946 733
253 550
789 750
94 588
155 465
924 685
605 671
67 817
984 89
482 957
966 639
439 478
534 756
717 677
593 566
566 104
380 266
44 95
605 288
355 744
924 889
952 553
845 333
313 659
118 565
624 16
850 836
888 38
217 264
425 325
814 939
78 870
220 293
572 63
67 679
286 976
678 210
105 460
169 677
261 585
131 373
968 995
61 295
915 696
595 743
767 735
810 334
451 318
963 716
53 255
641 547
200 610
386 384
138 341
173 722
763 723
697 313
324 586
197 968
24 587
913 818
409 611
846 820
790 732
565 920
972 738
286 346
603 781
330 362
27 151
278 108
718 755
871 530
465 271
905 582
163 889
768 767
143 13
852 96
65 922
673 460
951 975
59 335
584 318
871 620
199 87
899 704
845 558
978 606
957 98
203 506
504 562
145 377
248 617
928 156
445 277
364 821
548 931
222 950
531 949
693 340
334 948
95 695
145 314
407 447
719 133
904 290
730 384
111 330
594 724
729 615
822 882
229 572
700 102
859 497
396 838
577 47
694 10
758 757
231 814
529 785
989 602
937 462
887 658
183 787
994 70
813 711
484 8
424 259
243 168
868 300
62 207
923 111
453 360
240 587
909 795
260 374
714 35
134 446
576 843
952 569
414 251
763 411
65 289
936 680
645 845
171 888
65 239
15 813
860 329
897 746
58 485
212 968
446 354
281 160
528 579
357 523
464 29
882 577
176 2
78 755
76 618
585 690
482 240
214 718
791 251
486 771
562 793
603 974
408 610
111 259
429 893
759 56
815 917
620 335
192 313
864 433
494 626
134 985
898 185
225 768
576 216
231 663
110 907
715 482
459 47
989 733
754 705
795 704
746 470
490 174
306 929
175 960
198 638
427 573
188 663
901 185
874 294
521 471
637 568
972 974
309 220
716 977
328 536
381 484
426 894
568 281
605 399
531 16
503 285
501 203
235 62
526 882
338 672
304 878
331 346
388 521
694 297
800 730
438 992
589 342
329 767
729 25
148 327
409 654
919 331
459 81
134 954
581 704
777 244
965 248
21 325
156 103
239 493
681 484
311 23
903 846
683 324
960 417
260 616
59 596
385 750
939 722
547 292
705 94
523 568
495 109
118 786
45 983
886 273
691 560
308 47
584 730
132 766
885 451
668 18
678 546
186 223
718 284
1000 641
394 324
665 736
671 927
576 880
23 488
912 772
963 794
25 643
91 357
795 458
177 443
720 123
594 472
775 310
120 71
794 36
320 208
681 947
117 128
53 915
646 215
27 577
551 935
505 684
519 299
493 122
590 775
710 132
446 760
388 866
214 986
290 812
467 462
949 63
918 159
9 711
18 756
933 60
128 133
380 927
748 83
717 422
898 683
754 199
129 453
299 685
760 722
853 332
662 251
990 591
7 976
285 926
560 453
443 111
345 451
711 976
141 56
422 99
676 664
9 652
311 269
502 72
936 34
756 735
734 238
450 405
55 696
683 39
462 647
267 559
759 726
485 969
498 754
277 261
85 51
95 301
316 76
246 632
447 951
32 401
906 506
21 167
14 253
689 94
302 691
851 621
571 838
760 721
865 2
674 441
182 125
274 994
713 687
786 775
230 916
289 288
666 128
655 996
162 173
886 569
655 250
540 796
6 522
881 902
144 250
978 68
595 50
858 968
297 177
570 19
275 477
631 172
101 235
602 270
553 202
841 431
755 246
167 159
969 255
865 834
912 609
367 662
316 546
638 556
245 513
481 977
555 921
555 60
279 455
709 90
334 150
836 954
154 305
269 57
173 831
794 730
356 139
973 748
473 908
724 973
305 382
307 342
77 431
438 904
319 102
360 583
272 28
876 59
635 699
933 282
692 561
703 673
519 400
167 997
323 741
683 453
577 28
93 852
1000 308
296 539
31 292
985 520
971 337
320 270
572 610
629 30
859 674
519 143
648 885
279 149
162 90
255 955
250 424
432 940
676 410
673 228
727 113
918 109
914 838
848 649
555 592
146 835
365 112
235 103
217 940
14 705
971 111
203 486
318 302
31 416
717 542
76 234
303 791
332 907
28 995
574 792
260 588
947 288
814 295
882 25
967 675
395 300
259 653
723 410
84 918
511 376
299 309
250 980
557 870
687 844
446 838
50 49
563 916
161 888
109 564
985 938
112 277
859 328
765 762
879 51
342 413
799 288
563 930
487 821
557 813
680 902
303 718
509 843
29 905
733 695
6 165
210 132
542 889
504 278
17 736
751 70
132 433
699 307
247 30
185 119
740 642
775 589
992 37
454 141
230 803
470 1
795 391
606 627
680 664
451 24
884 849
138 185
282 428
797 138
584 120
525 929
663 380
597 583
695 89
939 245
13 49
929 811
560 627
831 571
492 296
746 266
207 649
545 721
596 352
670 87
251 292
718 712
501 710
49 715
811 601
60 830
710 103
191 407
467 509
226 553
947 317
48 522
716 782
658 134
918 414
935 884
397 932
826 20
292 859
147 268
248 269
39 104
770 530
850 820
238 359
79 439
873 750
962 437
7 32
208 570
300 935
526 907
141 593
900 10
259 599
953 964
769 635
156 957
120 396
357 647
627 500
867 561
654 62
801 948
397 8
863 408
690 593
514 640
189 211
607 646
41 615
818 749
577 155
652 239
422 726
612 505
374 864
951 477
974 516
279 892
381 527
817 294
427 77
868 987
331 780
936 279
507 195
570 527
294 835
560 930
517 372
425 235
392 344
947 416
696 115
517 149
90 780
266 472
258 603
526 579
162 897
114 732
300 605
917 744
935 211
226 780
324 98
901 549
687 305
831 641
664 134
592 280
512 88
337 441
504 508
950 793
825 601
308 45
533 525
253 3
972 773
434 449
879 756
217 657
769 110
287 886
97 553
390 967
996 517
351 179
114 208
13 763
800 670
978 964
102 481
68 388
602 711
6 635
768 222
450 880
398 377
529 464
69 487
461 471
181 486
60 182
140 360
864 102
897 103
469 341
563 9
489 149
53 478
754 810
250 470
481 113
364 345
573 807
84 460
208 19
269 541
179 328
559 269
71 626
905 811
814 497
876 515
737 811
329 129
154 219
671 37
665 588
927 201
228 885
669 142
8 238
525 601
169 360
542 27
383 641
839 585
682 346
624 39
6 117
951 167
252 27
315 392
777 997
384 797
674 367
653 621
862 556
439 419
219 613
82 865
655 159
224 416
983 778
425 51
343 915
447 517
531 269
425 821
510 888
607 215
655 350
288 500
272 581
86 930
260 101
586 294
515 778
673 57
187 371
167 68
663 241
573 254
993 26
97 427
972 15
949 63
899 808
994 239
926 294
105 638
996 962
219 209
964 205
815 859
896 96
202 138
25 673
247 299
800 564
611 837
187 79
163 688
359 505
178 713
960 629
842 880
175 321
466 480
871 815
852 402
997 665
665 675
179 381
795 272
443 940
949 241
593 239
800 747
591 496
262 988
416 842
180 440
543 1
502 176
858 697
231 583
278 143
190 105
3 860
752 219
385 997
906 964
617 814
156 306
164 284
693 815
262 75
59 628
592 700
398 912
658 578
305 674
33 383
829 237
1 253
596 621
585 121
145 994
73 515
438 362
251 534
38 488
441 950
339 190
256 630
841 757
398 344
484 695
781 610
953 813
287 700
218 697
39 889
312 70
624 267
706 346
469 865
754 154
375 197
385 119
66 338
150 734
944 272
536 172
46 625
970 62
718 184
694 987
762 570
331 528
820 755
969 338
928 376
70 932
141 696
137 470
719 826
100 676
859 215
548 942
485 485
529 589
91 249
712 196
138 736
812 860
580 135
583 958
390 169
771 885
680 719
680 59
492 76
675 262
940 98
872 454
516 29
711 68
437 56
409 98
132 426
172 936
660 953
652 462
948 19
623 785
321 165
317 932
662 715
78 293
620 756
139 87
404 48
62 231
1000 714
325 428
880 513
20 984
190 718
548 28
607 270
800 241
369 208
20 356
322 637
609 299
435 450
857 168
105 429
522 529
289 462
483 279
656 304
358 514
40 677
452 621
378 48
429 727
71 59
335 521
733 44
641 208
872 564
157 968
433 905
489 716
272 830
659 390
487 976
152 506
213 258
63 284
646 944
992 611
226 836
263 436
615 718
149 567
240 22
435 633
941 397
58 99
670 724
631 967
313 149
970 214
432 386
585 828
747 117
139 551
541 864
721 915
116 342
6 339
350 74
711 135
729 634
928 260
946 58
370 178
480 970
634 298
131 657
616 880
444 423
67 524
855 10
325 906
81 11
735 51
806 958
477 658
904 446
642 764
488 31
940 641
113 619
226 181
330 80
607 447
909 247
349 405
127 457
522 497
98 152
402 255
381 834
702 854
19 141
447 764
469 276
915 600
517 375
122 504
193 802
438 157
477 432
409 325
125 622
372 94
943 696
752 608
690 205
901 882
819 380
919 802
973 500
933 276
10 119
