681 650
954 293
722 270
349 784
722 4
136 672
184 744
364 360
22 53
975 730
541 370
654 622
32 810
441 43
999 853
356 459
102 5
859 155
162 965
110 110
158 955
529 160
961 526
972 666
615 327
594 916
123 601
13 170
768 432
138 334
570 720
166 305
824 960
723 402
800 685
896 966
582 441
90 179
292 589
956 9
502 652
854 435
979 956
414 465
821 274
41 735
624 849
1000 896
900 857
949 137
63 171
544 679
350 759
608 534
351 310
172 160
469 425
599 706
415 531
183 76
763 524
577 364
914 306
994 621
963 81
173 436
733 675
480 583
125 123
383 303
852 846
997 519
171 135
291 135
929 840
12 634
871 113
694 521
606 4
611 607
783 35
818 489
726 307
715 741
995 842
877 228
766 456
842 6
852 71
327 113
11 170
963 84
594 609
362 459
124 883
276 734
144 937
466 115
858 615
583 137
234 30
823 411
351 581
552 698
14 587
285 128
487 225
653 153
394 264
173 602
418 933
285 717
308 346
701 448
221 430
170 218
401 564
1000 838
182 20
743 434
422 677
876 660
747 245
15 314
554 437
18 113
6 824
950 829
777 103
117 225
841 124
576 496
703 190
550 94
464 960
834 18
644 852
307 432
94 137
220 834
682 208
538 957
201 56
592 185
305 611
255 204
823 338
179 866
207 486
65 816
498 904
618 131
836 194
341 363
638 7
835 675
486 870
9 701
576 845
839 103
718 405
397 218
521 180
499 683
603 899
232 691
355 586
952 226
473 273
561 336
297 933
612 40
969 646
454 111
505 891
967 300
846 146
302 437
377 180
698 189
112 237
787 65
974 773
51 328
710 685
125 330
542 469
984 904
169 343
818 978
780 929
792 398
873 605
479 579
275 333
841 688
393 663
374 143
910 106
920 150
498 294
271 511
60 410
965 71
819 28
232 566
510 968
98 508
391 752
975 581
326 23
620 667
521 39
119 208
919 114
513 980
923 697
102 697
91 870
659 450
966 887
897 828
506 767
73 621
541 183
112 540
414 775
195 941
363 411
417 261
974 465
550 640
800 269
587 793
335 439
219 987
358 382
329 904
51 616
134 871
943 131
177 149
918 671
81 587
529 831
955 190
495 748
164 151
701 565
143 757
295 339
880 830
937 411
326 467
130 384
558 24
630 541
848 333
812 401
159 27
66 179
75 876
232 475
596 8
526 175
185 779
584 669
212 135
270 582
958 646
286 747
833 476
781 624
91 967
540 116
686 741
513 61
593 626
871 697
318 357
117 430
105 329
857 538
727 861
344 641
865 758
5 495
103 75
167 287
449 791
993 183
705 162
264 967
111 682
523 291
349 79
442 218
496 566
962 154
813 436
160 737
46 481
692 508
393 846
516 596
164 890
156 414
889 64
797 858
209 213
550 387
472 966
257 780
528 283
490 205
878 689
665 462
197 370
561 427
204 685
782 632
692 13
45 308
435 191
871 613
215 449
401 356
361 374
381 338
685 691
665 439
887 657
975 759
644 217
499 444
286 869
534 728
906 299
755 542
200 77
676 76
171 790
807 484
827 361
150 913
587 106
192 926
630 175
280 409
636 347
595 421
23 440
443 702
471 648
491 994
893 70
419 94
502 469
607 616
987 176
290 390
44 145
839 300
988 417
490 66
64 361
178 489
786 569
606 127
811 732
108 239
599 127
709 244
22 915
171 250
214 986
400 431
3 899
591 983
711 182
310 62
419 457
252 872
851 898
60 498
608 860
580 829
697 647
30 540
823 760
991 495
80 947
749 371
704 940
884 23
355 159
575 468
302 794
708 173
10 233
77 26
417 241
450 722
54 867
953 967
719 773
666 351
687 459
433 5
486 106
268 88
921 74
887 734
382 629
901 251
535 385
470 227
440 295
437 283
220 971
952 820
758 991
297 964
13 971
978 790
111 122
902 178
574 226
177 924
38 390
166 262
906 961
49 723
171 212
356 551
333 808
939 430
685 218
940 173
762 411
939 384
328 517
860 108
474 385
149 135
864 574
917 173
966 51
501 253
677 881
337 395
260 78
121 851
179 49
262 432
632 501
422 644
258 85
631 690
42 697
833 681
182 843
385 531
736 565
768 439
538 5
878 435
949 422
28 30
298 453
485 946
295 165
241 715
809 655
924 728
666 524
938 1000
734 907
796 789
487 652
348 319
936 641
913 377
857 548
919 315
278 873
216 773
206 311
906 108
307 862
704 800
547 234
671 495
999 840
38 175
551 470
374 193
429 314
478 364
815 749
994 614
626 1000
753 986
385 905
697 144
296 236
750 786
523 321
515 479
182 670
48 931
719 548
961 956
851 416
728 676
273 885
767 121
3 7
750 661
668 679
801 171
650 851
158 149
677 143
486 188
731 68
473 896
21 58
533 254
325 625
998 853
985 82
920 179
174 56
327 495
963 305
498 735
23 176
426 273
966 421
256 108
643 69
572 464
219 803
200 415
27 568
746 445
463 689
245 219
140 344
77 337
880 81
496 88
199 354
343 209
75 919
292 799
191 643
340 65
506 747
587 194
253 822
917 507
688 433
223 963
520 320
608 257
800 640
517 678
238 728
48 621
313 75
133 691
37 254
413 918
653 336
891 477
237 317
175 425
92 123
286 968
732 721
947 250
358 130
659 485
20 862
125 836
926 308
169 425
224 766
663 609
527 276
433 277
242 766
305 384
616 842
742 770
890 897
337 59
701 176
73 738
42 149
280 744
522 145
305 446
390 773
293 581
102 54
990 641
506 429
640 298
695 970
796 866
103 29
738 651
156 751
163 411
577 673
81 364
813 844
946 699
128 633
43 869
49 122
472 424
976 500
268 817
115 591
248 677
264 82
361 308
962 798
470 291
336 337
476 997
832 299
514 751
772 429
397 186
384 442
930 154
599 253
177 238
100 697
478 184
172 796
717 754
730 415
789 715
689 181
875 996
446 608
864 120
843 459
290 466
941 887
30 579
391 862
241 532
308 467
212 499
741 179
217 157
205 114
971 691
870 107
396 285
937 409
316 376
413 569
220 452
455 253
221 999
239 143
218 107
236 708
172 95
574 890
259 935
419 513
965 187
773 603
435 218
453 594
788 573
426 808
127 704
408 14
373 295
861 118
823 828
808 335
119 393
5 602
45 234
482 291
273 64
895 300
369 848
862 205
223 330
476 832
503 978
243 188
570 169
983 753
326 363
142 645
388 526
927 579
126 320
932 525
855 56
492 344
309 140
884 652
883 213
20 850
145 963
709 937
853 688
357 571
258 92
120 249
973 348
806 459
496 570
365 147
472 999
517 114
596 724
508 777
222 696
167 398
443 455
628 2
227 639
363 317
491 370
239 917
799 838
126 129
914 823
739 269
826 146
339 692
730 777
75 614
848 587
413 882
271 730
962 61
179 632
237 557
641 934
550 326
104 571
314 121
49 68
685 967
584 652
382 814
186 540
845 438
843 591
757 382
202 926
173 124
621 912
362 45
988 266
681 184
208 610
925 899
777 471
115 132
223 234
104 681
98 132
21 946
367 991
406 169
655 559
734 678
954 532
409 936
676 685
620 339
451 135
950 255
230 719
505 499
170 738
332 693
392 783
276 212
233 267
501 140
683 98
566 246
468 54
79 438
786 712
207 524
94 60
257 677
919 638
655 940
886 248
355 187
898 117
610 631
53 324
590 880
937 230
344 577
954 633
324 484
30 927
243 108
377 567
515 475
819 338
240 40
346 531
249 852
329 491
197 295
199 903
434 785
165 552
885 75
602 715
133 33
408 956
756 16
831 627
630 54
635 482
800 408
290 38
72 318
725 732
637 502
369 728
793 265
863 735
655 853
753 102
380 123
890 519
105 424
6 836
748 405
915 81
444 839
676 43
690 934
114 317
350 421
169 958
633 626
207 981
872 729
472 678
983 365
464 422
16 190
801 713
342 874
256 548
657 278
27 470
55 819
941 697
512 792
42 59
134 211
759 74
974 345
130 102
758 953
412 771
289 723
143 716
511 874
212 370
159 393
874 910
402 724
165 846
380 215
201 153
717 584
247 876
512 191
320 712
515 5
369 659
360 339
710 82
550 301
515 124
393 681
775 112
912 481
56 348
577 1
27 905
200 358
893 844
432 15
173 172
637 419
557 699
914 633
68 906
149 925
92 259
360 719
167 362
557 688
639 18
356 161
720 899
174 629
342 530
41 924
167 789
952 258
975 758
450 422
131 288
871 149
89 740
499 839
256 209
321 527
715 166
107 149
717 64
309 189
424 445
535 520
727 426
744 988
19 746
981 881
236 79
311 587
792 492
883 172
994 440
132 398
847 327
21 609
144 667
698 540
776 967
945 611
653 459
732 196
31 886
280 891
741 868
284 916
273 668
647 544
278 987
733 692
508 783
783 515
137 439
400 249
887 55
663 400
854 355
903 938
340 377
277 518
506 562
502 780
612 548
379 275
324 932
118 248
327 831
780 410
910 558
685 728
546 256
602 460
163 746
983 786
493 699
574 266
493 433
251 483
21 707
597 213
558 234
921 967
138 886
912 652
219 405
731 484
668 242
667 347
1 810
5 808
542 767
345 205
961 7
915 132
187 546
468 31
86 26
590 159
70 796
38 580
978 428
298 248
719 87
170 424
38 685
3 689
940 587
2 576
140 537
63 940
774 823
157 595
911 882
804 231
878 228
721 784
485 297
483 401
560 928
277 255
934 21
65 47
430 398
974 267
517 948
314 764
54 445
237 938
617 530
37 684
784 827
305 57
666 551
378 701
28 866
942 394
751 29
665 155
279 577
954 141
223 966
513 156
898 758
232 921
434 356
399 62
208 279
398 129
586 353
359 109
686 482
319 256
307 598
401 189
741 651
996 741
127 593
834 514
980 144
439 156
541 639
675 890
345 751
648 957
416 900
111 559
51 405
782 110
576 448
130 112
428 202
910 225
545 371
141 417
164 772
285 480
995 804
474 296
269 346
779 86
643 477
364 265
878 118
673 946
265 434
230 691
90 561
70 838
239 201
134 208
29 299
749 559
466 174
833 180
990 999
141 122
66 511
925 37
993 908
502 165
796 334
333 303
140 639
23 220
10 546
354 907
582 693
15 287
319 343
457 422
889 694
171 198
746 304
842 21
253 947
921 257
97 973
34 757
237 786
311 904
216 404
980 926
344 615
556 855
761 323
369 361
734 683
16 880
247 837
404 167
685 618
347 827
591 350
87 81
186 288
853 947
589 920
810 982
530 993
259 693
409 1
486 367
70 198
343 364
962 799
179 268
694 47
610 211
418 836
20 189
974 885
475 287
275 488
342 324
755 999
729 232
727 938
846 88
141 913
555 462
318 962
9 223
776 45
586 255
973 560
711 817
106 497
84 95
108 158
85 408
681 55
11 642
840 717
869 451
574 725
468 589
828 641
189 922
353 238
253 628
428 358
83 17
200 407
728 15
707 346
857 147
91 396
463 683
592 236
798 80
127 113
993 571
647 556
447 479
715 883
464 672
453 40
93 258
146 591
36 27
324 99
838 825
724 235
742 94
27 442
973 270
253 799
727 166
639 721
166 734
138 1000
981 579
327 288
257 275
199 496
324 153
869 275
224 494
852 69
299 913
802 448
589 375
738 168
519 255
925 6
658 941
309 584
871 467
184 181
748 958
468 36
237 344
18 970
126 493
32 4
420 553
931 592
818 443
30 257
912 596
650 30
127 985
290 314
153 172
970 423
890 335
234 184
554 847
319 317
612 986
552 341
226 29
992 149
298 471
383 234
775 422
356 899
826 315
673 25
480 66
380 175
821 160
710 528
519 701
71 23
805 984
816 675
279 719
556 407
100 46
656 167
836 957
449 948
741 700
452 86
45 908
730 382
971 589
359 641
478 491
962 811
216 326
851 125
912 948
106 241
884 103
741 994
128 55
609 654
448 502
291 794
883 481
815 312
71 956
857 714
445 890
219 342
458 726
40 382
702 757
853 463
931 276
93 631
621 822
761 862
20 372
8 337
425 319
657 337
289 851
18 642
388 720
313 733
219 587
103 603
917 728
196 135
349 902
463 50
464 333
805 943
164 818
830 129
852 206
632 358
181 870
443 29
706 222
767 338
215 424
851 135
657 30
657 475
917 151
851 318
477 876
968 618
907 866
399 381
784 469
424 214
946 32
22 272
652 172
846 600
191 614
682 805
151 740
794 329
461 21
633 447
977 605
547 610
27 84
31 659
559 547
614 129
898 768
446 705
890 527
443 166
756 352
635 287
110 829
437 445
568 962
495 775
493 226
633 277
206 808
684 906
514 690
752 890
219 630
306 501
376 998
367 562
939 878
109 814
744 738
315 415
903 865
748 369
767 265
962 662
859 909
746 605
589 277
971 526
551 700
504 324
112 74
90 416
141 951
967 146
143 534
713 147
259 9
317 559
658 253
526 826
126 796
60 802
452 320
846 887
388 468
641 469
26 148
562 36
753 53
453 973
893 686
734 703
323 843
261 508
467 996
95 979
770 829
683 770
952 594
646 946
255 387
383 711
126 924
887 551
418 786
493 449
30 201
732 54
152 190
326 240
741 265
734 277
206 248
877 621
981 73
529 680
192 951
179 109
773 305
110 625
14 252
509 984
759 431
280 540
425 371
113 136
303 477
4 603
431 223
942 5
464 603
97 352
913 781
538 831
140 829
250 774
306 960
855 689
217 745
189 979
612 73
986 988
724 24
176 344
685 807
651 589
189 942
391 914
31 262
531 739
527 634
127 493
94 791
60 459
932 562
37 596
494 782
99 674
441 240
803 75
193 642
50 938
451 980
742 620
57 749
79 636
801 940
812 715
684 33
357 866
458 709
755 155
423 27
112 153
275 928
306 868
293 654
866 781
673 606
200 773
697 491
74 431
431 578
82 615
451 201
817 483
867 100
798 585
199 335
892 26
942 546
782 751
295 370
523 99
781 740
907 200
887 662
158 159
817 851
256 12
612 234
13 32
127 197
576 880
978 242
23 269
262 96
824 92
700 971
759 386
136 17
387 352
751 341
597 56
239 527
236 41
1 773
378 67
171 834
451 252
568 588
783 434
201 70
616 988
268 245
911 477
577 271
16 637
272 721
23 307
419 286
189 471
408 992
831 538
230 22
46 587
13 911
975 955
930 943
412 925
352 877
192 451
966 310
369 571
818 775
64 982
601 863
614 183
820 22
838 286
574 27
380 277
712 478
944 644
622 317
203 394
484 923
132 368
765 488
740 550
775 261
702 235
69 524
917 416
282 844
213 844
166 989
317 388
780 201
9 600
192 18
163 157
633 33
995 493
649 227
884 403
286 691
43 433
310 598
610 964
354 483
600 502
341 213
908 477
173 113
248 783
913 636
940 511
251 740
78 965
53 86
784 620
330 168
975 129
561 183
33 738
810 292
5 408
782 756
546 421
76 697
349 501
867 846
357 619
356 415
785 924
663 798
515 148
886 272
888 936
350 918
826 935
7 866
178 728
90 152
979 738
521 574
422 472
676 604
854 185
833 603
217 758
278 479
954 704
337 432
753 813
692 64
962 625
354 524
583 583
353 126
840 382
928 320
484 608
916 456
612 72
926 927
382 813
575 173
540 886
935 687
642 176
754 355
914 289
827 562
222 928
16 858
66 992
878 889
267 819
666 517
175 127
953 123
763 256
390 638
636 735
171 777
768 162
669 27
220 644
808 899
375 110
353 663
858 696
340 856
137 481
21 759
849 681
683 855
409 73
302 192
72 168
368 91
98 828
534 824
592 401
646 959
637 996
962 816
254 567
517 70
637 415
808 553
240 461
286 866
26 965
700 44
146 164
264 656
109 307
52 999
118 339
896 739
225 524
301 286
61 855
706 828
926 732
257 437
610 564
349 489
783 553
736 104
587 216
877 510
400 292
178 333
935 657
977 580
754 928
205 846
774 581
969 790
631 403
735 646
525 664
893 292
484 859
474 735
70 996
654 969
139 901
313 92
914 80
696 895
144 836
305 775
97 748
522 982
79 544
821 120
484 946
996 664
321 204
69 19
453 440
662 665
186 878
166 312
928 62
42 772
979 549
952 310
639 866
895 230
787 277
596 839
676 618
576 281
418 828
691 321
587 873
822 520
679 645
898 230
138 912
270 635
679 438
430 148
322 688
788 830
569 147
323 943
363 643
798 893
60 724
299 913
109 158
893 224
931 476
606 616
122 812
812 669
729 188
579 838
519 513
282 378
384 547
206 609
89 177
140 715
175 133
150 644
296 96
178 324
723 194
530 530
209 733
608 570
988 868
577 419
808 512
383 473
626 897
773 325
82 243
978 459
29 378
112 16
721 551
31 538
801 210
764 278
657 215
387 689
150 629
135 180
597 92
743 621
999 584
369 578
140 671
502 965
141 977
476 93
472 936
369 34
111 72
92 420
216 970
566 72
235 476
623 652
687 829
392 518
387 615
764 794
846 140
124 618
204 453
640 561
366 992
324 53
844 156
778 191
25 356
920 898
892 163
164 777
622 301
55 366
118 583
947 571
123 72
166 984
552 248
368 73
338 827
863 141
980 887
142 971
726 633
763 622
593 46
348 769
555 13
438 701
520 544
526 931
548 902
420 673
555 972
390 301
379 104
961 36
537 332
97 648
55 695
989 788
734 569
346 377
571 755
44 702
675 960
701 317
533 758
485 900
636 896
180 241
698 40
599 219
586 333
179 905
339 574
733 725
612 618
940 547
953 100
676 655
549 95
226 795
497 334
685 64
958 271
448 469
112 6
842 521
579 99
605 564
77 117
67 118
841 231
512 885
101 417
353 626
563 235
645 170
424 316
293 141
836 308
340 319
211 441
222 633
696 5
771 796
522 707
57 576
226 202
557 17
245 627
334 693
211 389
151 356
289 931
631 222
12 173
479 563
975 877
190 275
371 316
847 623
952 740
196 215
706 808
290 944
737 484
91 607
141 431
789 85
653 389
476 575
326 762
954 310
235 633
321 278
377 484
105 157
387 537
456 841
402 935
313 407
644 716
428 312
856 4
400 434
173 648
881 289
161 484
885 600
