81 201
919 131
10 421
921 648
331 897
39 210
749 922
746 653
110 162
575 510
659 760
45 132
886 451
901 971
819 477
610 263
804 897
410 734
242 117
36 489
896 208
325 911
421 270
355 580
587 192
858 30
803 873
605 458
218 929
254 819
550 378
691 579
355 233
616 403
568 876
555 887
170 712
791 565
55 204
4 664
400 220
412 330
317 705
162 529
603 25
513 907
719 416
795 332
143 421
802 43
620 404
563 565
478 441
678 829
362 936
768 603
622 67
680 294
347 77
200 696
634 688
618 68
13 191
807 650
909 962
450 203
124 375
226 13
964 364
638 858
584 365
700 779
328 880
765 922
754 718
631 661
907 780
936 944
844 312
555 865
400 940
51 79
611 977
600 934
248 534
956 739
361 441
521 916
651 725
511 832
32 658
325 868
129 868
477 327
60 663
428 18
103 224
351 423
478 227
532 941
694 834
956 177
272 744
648 94
995 640
853 718
359 491
7 612
912 180
978 198
354 791
806 482
224 651
361 914
678 65
352 454
312 855
719 927
858 240
893 971
384 107
186 648
352 178
407 37
171 52
573 959
849 55
574 22
333 15
532 872
465 80
125 912
232 971
194 573
978 564
424 625
241 60
925 284
317 445
329 162
929 539
356 104
545 516
294 672
573 79
296 11
633 725
795 934
254 262
279 836
96 464
86 848
865 780
463 151
389 2
270 210
273 454
628 294
398 610
527 210
203 404
617 190
573 486
66 185
839 421
870 409
542 449
397 125
633 407
88 462
767 418
427 598
744 958
871 501
56 502
169 493
13 559
728 421
285 229
299 936
397 810
730 456
420 567
251 918
528 648
679 886
235 381
505 687
453 565
352 684
342 338
169 374
604 132
668 630
940 142
527 429
464 396
610 154
443 628
55 757
953 792
491 776
273 117
618 719
151 400
458 632
756 802
980 327
190 992
356 167
957 378
509 174
720 817
795 350
378 69
777 796
235 783
682 386
990 483
167 56
591 839
450 63
810 532
957 217
658 901
996 118
514 837
79 924
764 8
140 276
151 96
373 594
267 698
247 923
913 923
570 241
640 46
561 211
874 832
670 497
217 459
444 323
958 121
42 500
918 972
337 440
498 227
494 485
958 224
895 641
35 995
538 690
135 421
473 761
576 867
959 160
52 822
318 663
708 24
894 677
220 102
733 138
366 198
641 47
304 572
425 64
834 523
93 896
243 681
230 319
555 221
345 375
276 369
634 924
193 522
900 640
536 163
420 734
157 857
426 480
548 448
253 216
259 526
926 247
787 95
517 407
918 193
947 796
196 94
581 747
384 403
702 629
722 982
28 656
717 62
310 673
948 100
441 690
382 454
300 957
88 526
701 286
153 946
613 288
598 153
287 138
976 766
454 291
646 601
179 780
298 522
901 205
460 521
710 762
544 51
384 668
988 540
604 604
274 333
605 597
754 737
114 241
622 39
556 934
315 304
389 935
111 333
755 314
496 265
834 787
428 578
505 177
452 128
589 907
875 1
996 92
768 427
271 215
824 724
10 191
395 446
847 868
373 431
708 311
575 643
69 632
854 565
466 164
254 366
88 234
897 563
696 652
218 713
568 594
950 347
401 101
232 31
539 127
205 819
839 382
771 664
427 469
225 733
761 540
964 489
634 104
497 598
237 777
632 794
801 310
46 904
967 907
554 898
248 472
537 735
258 826
283 63
968 52
141 944
166 373
973 251
862 799
436 71
245 14
553 796
635 674
789 337
90 37
428 78
523 471
257 264
253 580
844 241
769 289
651 706
321 732
266 703
723 340
946 62
220 696
690 18
748 733
314 576
842 239
539 843
278 710
360 80
211 136
509 860
396 463
627 149
989 24
912 48
675 892
662 279
724 704
470 225
689 538
212 141
904 928
73 325
679 439
933 466
177 971
745 320
752 567
201 684
137 215
266 846
133 226
144 986
163 539
719 466
927 937
402 71
303 598
182 170
596 755
263 669
842 855
280 900
143 826
230 479
394 668
974 740
976 127
241 794
620 596
586 399
414 847
285 869
482 317
573 506
403 970
358 901
836 135
708 864
556 178
239 364
102 359
213 643
430 795
957 73
357 255
769 645
195 797
127 455
477 217
431 910
514 295
394 473
270 946
340 823
849 197
939 888
376 848
389 484
63 270
944 954
467 578
73 490
264 451
689 220
384 52
549 16
851 237
220 70
258 971
504 310
390 622
527 534
305 281
882 904
616 1000
678 886
91 916
603 153
113 300
804 177
626 774
471 799
344 890
63 307
516 42
124 770
458 115
827 750
798 903
494 143
837 641
641 6
504 21
406 899
847 985
748 300
443 324
454 997
766 658
817 780
69 184
456 354
733 554
892 591
103 289
527 565
871 581
496 254
298 670
800 62
516 214
857 199
774 416
346 564
929 483
408 606
957 456
654 591
161 408
657 142
364 520
394 995
924 636
534 668
236 498
142 997
737 682
435 342
997 653
959 896
948 107
705 960
546 78
719 735
719 601
819 843
988 321
298 494
735 723
732 245
799 319
154 486
179 270
83 122
255 275
900 719
1000 699
897 672
178 1
964 925
586 286
643 625
381 660
961 906
432 85
959 317
105 405
772 779
749 819
233 175
730 650
82 117
745 602
309 481
74 682
431 424
832 645
541 522
175 227
281 646
144 868
200 500
255 389
909 77
665 731
374 104
850 53
912 574
326 823
975 614
354 14
77 723
104 40
852 63
410 190
972 29
78 655
948 192
873 243
272 279
642 32
501 318
949 225
388 392
146 244
403 887
588 372
515 779
191 893
182 724
363 333
587 480
214 947
322 642
793 236
520 49
108 918
538 585
931 225
839 689
205 951
620 675
303 841
876 740
293 808
204 245
987 202
543 511
534 493
672 343
69 202
427 775
417 519
994 37
53 16
520 257
355 318
757 340
937 429
917 1000
629 382
756 681
946 236
613 693
4 969
639 415
569 961
719 333
767 502
906 237
317 156
303 360
181 385
138 931
576 497
819 706
308 213
732 409
53 304
654 112
413 424
550 558
970 949
385 865
738 405
824 657
958 597
28 430
295 543
751 939
483 359
646 691
322 775
828 816
512 438
329 932
833 767
446 835
625 231
426 769
613 258
501 68
82 573
902 743
927 473
265 496
119 713
89 745
377 503
473 900
642 534
458 240
76 83
243 685
984 247
315 917
372 172
535 598
49 575
140 217
738 177
795 73
767 135
737 449
25 131
427 857
902 346
803 676
104 8
817 212
617 820
273 263
757 740
518 531
877 871
40 441
640 966
816 467
913 624
458 781
959 811
819 626
34 326
177 698
864 761
270 117
477 464
450 870
475 974
289 259
914 631
182 991
936 728
269 857
837 323
478 115
692 339
695 733
65 188
324 288
266 325
844 595
373 677
925 825
362 744
451 399
216 847
222 187
801 831
204 350
821 61
281 776
432 195
812 502
689 371
489 681
183 326
963 99
374 187
443 646
545 839
362 875
96 190
400 438
30 544
138 212
487 454
600 183
3 65
509 659
308 311
88 672
956 33
479 164
499 624
613 601
458 78
768 4
328 727
774 303
387 89
658 648
608 823
429 981
202 626
496 642
77 219
939 716
776 964
590 561
376 95
689 712
598 99
656 290
864 835
560 779
376 104
629 748
711 536
976 56
350 576
748 74
611 593
826 582
472 908
821 975
569 420
180 502
223 434
235 122
407 272
831 233
534 243
812 205
240 872
444 499
699 140
949 48
710 496
40 919
23 68
367 699
201 712
755 544
368 364
882 424
826 987
686 30
96 861
627 328
576 734
911 656
920 231
472 607
477 178
898 382
435 558
678 128
484 774
207 2
194 334
198 478
549 899
99 877
702 686
862 317
478 203
655 44
582 11
488 298
825 164
596 433
294 170
996 307
224 113
384 661
401 470
918 819
199 420
807 487
690 740
681 166
325 677
416 888
911 552
108 454
377 871
664 99
735 956
765 554
460 861
185 270
9 504
805 889
652 66
96 412
424 331
251 630
412 110
181 805
77 72
521 778
937 928
780 599
378 913
145 365
767 923
4 246
518 924
396 343
40 689
59 507
92 295
852 933
4 962
7 16
668 92
333 17
222 928
95 124
465 858
356 239
228 117
945 247
497 326
844 455
480 490
566 645
128 280
220 643
597 536
221 132
337 355
305 409
29 51
369 675
13 361
203 348
767 561
764 28
249 749
256 2
47 347
409 873
567 194
860 662
729 479
307 282
955 599
152 423
834 647
836 536
797 983
737 92
989 218
453 142
42 221
138 172
311 499
750 224
990 243
274 15
701 667
464 644
55 733
949 845
612 454
566 993
959 208
10 361
648 290
955 207
484 676
838 362
780 46
425 803
415 779
353 479
38 861
22 530
556 226
17 48
876 482
625 529
321 269
343 415
648 83
978 132
291 107
865 7
541 335
1 346
681 463
955 495
255 679
12 688
566 716
911 428
339 752
576 159
915 852
972 426
98 586
260 365
789 849
129 233
998 255
255 405
383 126
185 148
914 590
789 178
826 653
163 111
525 473
99 181
900 919
761 829
130 270
956 461
985 681
108 396
265 751
610 408
535 893
885 364
186 321
606 762
690 46
155 66
721 989
119 594
93 999
969 213
923 692
413 315
63 123
849 780
592 506
990 176
999 866
118 271
698 660
557 26
777 696
297 748
844 443
959 528
890 14
136 981
134 513
41 708
150 35
698 692
843 576
477 696
5 95
325 935
677 793
128 570
169 876
581 503
585 55
770 394
521 563
33 568
38 668
323 732
571 494
778 398
870 727
154 50
298 38
700 956
505 320
863 199
755 789
665 880
830 324
823 376
332 109
124 403
661 628
71 851
547 965
394 392
472 410
995 69
875 781
73 293
985 854
870 181
570 871
724 514
787 133
655 479
882 323
366 551
699 384
945 175
67 312
908 986
562 137
160 42
140 837
857 986
834 664
124 456
318 633
834 809
951 778
476 189
434 841
306 605
652 320
190 446
117 422
223 803
13 528
453 517
60 870
177 385
480 324
504 847
19 980
661 841
437 941
747 967
716 192
233 356
490 677
313 972
759 725
33 648
784 279
934 39
366 849
286 475
945 231
300 87
60 561
327 706
969 23
590 241
303 928
830 876
870 881
333 620
138 957
492 982
801 13
216 863
105 557
135 243
858 550
758 774
153 196
660 949
71 13
204 126
197 767
982 304
764 55
831 771
428 316
570 855
855 316
50 598
887 186
645 46
968 975
679 896
423 708
933 600
434 119
974 423
645 853
939 493
777 712
887 63
797 206
703 319
760 293
311 316
514 488
38 266
949 337
251 832
365 89
797 356
565 621
779 711
966 139
211 542
216 833
196 775
316 526
555 545
736 3
285 105
221 764
353 67
587 429
613 404
410 498
155 950
64 834
422 398
26 613
143 880
304 447
991 542
248 23
884 220
560 920
387 624
656 531
945 492
941 229
618 488
674 209
532 92
766 872
85 184
866 204
531 253
991 653
144 96
405 843
58 866
801 321
126 532
670 199
880 177
130 395
576 290
614 596
85 835
950 304
93 1000
693 525
706 562
534 995
220 709
684 625
36 950
397 898
172 163
453 523
430 446
466 544
299 602
904 212
770 957
917 873
963 2
717 935
10 146
42 2
230 201
347 878
202 411
413 99
785 935
398 756
606 952
66 312
963 545
922 48
562 786
68 973
566 844
925 459
8 512
560 877
654 490
822 502
480 519
831 435
271 263
408 932
910 535
797 234
171 444
973 748
864 563
275 437
771 400
169 246
324 588
416 960
866 282
477 926
656 370
648 130
557 317
269 667
443 876
933 13
78 70
723 391
972 634
525 120
159 808
882 129
231 665
586 66
675 152
647 885
412 937
475 190
963 60
21 489
331 366
255 791
291 108
506 764
311 370
614 388
346 536
187 462
25 752
334 201
89 869
978 170
303 357
6 344
898 970
137 22
134 134
387 245
770 433
586 185
959 988
827 543
165 25
38 406
332 568
168 145
304 681
463 212
487 837
462 931
264 397
462 637
130 415
766 783
222 807
702 466
148 184
76 848
543 468
757 704
123 49
987 342
756 156
414 700
794 887
324 293
804 150
714 937
982 599
446 141
652 965
993 461
822 857
795 236
476 303
995 168
318 872
64 961
193 662
379 292
9 105
914 904
160 462
491 278
298 457
109 264
350 109
553 290
986 98
220 624
62 77
479 912
147 951
713 855
348 273
888 576
528 818
157 619
858 70
216 475
284 21
162 916
881 53
856 358
939 392
145 933
95 302
496 284
320 409
968 18
88 172
398 181
231 546
611 309
702 126
862 64
836 614
196 915
279 198
157 801
855 29
923 556
848 377
716 657
29 54
480 72
587 131
721 452
650 956
509 201
897 540
930 142
914 643
46 362
91 629
932 913
412 234
781 202
509 480
803 801
325 182
269 930
407 407
567 218
252 68
505 163
575 660
484 483
403 21
3 761
709 928
984 460
249 45
644 314
175 276
796 876
790 277
936 875
742 275
27 763
824 539
515 659
279 403
914 186
199 477
619 499
32 119
564 489
365 383
450 378
892 973
622 430
691 745
250 727
78 995
997 394
175 225
925 670
592 115
350 188
739 463
78 816
179 329
455 455
455 508
997 508
863 942
106 352
868 986
466 201
621 172
951 358
847 575
858 103
341 663
593 865
908 560
382 793
330 426
100 475
64 53
301 508
907 58
474 785
43 201
587 543
106 838
667 234
535 225
628 67
896 579
660 927
228 281
336 517
446 411
548 15
503 674
668 107
639 722
34 301
592 796
894 615
156 568
187 360
78 369
175 976
212 975
703 559
995 709
900 73
64 809
837 865
552 548
957 365
398 934
655 450
87 265
622 739
904 676
835 40
831 904
348 754
790 853
540 902
964 38
860 182
545 449
343 660
87 533
444 835
505 42
179 812
237 86
290 909
68 963
918 146
315 972
445 510
521 489
740 826
97 746
566 340
311 618
964 484
316 817
112 417
248 379
195 971
354 167
600 487
18 607
7 877
35 272
732 949
580 985
395 519
684 519
758 637
3 269
64 719
980 371
370 892
141 575
408 846
771 63
893 487
886 313
202 416
729 663
450 37
497 629
716 205
702 455
587 1000
600 461
940 54
567 705
159 384
842 915
386 345
738 807
397 153
229 707
933 816
950 899
746 243
344 632
273 606
13 622
845 600
308 528
544 867
349 742
425 109
369 231
450 367
278 828
514 387
684 927
297 446
654 698
814 953
238 958
937 971
345 733
967 398
568 280
617 162
749 231
492 242
156 463
293 386
769 917
906 741
337 524
50 852
412 930
506 790
161 643
537 138
8 756
765 992
157 516
714 349
215 1
94 321
229 133
281 196
971 828
127 754
459 199
542 519
860 797
780 558
31 103
595 658
148 718
523 183
199 370
696 191
25 701
619 623
752 204
972 94
59 589
143 964
545 7
888 29
716 451
128 952
559 889
210 894
269 744
572 816
228 607
975 942
840 889
390 713
662 604
170 662
358 404
683 236
169 50
785 452
791 512
78 204
636 811
846 589
863 949
639 543
168 391
587 360
243 234
677 263
741 312
492 978
475 405
930 674
631 904
407 998
376 693
464 781
188 473
116 212
301 587
3 543
816 956
442 890
566 376
361 257
670 649
848 320
638 600
45 691
632 332
956 304
923 194
330 12
330 675
596 179
594 428
687 618
262 651
261 912
301 471
168 725
396 245
238 710
729 930
72 912
103 371
553 362
804 524
69 482
701 181
533 499
425 237
825 968
7 27
330 15
651 302
870 800
596 862
812 272
665 496
900 650
210 510
672 347
250 940
296 283
618 776
261 751
713 175
499 585
146 196
914 717
527 669
800 430
649 560
954 155
197 455
432 371
228 68
610 136
64 778
776 140
575 107
589 466
117 852
327 518
566 864
134 893
286 31
608 357
376 369
911 49
776 34
661 248
784 261
792 294
358 787
21 661
161 885
787 181
630 963
319 665
699 2
469 591
239 906
37 89
586 419
636 691
722 52
961 806
866 33
277 314
260 992
869 145
824 992
757 647
992 249
442 224
66 695
851 25
261 803
30 706
513 525
120 802
687 84
614 500
76 642
618 731
421 682
757 442
287 917
628 445
507 146
629 293
931 506
339 329
190 357
271 874
863 608
933 371
869 909
149 670
991 1
292 299
533 364
202 836
175 2
817 553
525 566
762 856
266 707
206 503
903 963
889 229
11 927
615 333
542 946
31 237
339 351
659 754
820 818
999 741
167 315
627 299
197 541
867 163
834 507
761 244
163 889
277 549
923 741
92 689
402 366
753 289
829 728
693 228
933 19
692 516
711 636
690 479
318 452
839 566
836 895
983 971
236 798
461 53
263 761
388 414
811 762
706 626
400 944
827 774
41 595
446 33
310 553
654 510
157 934
38 841
413 456
582 4
773 981
922 991
991 590
970 601
479 632
489 933
453 412
931 297
890 376
657 2
217 220
789 392
328 544
798 773
483 545
532 39
510 678
638 797
169 104
215 955
916 107
811 591
9 634
806 748
174 427
117 639
45 696
776 180
195 249
344 672
9 918
378 564
800 978
465 129
503 655
435 170
493 331
674 16
267 264
518 606
141 683
398 966
518 841
936 547
464 575
982 945
899 127
327 233
932 838
141 827
142 972
659 583
164 387
19 131
548 993
945 337
352 891
416 325
364 502
509 288
153 555
74 356
812 543
541 834
734 489
192 840
712 664
690 60
758 800
921 278
77 421
484 493
995 226
681 632
240 677
823 882
446 719
598 242
576 632
339 189
503 158
97 655
597 852
314 794
444 817
11 796
90 530
522 564
46 793
724 929
244 510
961 853
71 164
462 66
856 197
193 528
365 809
209 277
464 663
42 150
578 763
596 560
832 944
868 680
141 12
117 852
311 420
803 553
933 422
633 987
57 143
844 427
657 606
721 533
374 403
419 216
931 217
759 421
520 977
65 542
736 488
410 62
498 864
301 937
364 78
811 463
913 242
777 615
327 438
821 427
470 908
791 194
736 69
915 314
