756 553
706 328
856 349
475 183
232 864
886 510
303 830
180 974
927 10
654 512
133 659
251 980
288 783
767 90
952 168
937 761
250 518
87 637
58 821
947 114
634 361
292 307
154 640
597 917
999 42
306 423
789 538
965 112
227 186
608 952
899 109
155 296
322 627
977 959
642 549
610 543
485 481
310 16
364 929
890 42
227 922
708 769
19 357
135 96
217 212
315 170
192 434
58 681
929 269
497 4
795 165
514 484
773 368
623 111
942 241
445 551
571 803
789 19
890 611
600 767
92 272
653 866
550 126
455 659
353 709
103 853
531 748
779 554
430 828
393 258
537 798
867 890
45 499
451 944
984 673
10 724
232 280
319 562
633 886
594 730
727 415
725 475
660 412
440 522
884 563
971 169
409 282
170 563
399 832
85 520
156 955
524 283
144 742
925 258
215 288
166 119
432 655
32 785
370 837
676 372
547 332
593 869
759 592
317 946
708 18
654 86
15 977
417 344
134 124
235 234
978 356
998 978
896 13
479 898
206 814
95 36
496 165
190 260
400 152
35 401
800 419
372 788
649 170
549 510
189 460
287 479
209 761
388 181
959 438
289 968
275 214
591 699
213 46
203 793
443 668
644 694
467 862
153 628
259 845
148 175
807 162
159 140
195 432
346 443
109 184
347 416
822 865
300 236
500 547
842 361
240 666
978 376
483 917
719 277
192 602
309 371
464 650
846 553
368 845
776 246
862 12
625 32
947 424
193 774
816 529
795 878
674 274
354 777
566 404
836 438
921 353
165 899
153 647
446 427
151 920
882 72
853 165
115 601
594 614
56 29
421 959
617 617
442 251
189 360
228 136
330 59
730 354
239 443
115 904
900 694
461 355
427 45
281 528
581 131
306 391
852 946
411 271
946 365
785 286
490 846
291 549
499 255
968 368
202 465
627 891
271 616
487 720
251 50
890 532
847 196
615 480
509 910
484 119
52 238
588 457
203 529
785 12
152 604
868 561
998 910
287 814
716 665
521 871
892 849
115 546
24 522
195 522
669 816
197 726
412 363
795 432
53 869
770 412
319 973
709 941
268 250
123 645
179 808
148 834
135 705
977 679
941 216
682 105
170 925
759 696
351 932
300 403
50 582
584 414
421 402
368 730
728 310
565 207
872 735
596 324
137 428
408 719
505 986
777 195
46 517
280 954
72 574
963 118
17 372
701 485
834 737
44 878
448 646
680 22
382 840
63 239
664 394
490 915
629 979
641 756
269 285
907 224
973 141
948 115
982 714
386 670
124 65
643 511
744 462
921 294
818 312
996 91
542 942
27 708
461 755
427 609
727 583
36 367
754 3
334 37
412 543
556 371
92 833
990 669
422 612
613 948
741 243
520 780
473 509
790 133
906 17
51 281
150 348
44 88
670 940
530 326
692 863
416 665
420 161
588 121
709 673
771 161
895 227
535 463
212 362
941 688
61 493
903 280
809 436
752 476
919 630
605 732
84 458
822 407
920 841
921 508
231 474
975 356
766 2
16 880
621 627
618 336
707 129
228 786
43 104
863 664
202 492
697 108
746 459
174 607
372 561
15 936
877 355
47 453
963 12
361 926
393 441
634 350
498 65
494 171
897 798
485 839
126 975
189 78
908 599
169 651
756 921
781 297
645 823
956 389
86 189
776 968
75 790
743 739
161 693
273 986
713 631
872 814
320 102
906 552
413 75
450 595
435 429
672 949
587 142
891 774
924 200
855 891
308 846
873 415
207 784
809 718
289 369
576 760
452 399
587 781
681 271
611 61
678 78
14 519
200 543
721 963
327 321
931 685
267 523
417 576
48 618
680 297
526 983
604 865
57 402
10 778
606 526
485 211
609 305
957 770
121 118
377 454
590 411
362 506
912 861
49 447
693 178
205 732
269 507
253 618
926 973
995 56
799 725
318 910
716 989
248 515
221 253
36 608
398 121
882 134
78 394
99 425
554 719
48 871
731 26
392 803
132 288
603 601
983 126
370 350
694 987
341 275
360 715
467 698
898 556
407 55
573 594
105 844
399 215
12 56
754 882
462 359
432 873
325 433
528 630
938 1000
997 470
956 994
156 749
61 157
463 627
763 611
374 457
409 228
68 97
639 234
583 374
370 89
520 785
971 794
701 240
888 856
111 957
287 764
3 636
783 935
638 809
60 36
202 942
254 302
497 379
238 203
929 699
561 618
655 524
187 636
467 642
287 154
490 81
705 852
545 848
624 742
646 86
300 603
952 316
116 469
766 351
652 335
57 966
534 264
857 758
842 860
140 57
832 357
332 798
837 690
430 354
45 134
875 742
368 43
741 263
249 393
978 34
830 868
730 290
895 149
940 658
339 648
636 908
377 763
642 915
312 438
640 75
641 166
14 602
223 394
82 249
897 255
444 612
434 793
34 769
175 606
312 588
706 93
132 965
395 520
718 987
746 258
867 741
148 756
204 629
39 322
901 451
403 486
372 705
495 594
789 190
124 300
496 540
49 392
860 88
803 557
795 614
602 320
876 655
2 830
104 220
4 450
451 565
33 960
219 84
643 728
634 39
346 448
784 347
492 729
313 382
128 606
626 211
773 380
532 779
562 498
772 883
857 498
329 272
31 128
911 410
796 926
736 331
773 599
865 6
656 451
644 383
725 575
888 476
547 419
923 963
151 122
259 341
711 798
358 163
638 326
769 53
797 59
434 672
601 219
72 564
552 339
675 955
29 296
604 237
385 969
813 76
417 530
986 502
140 264
633 136
821 841
861 509
408 713
26 904
828 252
653 220
707 72
43 259
890 328
622 37
539 786
70 829
387 859
631 351
848 946
756 760
257 297
805 66
514 386
595 314
314 949
558 420
745 332
760 160
971 451
242 203
356 429
456 319
698 552
253 460
112 670
954 608
342 159
962 274
825 503
631 38
672 717
756 695
159 872
637 505
692 796
295 337
660 277
11 597
680 106
322 856
139 926
514 465
157 742
706 41
67 571
653 721
190 264
78 504
530 195
795 946
393 294
332 641
564 754
384 898
942 282
924 218
954 703
413 570
684 368
987 455
475 572
285 600
222 834
982 879
348 115
165 659
799 233
488 407
402 579
371 281
187 483
331 53
636 320
959 710
499 127
68 321
278 192
932 123
330 837
916 691
460 560
943 337
482 714
94 561
870 527
312 566
875 631
305 502
430 936
235 141
186 146
316 453
179 445
165 199
232 31
129 267
321 955
962 464
901 209
802 209
224 1
24 213
932 333
93 879
701 231
330 860
700 562
630 432
408 269
414 762
347 859
197 166
83 244
937 269
695 191
491 404
318 749
503 312
202 349
448 694
361 565
346 51
450 687
743 529
664 32
442 452
1000 260
150 24
383 896
965 295
450 355
584 849
940 352
79 888
763 311
523 29
285 885
105 258
706 944
343 413
552 428
517 871
548 654
810 606
289 872
127 156
308 418
808 254
907 658
861 198
106 60
912 439
278 328
646 774
453 207
243 371
955 51
62 179
319 524
694 872
844 516
686 825
322 227
865 674
457 945
894 3
730 376
761 424
769 841
225 162
74 81
691 245
87 259
35 14
481 583
490 917
507 523
224 479
575 683
408 182
61 443
396 944
150 597
750 750
90 938
808 63
814 771
446 490
957 105
164 665
210 293
587 714
513 642
421 177
229 526
42 881
116 546
550 840
27 364
205 204
947 810
578 366
29 842
324 400
609 224
877 571
219 117
631 720
8 868
433 518
33 256
810 579
361 557
335 177
19 17
598 495
804 525
303 739
302 812
281 231
60 198
108 1
363 477
286 749
142 509
434 454
708 600
654 835
481 822
695 536
229 981
696 164
216 583
582 874
789 492
217 208
79 273
652 966
911 691
320 650
844 512
787 555
404 376
898 654
820 657
377 549
526 204
8 721
284 562
479 460
812 71
398 743
112 967
854 447
511 714
425 295
324 483
544 771
85 5
605 952
916 758
963 668
693 261
489 925
105 463
587 490
804 810
734 606
151 297
330 191
45 484
756 945
536 107
363 125
803 87
840 233
198 281
764 560
798 610
201 457
267 204
569 33
422 323
539 55
48 64
849 464
419 741
180 134
1 307
476 431
301 831
314 150
502 67
402 528
12 825
540 931
73 174
311 180
119 935
71 508
737 710
79 620
767 830
37 608
189 407
696 399
988 649
96 878
294 196
868 35
424 167
781 320
543 818
347 288
349 404
224 228
172 537
717 1
984 834
362 906
194 883
950 395
144 899
581 221
532 461
612 962
926 732
356 586
809 463
532 402
652 510
469 319
422 98
441 268
97 18
341 836
454 726
94 632
446 484
95 788
570 221
801 31
401 415
643 905
5 489
961 139
9 925
675 682
574 877
20 640
870 356
943 621
95 644
619 634
172 232
551 141
431 517
339 51
649 108
967 576
298 669
332 516
366 143
660 929
733 144
393 894
933 876
99 826
427 115
845 892
249 904
997 461
424 938
933 90
502 520
235 419
86 569
872 694
215 645
380 331
424 266
736 62
602 515
675 945
384 333
602 365
227 567
839 846
917 217
9 438
698 804
131 603
292 305
866 517
276 850
136 412
380 15
150 51
337 575
482 816
120 875
627 770
239 503
492 940
513 437
346 363
300 865
802 20
822 918
989 766
254 488
908 445
287 734
954 548
40 143
161 508
128 786
824 131
892 750
351 235
489 581
191 458
35 836
279 553
766 63
350 698
187 62
459 492
372 185
564 834
221 25
461 87
428 579
403 923
359 514
155 128
796 319
439 666
275 722
356 171
934 910
767 885
502 489
598 473
987 724
674 675
478 807
307 994
601 480
814 699
64 236
118 620
199 356
964 997
511 202
305 307
525 947
799 815
800 526
927 414
958 806
326 860
386 322
551 343
912 739
237 528
828 388
53 706
34 540
633 698
788 854
195 934
490 663
243 20
567 781
872 234
632 73
998 656
9 433
8 906
115 653
529 371
804 541
114 520
270 270
737 302
884 942
266 356
809 982
557 461
209 653
404 848
586 645
621 409
256 703
471 287
590 872
315 585
95 880
840 30
795 691
470 47
90 43
615 306
196 836
149 126
108 115
44 419
475 432
850 735
478 245
855 474
918 642
19 826
168 921
574 404
84 140
427 966
516 992
835 304
430 464
79 356
40 441
365 132
340 980
626 642
732 22
161 714
950 723
418 926
308 890
135 782
542 688
817 641
514 310
556 283
94 63
485 405
945 673
10 17
989 372
181 245
168 856
278 49
789 329
26 751
406 356
289 468
490 356
113 650
512 59
614 325
76 218
461 946
705 77
150 850
774 239
891 928
849 872
190 120
574 29
396 482
742 384
702 569
646 722
980 815
532 958
334 938
267 80
876 527
270 940
487 742
521 996
138 246
88 186
236 227
172 203
812 168
305 884
246 447
308 440
776 582
100 951
967 312
601 568
66 981
771 135
374 221
241 891
503 790
824 524
493 139
613 871
202 585
275 587
403 224
487 707
369 466
166 955
927 276
624 466
70 698
241 745
399 861
459 476
885 272
962 800
131 15
77 600
869 718
895 142
279 423
245 710
818 459
624 35
410 626
860 166
630 562
26 337
929 688
798 688
39 707
717 660
662 293
433 15
428 805
938 604
169 378
301 893
706 995
961 844
780 722
35 675
941 574
964 30
962 754
784 227
920 566
410 307
648 975
193 832
207 233
911 648
70 246
667 570
792 817
96 56
557 654
638 816
79 689
867 827
828 433
895 433
899 507
310 334
834 65
79 14
715 70
968 27
412 147
947 364
415 17
694 2
274 565
392 52
119 412
396 912
882 807
183 462
422 755
114 779
306 306
861 702
695 697
808 152
918 743
993 726
911 476
777 162
903 828
604 699
952 521
475 841
552 150
826 979
756 706
35 812
320 902
103 290
325 945
862 717
103 604
403 821
852 974
96 177
108 408
324 47
579 487
489 476
982 707
748 436
11 314
69 629
983 453
626 635
482 952
127 779
282 784
444 729
339 893
225 468
463 934
720 166
392 459
368 228
506 700
498 128
914 184
482 882
42 674
585 735
610 744
309 363
410 635
627 90
936 489
290 711
466 328
6 946
146 771
253 177
879 657
935 817
191 872
637 652
936 962
239 419
229 601
350 130
660 5
168 139
725 414
85 74
499 77
187 725
651 454
86 349
527 360
433 849
547 448
634 988
768 382
988 665
591 774
263 685
330 572
269 72
879 722
619 980
763 31
555 187
451 292
937 281
808 200
266 159
582 602
126 187
352 169
513 988
710 926
531 998
321 783
623 411
870 931
44 925
55 158
956 212
435 783
783 95
69 310
289 1000
318 964
827 564
73 227
603 16
903 92
325 48
220 624
750 36
385 786
533 227
593 118
630 90
99 35
930 77
129 8
481 482
301 480
732 202
718 574
302 529
12 562
20 418
530 920
990 425
98 755
732 322
631 291
649 76
142 413
158 30
766 929
688 550
505 25
285 9
577 402
365 487
690 632
988 219
375 675
532 195
989 386
975 172
679 448
525 76
746 590
32 797
267 335
233 127
105 29
938 73
924 678
407 528
892 470
187 522
393 894
4 243
564 284
491 644
987 347
217 468
249 165
391 536
935 918
298 638
148 784
597 947
427 729
786 24
505 712
13 275
360 900
48 448
275 41
927 150
838 685
360 980
281 428
348 308
191 704
481 905
253 694
849 918
249 532
742 64
73 692
717 185
939 256
339 568
839 5
66 734
939 254
426 309
360 643
802 507
185 941
806 488
166 613
892 856
539 592
88 292
391 443
493 948
464 4
762 738
505 336
605 929
298 751
131 402
452 835
474 938
103 236
617 326
742 550
376 378
500 341
403 210
564 847
227 512
556 323
621 150
770 793
100 833
65 186
836 56
552 95
701 231
790 585
694 634
269 819
685 67
987 978
42 363
991 885
261 909
823 210
59 947
920 328
216 425
867 730
580 849
319 84
586 456
842 561
468 428
228 687
862 854
136 942
558 986
270 203
295 730
338 880
994 993
752 344
218 793
469 750
780 330
723 622
814 430
721 329
962 467
39 840
670 739
865 463
373 171
39 948
523 541
217 627
18 11
722 705
216 559
375 574
515 501
852 336
156 595
844 124
475 924
869 928
304 880
434 463
496 299
78 642
939 448
458 355
809 704
512 45
8 564
229 962
776 900
853 839
380 924
937 794
430 150
659 970
902 356
438 806
966 86
183 56
135 439
648 543
805 460
915 158
619 399
150 429
184 111
671 594
973 217
941 310
805 555
841 45
173 921
801 709
547 709
348 299
789 578
101 576
443 344
431 181
165 714
869 2
166 875
236 484
159 184
149 225
482 509
339 323
618 579
24 729
619 769
363 345
84 766
433 853
89 459
940 137
458 301
184 837
981 869
579 724
773 357
552 144
846 894
447 795
356 819
104 760
817 478
805 547
570 180
743 89
431 875
391 816
934 491
701 239
711 905
940 186
334 77
421 717
568 15
149 432
313 220
726 366
554 339
448 817
103 448
34 904
677 268
299 659
889 220
527 360
181 449
552 679
974 772
635 304
404 516
361 550
799 581
533 863
382 314
266 532
502 607
55 279
462 964
270 352
468 602
971 875
424 567
212 325
642 136
272 873
205 94
449 95
139 20
912 844
280 453
969 707
459 746
270 634
994 945
500 297
793 385
87 913
244 337
350 97
293 296
317 243
96 881
519 441
914 493
9 205
487 723
613 662
815 664
186 314
267 771
655 608
504 255
264 302
691 881
393 709
350 688
459 788
600 187
918 632
625 113
162 927
208 952
504 259
567 963
451 917
540 416
609 429
801 918
357 537
441 203
619 86
843 130
601 256
232 655
300 679
648 164
64 641
454 770
186 89
376 201
923 144
72 765
661 299
772 661
233 160
88 634
399 321
112 735
892 192
868 518
492 950
358 470
201 803
932 419
965 823
800 638
489 833
822 549
54 204
742 675
536 204
53 797
904 837
472 915
450 422
180 161
536 373
766 118
623 544
162 285
735 134
867 523
655 211
557 847
451 808
954 519
208 593
858 984
803 648
779 227
333 422
109 272
241 416
244 715
400 689
586 498
859 400
920 451
401 797
632 956
931 449
929 444
330 960
416 227
896 110
142 295
308 984
880 989
575 388
583 401
51 228
417 136
341 765
509 399
476 312
900 129
45 728
138 826
849 174
753 351
505 215
301 808
293 384
509 831
398 834
722 642
969 334
605 861
159 713
268 302
875 911
212 423
795 547
434 298
786 563
942 388
496 800
376 580
50 269
604 841
400 619
632 151
913 822
309 887
606 559
4 946
378 812
927 135
789 706
491 48
876 519
863 202
349 883
65 771
979 213
271 621
638 390
879 512
960 54
929 709
334 250
732 583
411 775
706 187
910 153
619 644
863 994
642 473
708 162
931 344
883 644
163 896
106 954
192 941
541 253
192 805
930 67
252 132
339 695
676 381
368 665
528 410
487 718
696 672
32 48
547 163
393 918
15 904
323 222
453 472
560 715
286 623
703 812
741 663
772 60
194 496
375 363
111 793
674 266
941 424
479 807
983 783
244 845
96 624
218 308
394 606
91 478
302 193
768 108
203 178
644 65
394 515
407 723
965 160
899 157
247 209
865 468
64 770
369 372
742 748
807 563
371 205
254 858
239 892
988 563
150 438
121 710
15 413
768 265
192 958
527 885
545 820
261 60
567 159
269 982
828 686
729 847
362 636
702 729
616 409
540 735
738 187
85 555
720 627
959 971
62 490
413 680
453 788
177 642
615 691
873 692
245 253
442 187
592 276
884 460
450 365
782 337
49 723
9 196
738 200
468 300
909 330
534 991
803 610
162 652
160 62
63 556
356 621
259 435
307 891
734 886
44 97
810 633
111 648
540 734
208 552
28 625
249 249
19 632
831 320
130 140
994 939
879 291
381 782
176 981
967 183
651 19
689 725
545 890
323 817
879 796
617 911
686 388
413 902
911 850
315 928
2 487
389 538
882 943
335 165
542 99
821 463
499 466
640 481
483 188
162 317
668 429
718 627
154 699
219 107
694 240
550 597
399 163
