509 286
63 494
636 216
648 983
667 956
189 48
707 556
913 888
750 736
588 996
275 498
123 982
649 910
858 61
97 11
39 432
511 378
931 798
866 836
181 609
345 178
324 902
566 397
235 904
951 908
390 97
166 151
359 631
740 538
642 200
361 348
144 977
957 556
836 292
285 207
199 843
489 662
434 72
978 802
208 967
471 811
943 587
797 655
309 256
948 531
485 249
6 956
719 342
5 535
162 215
679 617
430 780
233 873
512 285
240 80
819 770
792 694
137 501
528 170
609 820
431 550
113 316
243 654
150 570
338 484
462 373
573 674
10 42
127 504
984 469
852 122
772 629
761 737
101 476
85 448
365 738
429 237
959 200
236 923
330 989
382 533
424 253
268 668
664 753
76 581
52 176
728 782
177 551
420 900
786 81
244 410
346 414
249 239
546 329
834 207
171 253
984 135
984 249
207 76
457 342
381 310
521 55
664 185
181 337
981 919
793 57
958 814
705 49
368 721
822 996
4 276
848 489
715 786
624 649
247 88
229 588
801 653
682 152
709 172
211 787
822 796
822 31
979 957
506 195
145 857
609 778
852 394
919 431
788 403
733 970
88 88
209 406
640 558
79 747
258 384
19 223
146 253
949 721
863 580
284 355
257 312
547 47
837 323
583 591
663 849
974 353
960 704
151 360
316 309
968 937
750 437
359 331
102 303
822 85
23 283
342 488
812 260
184 166
301 82
140 72
342 13
16 639
682 460
815 711
459 604
577 884
191 728
894 232
241 250
863 255
792 478
64 704
295 81
59 362
917 819
367 711
425 520
214 726
228 704
64 703
693 319
715 143
541 883
143 101
314 157
676 586
512 451
426 325
363 625
390 302
368 586
347 189
977 159
162 59
544 348
894 593
841 901
492 550
582 271
124 164
15 268
677 452
827 828
765 819
708 79
42 639
441 806
775 713
887 610
13 275
673 592
350 333
558 931
403 326
961 907
572 521
479 872
711 9
477 335
422 920
36 145
959 601
692 495
522 906
892 742
26 967
124 156
67 59
626 302
638 21
619 564
484 498
187 473
790 881
896 934
299 583
604 291
638 261
400 495
681 772
78 360
311 983
337 708
389 760
520 642
708 208
974 695
374 887
654 597
889 883
747 457
387 474
622 701
741 320
364 247
522 338
95 755
408 822
596 413
232 701
171 517
654 485
957 971
488 898
342 758
228 444
526 304
30 197
41 454
398 629
473 927
467 751
273 407
612 520
184 490
305 462
471 846
115 668
376 202
346 30
233 203
448 282
217 707
40 624
576 52
469 788
712 930
193 312
131 194
769 846
128 973
26 914
89 639
114 756
984 75
490 140
742 715
839 995
165 5
378 568
492 326
603 144
842 445
697 902
484 664
781 362
704 419
365 370
256 585
102 659
903 505
358 977
728 863
696 140
172 929
760 234
220 621
50 616
423 344
180 55
567 118
141 765
41 753
103 923
572 388
971 172
683 72
390 16
491 77
994 517
306 318
556 262
643 162
430 887
316 336
779 25
386 86
173 148
332 687
481 434
233 12
975 59
789 581
365 537
296 803
385 114
445 51
307 157
207 174
496 432
782 543
997 411
388 973
151 372
892 332
785 533
884 104
755 877
447 406
420 834
986 555
213 736
283 409
463 290
146 808
624 986
580 183
798 770
265 785
19 169
693 702
348 458
214 949
14 448
577 682
371 324
549 161
974 165
740 134
487 962
970 466
353 813
754 524
932 267
682 420
206 572
632 394
792 204
767 425
670 949
702 705
278 765
824 905
154 530
937 617
568 51
524 708
659 131
699 407
806 738
314 34
577 545
125 382
532 52
367 368
742 6
570 84
484 589
692 997
149 385
102 895
272 281
426 949
548 342
202 627
318 15
639 61
783 253
161 449
166 845
595 94
25 900
119 796
521 734
758 570
799 515
337 6
965 121
90 532
440 169
827 533
131 328
591 307
704 637
162 930
953 713
375 815
488 902
221 628
44 212
387 71
181 689
626 134
787 505
170 213
531 962
227 411
619 929
954 653
670 332
9 386
746 241
83 437
714 496
605 567
349 956
734 372
656 38
18 77
724 443
107 284
86 317
38 84
871 832
812 213
198 835
283 22
247 433
175 879
710 494
921 508
439 820
349 231
960 651
803 696
521 239
498 948
897 704
561 156
6 4
741 234
937 622
591 6
50 122
516 296
803 998
497 76
341 481
424 682
926 54
917 152
688 181
661 727
131 618
987 845
2 497
936 493
673 360
720 642
835 775
111 863
880 670
359 511
258 921
323 1
400 908
133 356
868 969
49 124
295 696
1000 506
950 970
496 105
980 698
871 155
323 951
903 968
16 564
441 28
8 855
601 681
228 31
38 288
68 883
346 111
243 981
750 412
61 969
580 378
553 194
186 319
779 591
544 748
300 201
291 259
441 682
388 988
96 23
109 291
608 380
802 857
446 936
6 914
60 622
623 219
207 146
39 934
992 920
769 748
870 555
634 409
859 455
831 308
157 916
469 880
4 935
895 234
840 872
47 31
203 92
47 832
719 765
533 986
661 428
567 48
497 36
830 475
923 570
715 257
309 963
856 735
292 804
72 352
917 242
526 88
568 194
972 975
900 844
183 426
634 83
640 51
705 652
911 791
798 459
402 240
607 769
121 671
628 267
573 537
656 739
889 98
415 514
29 301
610 452
917 57
445 36
480 252
252 890
901 261
52 509
423 435
506 787
599 66
319 657
711 550
901 88
543 450
361 913
778 62
614 739
868 140
165 76
96 790
569 19
792 528
775 2
888 459
133 791
137 596
721 622
414 528
810 383
100 927
889 157
134 325
752 930
892 507
168 174
42 506
227 315
916 256
531 896
180 589
564 838
537 642
398 360
602 317
956 516
491 54
367 810
654 299
852 867
646 24
113 466
979 50
550 944
734 762
955 44
391 309
684 135
882 552
429 79
884 590
961 802
296 545
171 500
685 831
908 410
413 168
851 755
229 222
508 71
484 25
444 934
890 829
627 659
274 893
421 437
567 2
713 98
677 424
961 323
811 468
511 446
919 638
264 780
717 347
301 827
873 832
377 748
58 855
120 905
807 649
157 523
575 605
272 406
495 333
751 650
153 554
212 836
646 21
62 571
869 607
536 174
613 647
949 640
920 546
75 74
578 573
960 791
398 430
328 42
382 660
954 206
400 760
553 396
996 316
459 18
775 609
409 576
652 965
492 768
772 3
162 723
585 346
88 233
897 16
702 878
690 585
509 555
872 5
875 666
734 740
405 559
782 661
125 648
585 299
140 881
856 824
986 240
861 97
251 294
819 501
367 521
575 549
433 249
69 626
815 317
345 637
513 740
300 829
588 872
779 412
752 414
690 760
848 95
98 408
209 685
546 691
378 466
984 121
496 774
17 518
626 148
918 121
974 861
631 387
322 216
148 994
965 96
798 651
292 698
403 244
620 843
608 953
211 167
895 378
803 508
470 775
832 271
333 940
911 88
6 629
572 571
133 115
611 372
597 506
588 98
12 647
407 193
118 820
414 744
592 291
17 46
116 937
170 115
278 963
755 214
705 678
36 622
375 44
124 455
219 614
951 173
124 603
273 856
82 460
812 527
174 215
821 404
548 991
139 963
523 590
41 827
326 116
502 377
322 686
383 473
711 844
740 389
649 285
483 267
516 231
145 742
532 155
35 551
179 768
519 275
825 956
818 75
202 715
436 166
137 715
786 970
382 978
472 234
437 880
729 839
220 687
344 545
609 848
828 718
921 38
737 267
652 460
78 120
812 403
766 367
781 126
960 453
67 413
955 419
183 474
511 675
770 634
904 109
703 16
1000 161
390 40
196 526
52 278
654 764
169 916
476 510
608 418
516 337
670 820
712 942
916 385
967 87
165 182
2 312
119 858
979 27
809 843
794 971
314 492
625 361
332 919
937 665
844 612
191 621
740 311
832 822
43 14
308 671
520 924
532 650
585 967
551 838
342 730
575 600
95 23
202 466
82 693
443 105
178 663
870 577
382 202
375 592
983 313
20 892
267 284
420 636
782 486
674 282
828 953
298 683
869 735
498 599
558 750
71 208
656 588
297 996
439 651
75 945
730 676
305 368
196 31
496 600
722 728
654 585
22 652
348 782
223 940
16 193
821 975
202 288
414 26
718 730
636 646
916 818
724 585
460 999
641 614
139 475
601 265
921 234
507 429
133 606
140 188
791 503
515 685
871 75
566 591
637 463
278 728
811 77
765 625
566 737
492 5
340 419
456 93
73 492
123 854
850 910
25 538
756 15
887 705
598 298
835 968
97 428
510 478
174 433
789 720
52 904
518 978
897 377
54 74
292 864
551 365
783 569
325 720
367 498
115 186
88 840
949 439
665 392
49 479
258 515
654 461
546 106
696 164
243 1000
568 951
582 218
262 91
454 445
972 846
365 642
412 232
729 81
392 424
613 582
126 653
803 610
88 825
701 899
196 980
826 799
56 35
563 741
215 735
102 931
856 593
461 159
225 444
936 634
553 393
985 673
404 955
457 986
620 343
412 652
633 156
541 185
893 474
680 451
970 148
24 892
217 814
498 924
94 899
796 718
614 964
550 356
833 681
126 932
487 321
478 348
499 667
791 208
453 120
329 411
254 486
201 771
730 712
47 648
379 488
992 874
173 761
280 39
931 32
893 423
365 949
346 175
899 823
670 994
288 728
16 581
608 186
439 777
127 664
729 53
317 869
592 111
77 727
676 994
417 736
775 60
867 692
505 851
61 17
993 295
570 324
290 606
866 192
230 202
524 405
498 566
274 692
980 825
397 305
34 399
985 3
224 424
391 677
372 510
601 976
969 938
321 594
908 151
562 864
704 673
779 776
469 130
786 653
613 345
870 822
544 277
874 872
905 488
623 786
788 581
942 700
389 107
574 641
869 267
821 32
298 837
444 678
750 769
332 215
328 884
762 460
552 668
525 855
874 704
490 571
774 787
607 206
616 64
819 870
732 575
66 755
239 854
656 568
341 874
242 983
68 933
67 592
201 903
828 526
591 464
654 522
151 190
835 253
890 711
871 99
528 330
731 131
658 162
487 530
375 864
168 470
234 578
790 887
253 889
329 987
8 521
840 397
425 479
955 198
1 648
307 678
154 679
5 60
817 26
626 854
775 323
646 30
16 45
882 854
881 394
915 811
437 626
705 689
527 369
243 410
670 702
363 669
495 780
600 913
914 433
26 257
995 460
576 517
382 669
546 904
311 184
378 169
697 446
964 145
504 460
874 626
923 811
619 896
937 129
351 448
587 849
363 491
66 2
244 641
481 905
392 942
464 315
759 858
736 138
818 18
986 66
844 388
926 275
997 805
3 979
815 693
904 606
104 274
511 865
608 312
799 807
509 723
112 559
216 988
113 983
988 526
918 492
812 760
941 992
872 260
155 841
503 523
975 375
211 539
744 196
989 974
559 526
251 413
591 955
312 827
916 849
346 330
538 129
225 443
452 446
158 561
736 912
870 111
283 950
18 331
933 672
253 782
179 60
704 116
863 85
579 518
468 733
442 714
238 466
920 146
337 365
491 875
992 616
208 747
138 235
8 863
532 593
744 98
81 637
325 827
474 585
991 641
93 122
343 18
561 257
266 308
720 569
66 464
693 694
235 626
315 209
688 793
957 965
104 530
624 808
639 185
185 150
927 443
506 333
565 279
349 783
479 732
55 458
446 117
820 85
350 681
967 117
539 301
874 909
610 214
899 632
539 345
519 536
379 787
267 787
900 712
228 629
571 718
562 981
365 531
206 892
769 799
600 60
281 14
186 442
795 160
315 856
661 239
950 817
743 17
81 706
595 429
950 146
801 468
828 838
594 837
978 211
629 229
836 846
947 622
548 450
145 7
297 365
264 61
248 191
939 311
443 720
847 281
683 713
102 793
196 983
142 262
7 681
700 468
177 354
563 204
602 438
545 213
113 360
494 474
873 892
929 376
817 866
577 949
922 617
830 392
981 240
952 411
790 387
854 757
476 404
354 613
379 301
698 13
634 26
582 499
101 315
554 236
513 156
542 731
324 37
111 355
129 608
71 911
436 141
54 581
453 480
477 397
289 159
135 789
924 232
62 626
238 868
959 609
886 611
396 724
895 842
44 595
565 559
408 736
574 994
308 571
381 865
156 351
773 89
961 92
490 980
259 621
399 336
379 483
490 968
526 139
582 986
698 40
791 796
813 68
320 107
643 156
50 211
703 976
549 935
799 511
832 310
857 411
352 120
858 340
149 752
539 255
272 727
691 713
86 597
338 104
730 918
470 849
185 306
378 226
36 477
193 581
258 155
134 916
968 41
254 474
125 600
6 494
551 709
534 946
82 437
945 621
473 372
908 268
672 224
791 241
196 288
142 258
981 794
177 99
560 693
64 763
910 697
660 48
129 487
473 840
236 227
82 517
503 291
586 540
940 944
692 699
524 616
676 293
178 826
297 977
453 620
646 847
493 968
121 590
984 126
536 851
958 363
139 44
244 279
914 633
864 310
949 706
147 197
524 459
757 575
544 961
155 908
603 376
327 428
71 340
284 916
660 590
907 973
320 505
125 73
282 751
36 612
308 240
487 897
163 8
851 403
306 934
635 7
890 986
42 6
490 806
677 42
790 131
606 469
768 505
207 739
753 875
917 471
190 558
701 291
696 965
39 365
140 683
532 662
587 461
386 593
418 662
223 558
671 724
786 652
27 531
731 486
44 915
456 45
18 682
29 316
670 136
613 993
116 262
365 352
214 576
133 51
497 254
415 776
758 952
780 577
829 291
304 715
629 336
616 516
270 462
42 808
510 216
986 668
886 125
864 18
643 99
234 187
190 989
133 432
271 902
371 12
464 956
594 192
606 18
838 69
454 435
26 377
585 380
725 682
524 190
94 648
472 72
435 732
473 688
917 645
320 871
383 357
82 866
896 827
679 876
734 415
900 626
402 267
459 900
272 631
727 368
7 891
578 102
379 894
63 673
570 675
562 634
225 248
389 790
479 719
240 927
412 971
973 426
969 947
535 139
140 27
516 8
262 277
959 297
942 743
315 624
4 672
479 739
724 392
183 362
300 497
965 953
566 796
947 373
365 849
527 964
218 742
482 912
646 34
377 242
75 897
263 573
240 499
484 20
194 962
889 977
665 676
451 686
817 752
721 288
833 268
246 270
547 281
184 952
840 363
263 498
755 749
574 436
497 12
687 893
707 807
831 567
213 461
287 344
511 267
530 845
626 224
186 317
460 577
82 387
884 325
202 364
67 360
52 395
736 632
703 384
234 388
755 716
179 738
178 303
114 348
15 578
814 629
823 120
654 599
9 646
929 659
918 514
585 517
330 149
609 821
277 713
521 573
313 972
852 331
870 25
683 999
264 919
755 540
262 88
307 396
638 917
479 624
433 465
771 287
491 263
40 946
509 73
92 303
634 950
241 68
584 833
549 274
284 153
750 874
168 498
96 851
91 478
296 717
414 217
136 4
171 76
500 130
782 827
626 391
597 124
443 925
170 695
88 995
729 314
857 227
425 57
659 83
627 522
390 426
994 349
947 978
585 749
163 262
149 740
690 403
864 920
624 105
744 908
206 491
990 16
817 155
821 423
627 612
666 633
495 760
795 645
569 706
258 426
679 344
378 746
24 301
533 458
411 160
939 38
300 639
596 97
340 833
475 523
696 949
576 538
639 650
258 667
775 934
919 106
592 32
699 539
234 563
367 515
602 383
802 268
109 262
326 176
66 14
501 669
354 350
474 407
921 769
139 692
263 54
84 464
230 927
930 611
786 440
822 172
456 914
125 873
228 975
250 868
10 734
950 412
382 602
659 910
62 585
754 427
802 345
588 212
108 171
46 519
228 157
317 769
448 182
544 913
354 309
814 96
663 570
924 628
427 159
436 871
792 587
149 451
787 274
568 696
499 774
550 21
507 322
490 595
295 258
533 726
229 985
150 301
626 857
774 996
380 490
412 706
60 941
986 549
833 946
377 236
812 917
920 519
847 1
159 914
375 217
293 78
916 508
514 617
911 353
236 61
844 260
157 827
996 782
16 264
707 202
833 194
670 333
113 647
831 376
287 195
164 453
634 776
264 203
257 261
861 148
464 930
875 865
913 236
876 535
974 24
628 476
177 872
334 726
226 871
271 838
338 440
778 498
52 274
441 562
829 952
509 908
566 510
558 454
79 286
761 204
416 655
199 118
307 43
672 417
533 440
319 292
365 922
790 839
316 490
586 771
746 535
107 449
954 709
194 605
719 565
339 63
909 121
963 436
626 257
95 317
135 713
655 607
9 178
451 7
914 642
631 242
768 1000
693 510
907 171
688 528
128 439
38 754
179 755
277 101
27 281
481 876
996 528
47 962
772 838
303 662
406 726
331 721
197 752
921 572
515 958
701 197
890 121
210 639
163 298
532 182
979 135
118 295
552 783
572 861
706 356
693 1
78 819
854 152
928 851
567 134
801 5
774 765
897 70
868 177
769 123
650 430
725 271
876 564
392 153
607 225
847 831
4 74
962 89
654 435
371 442
818 626
458 155
535 884
444 920
581 208
976 245
928 272
605 308
215 452
276 496
135 280
391 139
900 230
179 976
263 721
426 716
712 491
85 387
682 57
275 984
829 576
763 720
755 618
245 835
611 879
826 359
503 822
150 737
720 242
157 950
67 579
650 323
222 961
395 159
896 902
999 84
940 653
387 255
496 151
451 643
759 724
665 852
652 588
568 30
407 751
960 32
464 322
335 728
870 282
391 596
848 823
573 98
663 891
729 923
737 12
229 325
80 938
693 633
77 973
591 285
966 844
460 896
26 59
387 625
466 611
823 545
925 397
818 977
146 589
970 773
88 836
961 557
552 291
990 116
208 409
944 822
3 644
849 771
870 131
379 740
123 683
997 583
503 170
892 902
999 53
971 186
218 835
897 278
132 255
961 169
484 870
804 839
9 249
813 752
42 413
31 241
913 605
925 713
577 464
533 800
196 918
216 717
287 184
58 571
340 325
43 332
141 565
135 922
448 989
