596 283
450 352
367 782
439 121
122 434
221 940
994 868
185 57
358 160
188 631
702 64
270 155
267 688
338 361
407 681
698 311
496 559
87 802
277 786
133 224
691 582
109 294
719 470
17 644
712 425
445 721
158 750
112 497
554 723
68 796
961 697
283 747
947 677
21 945
820 600
526 691
575 700
465 870
432 335
919 689
848 261
616 420
882 751
733 668
13 817
529 406
312 256
656 84
707 606
73 915
260 747
871 375
970 815
407 590
190 731
354 657
720 894
702 453
43 659
750 530
359 850
156 430
197 836
420 887
513 817
766 476
231 980
675 83
613 197
793 411
899 201
257 627
589 391
883 475
954 762
494 346
977 232
411 962
241 594
94 852
397 752
333 935
569 509
880 495
786 231
109 124
153 736
255 239
839 624
857 972
978 51
926 33
250 734
862 822
434 133
401 51
125 606
439 218
441 531
141 10
24 415
752 125
433 438
275 87
657 486
710 319
245 306
15 346
838 238
398 418
30 619
627 397
448 640
992 713
533 121
14 750
78 215
792 434
830 984
198 636
935 416
790 762
806 867
227 492
832 755
679 941
232 492
780 111
157 609
603 309
714 471
453 239
103 407
247 964
748 888
189 317
26 116
250 209
411 463
19 403
821 503
785 645
551 292
371 298
137 896
992 413
448 376
856 127
490 84
985 473
346 404
825 630
930 722
61 869
923 585
592 410
551 164
672 687
78 807
268 915
522 332
161 96
709 236
123 641
243 509
256 565
750 685
935 956
11 680
142 792
360 869
165 889
455 895
213 880
405 100
650 226
318 194
789 386
687 712
17 184
103 105
108 524
63 991
904 134
998 919
40 128
653 1
316 142
769 271
677 695
818 413
823 767
874 424
137 724
622 923
185 711
976 250
522 248
563 921
472 793
225 148
341 758
984 610
790 23
463 348
545 416
7 439
68 490
904 828
534 871
574 831
365 405
213 937
188 86
109 263
799 506
557 33
373 327
813 930
75 125
86 559
713 474
265 10
814 539
204 483
254 8
96 295
937 924
991 772
635 195
624 145
384 962
632 594
174 813
557 119
483 221
822 142
449 492
959 220
594 537
993 870
876 222
914 656
643 498
942 219
804 267
527 634
274 585
650 422
747 961
509 843
193 45
119 161
955 955
707 483
985 843
664 476
279 609
438 924
784 643
256 940
600 273
690 321
101 842
425 24
78 485
370 770
223 672
321 747
759 180
78 972
635 31
910 268
261 992
340 739
206 180
876 921
814 893
801 164
364 477
978 852
830 280
137 252
793 450
154 844
826 543
835 797
377 685
39 300
331 951
581 741
386 543
17 840
420 421
387 252
798 731
720 104
354 30
812 986
911 718
661 736
184 177
695 463
933 516
957 805
307 577
113 321
875 727
329 582
506 995
394 808
562 611
534 492
645 203
310 899
178 111
795 586
533 887
555 721
824 484
442 867
647 729
943 354
836 368
62 898
802 539
230 304
338 444
679 362
382 258
74 435
393 681
30 489
760 509
444 149
490 574
105 83
800 97
474 387
730 677
137 554
804 714
818 197
382 947
156 40
466 167
446 267
417 890
364 99
57 784
634 166
222 246
285 472
302 429
165 660
799 806
175 499
330 177
364 214
441 186
889 998
750 144
934 193
601 903
64 197
664 491
367 890
517 82
503 794
802 18
857 326
628 414
204 990
594 70
994 248
644 198
300 973
785 674
426 97
716 771
212 156
903 973
675 353
547 757
609 716
497 259
960 783
507 496
504 152
799 494
147 782
715 511
983 199
443 109
856 855
298 161
29 769
738 344
28 285
584 839
14 174
989 477
661 506
811 549
957 363
845 937
167 437
389 100
547 643
941 10
616 594
232 286
529 374
996 282
282 255
754 721
510 913
849 822
72 805
339 464
484 908
1 259
70 628
35 511
866 544
747 687
453 431
636 850
422 412
609 405
466 608
393 739
120 933
940 266
546 690
458 955
567 50
534 152
821 646
158 186
887 413
182 80
995 145
295 935
365 9
789 586
62 28
335 907
602 828
725 353
977 738
757 986
494 404
574 133
953 550
949 670
551 836
131 330
310 449
34 739
925 984
509 725
592 11
907 332
719 732
66 599
846 416
183 416
18 58
419 415
845 681
523 737
367 388
333 855
513 784
131 164
878 972
560 954
646 809
742 994
904 177
655 275
7 123
480 733
84 32
489 730
162 265
716 662
684 97
352 824
106 287
334 600
505 489
41 104
485 324
148 892
42 848
378 716
316 320
17 602
686 14
662 320
83 466
134 543
536 739
354 402
403 915
823 153
703 660
143 63
250 443
704 916
48 751
270 531
649 885
875 445
538 50
664 8
94 914
877 490
543 977
837 127
972 666
623 888
435 983
739 214
96 289
962 920
424 73
25 879
698 965
864 828
466 441
732 963
399 52
411 109
676 531
914 992
590 665
76 701
609 94
881 143
984 123
828 172
172 139
411 830
64 441
404 719
892 996
17 173
939 763
500 182
478 809
376 405
155 579
70 672
417 835
21 6
882 167
186 797
392 117
450 315
331 979
400 853
258 821
121 25
645 37
3 902
429 6
446 883
688 908
201 303
118 605
79 680
811 108
766 429
719 193
829 585
121 876
92 831
78 128
982 152
463 687
141 107
683 596
26 257
162 647
918 696
414 492
842 724
694 452
445 70
767 914
315 954
371 25
593 387
718 239
697 47
646 730
169 148
685 598
988 831
740 104
359 682
169 316
470 268
61 324
140 894
45 122
627 208
999 45
833 779
907 52
576 417
500 623
854 163
200 344
237 52
5 679
689 134
448 217
78 680
570 748
167 651
661 624
43 162
496 614
127 998
424 688
877 938
963 839
649 808
850 190
641 290
635 56
892 865
517 639
316 527
46 19
972 446
382 433
907 630
982 670
791 824
42 252
336 702
185 615
494 793
223 126
655 441
929 894
725 255
336 532
105 311
410 831
226 230
718 934
48 475
390 419
30 31
460 797
158 232
972 516
13 287
390 416
912 501
956 859
398 554
288 589
68 752
935 427
13 181
1 153
997 588
413 996
91 416
790 369
823 367
761 13
801 753
913 287
461 355
118 629
300 408
787 82
401 265
957 896
641 577
672 426
142 282
203 615
759 429
894 568
116 46
723 551
740 559
962 960
1 937
447 900
358 794
582 739
191 769
690 589
652 220
878 453
319 917
723 779
276 9
560 293
508 83
771 582
614 704
249 714
339 505
453 550
29 714
64 811
943 566
119 780
789 804
248 443
266 578
403 862
424 786
290 182
134 665
839 340
155 849
985 760
913 691
21 888
699 70
84 719
342 878
316 91
524 308
323 494
964 88
48 976
821 281
329 657
868 739
417 830
360 866
321 533
886 596
650 191
474 590
57 929
603 961
152 370
559 71
188 266
291 934
859 498
222 645
388 563
249 827
893 653
529 516
240 523
427 661
927 270
113 497
754 589
480 726
289 293
187 777
610 495
242 625
361 467
545 875
224 894
390 354
28 579
581 665
850 979
995 406
351 343
818 726
703 457
761 528
936 163
256 249
817 651
639 298
63 958
213 111
388 761
183 250
289 768
869 723
86 524
35 979
932 778
946 686
455 785
283 819
951 69
641 349
373 25
308 250
169 605
292 496
784 83
648 325
237 676
661 377
905 235
959 583
622 5
586 143
375 715
184 75
823 757
89 552
184 467
938 956
13 426
274 18
71 72
30 691
27 206
144 707
967 59
16 561
387 795
538 383
820 933
71 608
528 116
790 273
273 371
669 197
653 368
884 991
774 441
81 356
360 100
673 641
851 465
235 786
337 572
493 278
48 213
345 861
177 844
878 312
912 941
52 85
839 638
391 608
640 729
156 573
114 619
67 942
184 909
422 953
108 375
210 741
973 656
813 130
334 577
747 774
999 188
802 544
542 958
256 614
55 862
616 412
686 336
152 177
235 604
161 853
36 234
905 519
988 597
612 728
430 161
524 502
246 695
273 628
217 225
431 144
964 462
917 694
919 505
313 88
158 584
580 926
642 58
645 7
268 900
667 156
397 939
521 241
897 665
371 501
143 360
837 549
411 233
127 360
479 674
710 285
684 22
284 645
510 426
790 902
528 680
83 265
901 168
536 360
854 404
170 86
786 6
886 518
493 21
726 956
342 837
573 888
449 964
41 817
317 89
400 56
953 295
354 104
470 600
837 292
51 779
737 860
809 643
612 638
283 225
99 989
951 925
822 225
324 74
22 50
497 786
52 639
311 16
819 387
946 66
349 160
967 997
744 185
920 790
76 714
425 461
225 286
758 162
612 422
416 191
439 84
151 80
706 346
159 271
911 20
850 215
221 458
396 232
121 574
310 462
109 20
296 958
979 160
210 351
990 750
807 171
823 766
615 933
398 941
984 986
841 772
990 68
200 773
184 813
361 616
202 379
853 896
732 93
338 631
948 376
595 598
267 121
900 951
640 437
720 320
246 231
584 16
68 698
609 589
844 331
674 528
285 992
207 531
248 311
579 583
764 49
178 251
900 301
657 713
456 255
717 718
19 561
101 31
237 113
437 598
726 253
385 306
29 505
696 527
737 693
615 994
876 3
929 847
259 220
469 898
945 729
881 676
977 375
267 995
741 947
885 671
752 786
846 244
112 892
428 152
365 815
72 350
383 687
629 920
374 541
935 426
847 301
900 410
696 987
102 645
526 272
756 661
902 514
902 87
486 900
386 509
435 293
745 227
872 737
651 198
418 551
314 822
698 454
854 210
728 159
521 615
950 29
184 120
373 722
118 297
333 626
809 91
915 249
771 657
873 377
344 222
449 593
431 538
105 297
849 354
797 684
256 83
63 665
882 202
266 615
923 460
622 903
929 204
916 852
357 627
607 990
617 290
444 812
835 738
673 55
396 183
948 193
754 886
940 90
227 742
561 736
490 185
816 744
371 452
275 708
91 572
875 325
277 124
294 698
175 883
286 649
149 38
244 183
649 649
471 516
841 81
229 28
137 56
319 315
980 116
761 480
418 152
224 346
976 334
731 29
22 886
269 299
324 313
171 833
42 222
339 569
491 774
493 391
849 436
466 201
785 592
909 804
55 234
803 310
849 933
89 436
506 7
407 202
16 976
541 416
929 507
455 701
609 358
458 409
180 844
261 34
385 111
8 215
53 670
106 991
743 116
259 321
857 732
905 101
58 31
779 710
703 495
444 554
322 751
224 879
139 827
47 372
425 50
31 987
618 11
736 837
870 111
350 103
723 964
526 821
700 322
145 466
367 493
566 379
597 622
589 857
568 221
651 149
681 276
818 824
147 940
668 673
638 511
557 705
45 792
966 190
525 842
155 86
937 333
183 522
920 740
830 636
880 911
679 310
343 969
464 538
158 904
424 354
724 920
475 382
501 363
502 864
999 786
841 993
786 758
26 677
251 691
138 934
196 830
339 416
969 879
45 903
430 46
487 687
217 205
236 138
41 76
843 282
782 209
860 898
196 176
807 972
646 86
183 140
564 615
205 765
718 756
334 590
125 647
405 218
927 261
610 637
436 818
937 277
727 425
699 203
247 915
30 66
701 98
45 823
367 2
691 595
685 664
116 918
76 28
879 149
673 482
132 412
424 298
687 55
689 704
562 398
325 775
972 604
433 784
15 301
784 759
84 881
416 71
469 243
989 552
135 603
844 607
521 724
758 886
431 392
336 924
20 689
238 47
915 420
147 892
422 691
954 298
483 23
49 913
253 706
743 306
651 375
702 541
135 796
360 587
169 100
793 924
551 362
714 291
485 938
134 555
193 31
285 763
540 148
942 117
353 998
995 518
116 431
835 812
946 292
824 935
249 307
228 852
250 132
724 989
980 81
912 437
109 793
43 613
935 248
41 304
856 397
678 179
145 872
24 436
962 987
773 91
210 427
657 883
815 312
422 223
81 849
442 598
245 198
66 801
645 285
275 6
394 472
484 292
888 25
357 998
991 123
859 625
17 492
299 318
701 681
523 581
191 190
848 111
237 853
224 48
927 517
196 164
951 786
465 160
871 616
113 937
44 16
700 695
750 922
944 196
876 285
137 977
7 930
375 856
192 246
679 296
237 134
372 810
160 609
570 650
52 415
998 295
782 845
550 307
455 656
67 600
445 957
227 6
277 548
585 251
270 162
353 82
683 337
672 587
543 342
456 474
121 660
522 462
385 869
840 631
839 696
345 392
444 586
97 632
453 991
744 796
811 606
72 305
874 918
94 91
930 157
583 19
471 886
949 9
715 906
743 253
433 323
21 741
742 62
197 171
143 193
870 191
487 590
441 191
801 133
332 860
223 997
495 258
508 534
460 130
930 90
86 223
203 889
239 272
590 910
588 458
592 433
503 938
805 271
780 671
344 659
103 575
290 162
494 717
32 657
224 219
813 844
576 132
886 47
237 561
962 117
765 783
79 429
485 332
192 902
22 531
662 280
498 238
527 47
723 256
52 296
621 816
661 892
521 939
508 996
145 23
191 285
104 91
633 24
284 945
750 565
441 827
402 308
443 468
890 136
368 776
110 663
375 254
166 76
439 50
167 185
200 699
843 888
996 326
544 305
224 771
144 649
524 497
571 894
750 916
381 227
323 436
633 746
253 300
621 93
727 186
333 519
215 328
342 456
669 372
258 24
21 386
554 985
48 456
729 393
774 641
89 648
505 99
751 813
852 248
727 249
799 93
190 292
18 505
133 896
455 82
382 851
846 621
141 451
578 815
19 899
371 952
13 568
773 404
354 940
704 563
245 567
212 986
761 13
571 661
643 524
199 116
145 476
13 173
800 410
472 77
544 145
444 246
43 449
470 460
846 71
403 992
711 964
731 936
70 269
65 373
775 239
359 951
921 462
312 354
775 247
172 61
172 866
844 291
932 216
423 149
287 115
626 243
911 336
573 809
955 228
897 678
588 238
361 563
139 775
948 270
681 538
951 904
838 335
307 138
4 710
711 810
324 602
458 117
89 411
316 863
79 38
19 132
236 798
911 497
828 419
490 854
225 305
909 432
265 478
514 17
416 991
433 372
935 592
127 858
773 928
569 714
220 377
987 88
473 515
94 860
599 361
566 48
869 618
653 666
203 235
746 468
827 376
373 6
785 685
934 996
693 286
146 926
974 145
753 979
636 306
623 273
239 104
304 419
671 201
863 558
280 192
677 264
205 103
523 943
396 227
205 674
714 85
997 501
361 625
158 552
345 148
813 438
349 118
415 688
918 280
388 534
3 976
825 297
466 996
744 338
783 856
839 941
528 523
755 891
683 768
359 628
345 760
197 253
807 993
462 86
162 449
433 835
888 333
530 355
424 421
970 901
747 440
434 625
768 828
574 546
821 675
714 13
702 104
517 685
281 413
195 318
191 909
944 874
298 603
750 158
859 106
251 756
543 425
257 487
594 887
190 797
709 579
932 948
310 114
55 765
359 213
837 534
42 963
730 717
385 129
195 895
929 520
588 109
1000 14
632 618
742 883
557 263
44 250
551 702
245 701
354 435
120 773
457 829
700 610
883 453
327 239
599 164
313 190
36 592
659 496
110 691
991 992
485 875
273 969
315 31
715 28
413 841
429 950
187 735
328 755
740 529
774 630
351 189
679 423
581 979
149 267
132 355
191 405
95 644
437 905
584 157
2 822
891 43
651 208
873 93
211 91
923 710
522 354
494 112
413 535
690 874
472 947
11 429
34 924
498 223
360 868
152 122
313 158
757 191
281 927
332 736
897 874
130 222
472 649
276 497
667 198
797 563
396 242
967 423
550 552
41 952
503 708
922 595
436 295
131 948
602 724
352 306
841 376
922 253
586 539
824 139
817 278
950 190
157 170
377 347
510 95
194 469
713 340
663 324
277 985
21 343
578 123
39 451
578 433
531 144
252 184
871 755
144 33
195 842
467 218
988 188
659 697
384 552
24 634
585 906
220 863
807 449
23 629
338 592
803 965
985 224
514 678
97 972
409 838
379 837
889 258
851 387
967 295
595 625
869 895
35 411
732 999
960 802
871 366
394 798
431 658
487 85
333 188
162 229
151 280
721 849
21 843
424 760
804 130
529 430
22 296
814 971
377 778
76 48
147 597
242 107
838 526
677 849
199 851
551 169
500 950
300 323
768 350
240 602
371 401
27 929
944 399
645 204
219 790
119 249
228 27
267 706
38 697
949 446
196 103
334 54
935 72
860 233
773 319
100 144
148 512
625 646
866 637
933 766
762 40
285 507
517 910
649 854
654 707
327 618
511 554
912 741
563 681
378 795
776 992
514 907
866 492
504 267
400 213
109 714
541 694
84 486
232 158
975 157
259 561
282 193
456 145
295 877
849 924
586 879
183 446
7 902
674 906
378 233
644 121
556 427
299 857
561 162
478 300
590 157
925 194
770 347
973 146
765 900
170 649
803 376
404 125
73 621
891 945
481 82
708 219
369 995
152 154
182 298
364 775
653 990
12 44
85 940
81 330
826 103
556 621
396 297
831 238
584 395
255 786
612 921
398 129
418 286
915 831
616 996
176 324
574 588
877 256
347 235
873 263
647 105
960 584
192 81
104 915
531 435
771 981
207 669
399 101
992 688
885 396
30 329
306 4
306 216
214 886
482 494
304 842
218 594
311 282
321 970
652 166
705 593
459 332
95 16
49 416
250 570
903 3
752 822
520 953
977 642
287 651
545 175
215 658
868 321
973 437
627 20
177 566
818 950
593 411
438 531
17 88
734 742
183 458
416 267
523 235
246 708
735 831
163 186
179 526
491 621
967 44
889 300
344 102
208 684
371 188
900 660
961 596
944 631
196 603
101 160
62 346
188 239
887 818
19 489
187 331
74 842
693 256
902 141
608 806
247 659
903 395
765 397
258 42
888 497
328 821
983 201
197 763
679 18
156 455
272 865
459 292
76 669
561 568
877 491
289 781
893 443
540 474
237 25
578 459
677 310
490 947
809 387
396 263
244 266
292 889
117 460
948 561
14 62
722 501
633 127
131 634
402 799
782 220
161 587
941 728
581 721
58 401
854 785
767 978
323 633
