305 935
185 285
229 412
954 779
936 797
772 646
66 673
905 819
61 523
553 602
90 805
223 667
649 669
815 289
623 908
963 12
30 518
175 856
444 46
638 13
28 661
325 57
47 902
523 388
637 115
387 497
322 383
145 823
172 55
647 349
873 711
625 911
371 696
519 753
649 328
193 831
648 963
373 221
570 39
139 11
363 52
168 582
395 637
32 779
995 701
322 456
788 650
20 762
448 277
633 528
477 685
503 635
119 675
287 629
705 597
812 457
798 658
429 213
978 356
144 738
406 893
627 627
949 925
150 538
65 277
488 153
500 883
216 547
118 694
93 525
680 515
570 502
437 939
114 985
328 571
53 977
817 658
966 303
35 7
787 51
611 71
287 213
257 360
922 155
842 731
731 726
168 365
632 784
164 122
330 636
997 932
85 631
657 865
894 284
576 912
189 490
411 868
215 743
427 393
798 125
703 541
82 742
123 989
177 48
675 434
816 392
701 473
162 924
5 783
925 41
168 33
170 816
703 390
230 929
198 720
998 297
734 590
942 79
364 407
125 32
633 183
883 411
638 659
939 313
140 384
549 401
180 912
949 785
373 881
363 676
196 422
662 841
450 43
999 455
789 303
914 478
390 471
921 105
575 322
233 541
617 284
881 969
670 753
949 73
730 394
55 434
407 114
13 503
174 537
547 352
832 469
57 93
804 732
61 820
197 778
625 331
406 659
53 628
275 623
444 874
584 548
102 795
995 648
232 490
659 520
588 867
333 671
427 930
609 697
672 280
331 509
835 437
256 673
227 672
484 787
503 305
709 698
173 807
690 141
317 90
96 223
982 721
575 364
756 380
593 667
980 880
819 228
779 64
125 82
904 649
57 597
850 601
281 799
946 256
53 333
734 985
990 325
655 740
496 340
129 862
737 260
247 139
528 75
196 771
481 810
427 896
698 120
450 489
382 758
487 985
983 729
535 357
996 531
954 554
925 735
562 368
212 974
21 406
894 392
527 747
601 764
110 877
29 879
818 687
116 976
435 569
384 632
530 217
462 711
935 484
797 550
863 222
136 36
474 921
360 261
631 801
595 519
226 859
987 506
801 513
609 501
750 575
606 101
162 273
681 70
109 91
688 797
420 203
208 699
454 841
637 299
353 936
31 791
496 146
321 699
899 850
805 420
790 901
107 775
107 781
950 113
867 910
198 224
720 122
966 323
578 375
628 364
350 797
353 516
890 702
439 962
641 542
776 165
583 290
247 413
737 870
432 697
807 168
210 730
807 957
739 210
368 597
781 556
644 702
979 801
43 707
548 211
215 620
596 899
784 827
977 134
914 161
316 851
872 435
68 869
251 644
424 275
706 516
904 910
705 44
56 440
116 998
952 740
822 749
295 397
620 686
163 733
470 727
572 203
410 345
272 451
52 871
425 474
135 101
466 658
213 468
181 608
732 573
224 317
979 643
143 634
591 322
19 230
810 361
297 275
241 569
973 452
6 418
501 714
559 459
35 359
954 987
706 37
15 813
669 684
130 882
599 13
650 183
800 921
866 39
576 954
664 918
902 458
490 362
853 631
279 29
523 772
388 458
180 229
99 346
764 175
550 688
329 848
364 321
155 265
64 667
658 843
530 428
388 223
583 988
225 390
472 682
218 901
448 683
205 830
454 407
196 606
590 85
51 824
689 188
331 469
728 253
689 310
174 937
943 124
846 945
654 974
483 248
858 387
31 823
859 973
447 601
999 908
284 339
673 250
614 364
112 568
616 545
201 624
523 447
467 428
999 335
838 756
95 869
448 184
774 756
582 14
691 904
799 228
646 966
203 446
493 664
44 3
237 677
937 327
427 257
937 378
120 28
654 977
160 549
19 474
192 74
468 913
585 330
621 434
903 287
38 649
114 271
63 822
136 384
603 528
855 516
964 370
933 671
798 31
718 247
590 696
620 331
260 540
114 764
190 176
455 776
993 677
348 762
218 628
96 748
504 850
775 870
234 645
33 360
138 122
240 550
509 597
771 203
522 831
310 612
542 728
336 260
960 371
489 43
702 195
359 957
851 534
453 887
568 205
224 961
423 564
912 61
328 12
688 505
731 356
748 579
28 688
743 778
353 612
685 792
413 584
899 825
338 471
761 963
446 962
386 510
454 876
378 848
882 834
858 59
451 209
347 290
864 313
970 743
670 598
277 651
291 180
482 160
598 57
266 541
984 635
280 586
797 277
549 912
214 525
371 643
894 306
897 600
962 899
210 279
928 87
679 618
285 955
408 730
808 313
280 772
567 954
188 840
262 357
981 18
216 181
836 729
341 395
715 452
264 960
531 888
152 611
16 216
16 755
359 947
865 895
841 39
357 199
344 377
841 684
631 419
113 856
464 684
984 626
122 49
223 557
7 91
185 562
911 91
137 909
693 633
736 655
112 269
509 490
879 820
281 195
69 501
537 179
803 849
946 85
786 495
162 953
103 809
201 996
92 781
411 929
675 572
668 211
967 867
514 689
804 680
863 491
891 277
795 439
249 82
765 241
594 930
194 48
389 275
1000 889
342 665
886 879
186 418
20 72
796 431
813 312
178 524
123 298
136 642
973 658
966 858
134 416
760 871
288 355
6 721
101 996
9 739
404 273
598 745
572 561
199 690
67 336
795 297
350 229
601 821
225 614
552 970
761 605
509 162
686 782
349 832
194 827
906 334
846 162
90 631
552 565
53 247
906 387
695 241
723 989
730 735
236 94
189 529
382 751
684 546
152 298
89 518
724 590
14 832
790 750
522 888
231 436
764 27
846 417
57 798
17 407
568 822
936 526
918 366
65 873
185 874
561 486
939 826
59 714
296 712
688 347
327 553
704 356
406 886
61 617
587 148
861 598
581 599
972 915
159 796
367 287
663 493
930 992
634 468
288 641
665 762
444 137
586 846
777 802
289 776
967 614
173 180
965 633
562 34
218 281
192 521
800 57
984 564
2 234
659 190
670 662
399 891
861 294
882 96
296 293
90 218
38 23
746 412
175 966
743 926
440 533
372 576
692 890
740 984
201 378
934 992
680 136
555 123
941 147
710 483
423 732
453 299
150 919
104 677
797 765
793 668
627 519
973 767
161 240
275 400
685 449
427 79
368 732
996 69
598 865
746 152
664 727
22 283
357 249
575 885
827 694
30 925
740 220
635 561
546 495
832 169
396 150
440 457
447 660
623 916
98 851
3 130
969 210
173 847
345 961
602 306
82 149
515 276
615 992
862 797
618 184
221 167
468 323
541 91
874 193
66 426
351 310
571 186
345 813
910 891
131 331
641 456
516 120
847 372
50 445
382 515
352 350
429 734
693 60
501 514
411 349
224 11
520 611
50 161
875 373
953 37
368 580
557 956
276 470
686 134
39 24
75 929
980 290
724 23
24 778
694 38
215 39
253 549
707 760
42 766
668 284
570 829
655 119
158 973
345 108
474 46
474 964
500 413
149 441
708 672
139 216
608 808
735 926
466 117
67 924
949 681
133 434
223 255
572 645
167 936
617 196
29 946
364 78
644 60
660 751
485 580
985 590
136 149
101 847
418 788
316 315
180 935
288 412
134 818
905 710
117 261
931 824
937 690
125 525
432 694
821 390
921 375
729 708
952 852
535 385
878 180
238 723
171 148
580 748
710 203
464 679
235 88
653 44
626 799
742 744
633 668
609 492
851 113
421 302
98 82
822 864
620 645
130 47
118 667
834 311
236 283
172 481
432 613
484 744
737 992
951 58
382 355
628 403
173 891
210 501
684 496
493 753
323 614
740 614
149 599
815 647
736 114
901 63
10 437
519 666
21 311
949 763
648 714
993 105
47 268
520 785
268 644
449 930
231 931
648 184
314 882
721 504
48 732
589 750
551 747
85 559
312 779
60 282
16 827
904 270
908 793
66 751
543 543
521 2
804 945
842 350
739 221
277 507
401 455
264 394
657 324
726 702
556 225
642 110
401 843
166 27
875 696
69 112
234 3
480 569
647 27
354 253
359 275
614 839
34 248
223 603
88 612
831 475
995 391
250 372
653 715
965 233
49 438
967 446
433 647
976 458
562 833
60 413
333 120
159 856
784 225
241 934
41 540
883 370
531 932
368 458
400 278
681 64
202 306
62 980
276 748
995 691
368 464
110 206
941 676
620 348
851 741
190 424
727 456
218 705
303 582
802 996
172 712
185 492
912 998
221 312
586 674
494 803
288 84
268 777
353 133
702 218
217 290
716 410
799 272
676 399
684 797
959 372
590 868
631 209
725 116
355 697
272 493
846 545
530 63
242 374
643 144
667 355
358 231
885 204
379 767
165 152
686 841
391 101
997 209
159 654
462 100
583 861
668 287
299 585
481 631
96 558
861 168
637 20
49 386
23 821
617 95
816 183
1 657
455 801
212 671
681 322
384 780
646 955
646 447
690 239
375 521
575 949
424 669
136 682
207 26
347 192
963 547
360 443
896 322
363 401
381 676
108 519
427 256
132 675
703 671
52 410
788 599
189 647
7 198
33 112
870 799
388 102
703 205
527 38
968 646
235 759
960 293
683 816
573 148
798 463
234 48
195 279
782 833
785 709
131 159
812 238
361 169
818 716
410 584
260 778
361 193
56 900
775 543
158 668
521 224
109 713
292 269
507 402
57 697
338 919
737 290
844 324
23 855
870 478
654 843
888 276
738 153
514 274
455 530
945 639
33 801
266 565
841 553
762 643
881 557
22 385
304 641
192 245
359 194
755 981
768 473
435 394
498 340
978 180
871 736
328 805
415 883
317 381
894 932
132 76
585 272
118 86
406 230
563 577
201 945
785 591
48 422
48 933
504 777
285 841
645 231
796 904
441 350
39 772
846 122
53 349
53 911
561 16
154 969
352 655
982 850
617 595
361 693
413 339
554 342
332 495
416 826
854 367
646 29
749 629
38 523
587 820
166 334
241 741
514 949
773 309
392 137
955 897
108 575
679 296
621 126
974 670
469 340
972 633
407 935
473 297
628 291
480 815
594 759
709 276
435 941
114 328
460 116
878 200
964 136
371 350
788 553
710 99
169 4
452 71
755 438
466 575
249 258
28 47
114 402
455 702
286 764
999 89
973 182
284 941
888 800
679 559
704 51
254 903
474 688
453 68
107 223
181 788
510 78
762 6
705 275
491 72
615 490
997 521
230 768
663 868
671 956
438 493
449 775
831 1
334 439
444 476
381 332
67 225
881 69
600 265
256 245
951 348
646 689
177 119
652 172
881 879
1 814
875 177
106 268
473 510
61 985
853 386
851 577
709 828
334 985
516 853
506 523
756 646
712 82
783 926
346 608
435 159
741 151
968 464
564 530
454 554
339 971
229 139
810 698
578 762
494 458
685 112
712 32
616 584
19 515
573 529
280 131
514 300
59 744
882 694
30 206
908 453
564 145
532 134
180 534
819 199
443 997
246 40
584 712
368 489
370 673
829 975
130 483
919 180
187 423
825 17
867 686
508 992
597 419
710 196
705 377
321 744
191 686
185 149
662 144
283 698
502 369
3 114
929 320
417 341
292 87
659 842
151 506
881 474
273 224
484 283
703 562
806 712
7 574
571 440
600 246
275 950
745 49
682 536
169 673
678 511
609 825
364 691
639 55
379 252
451 991
585 146
865 247
552 293
740 912
823 201
267 742
194 208
939 196
177 836
887 988
488 257
275 904
934 590
191 636
540 640
690 612
137 289
301 939
196 193
883 21
196 458
372 908
509 947
530 747
984 813
550 714
367 972
155 167
57 125
795 730
956 182
455 611
292 419
328 282
564 737
861 633
375 774
6 160
650 163
227 102
160 40
928 930
136 781
721 147
442 399
480 224
380 454
466 875
975 91
518 547
339 189
973 158
186 73
75 967
26 931
300 391
835 246
112 701
594 322
987 708
278 99
420 379
970 915
983 749
576 122
246 579
376 195
633 938
792 94
153 399
605 809
77 555
219 941
754 187
406 969
737 340
5 595
497 131
488 348
938 36
278 26
809 546
328 282
976 467
728 965
379 31
689 823
426 626
19 423
83 916
702 279
159 810
957 417
997 629
827 326
752 287
323 993
305 954
457 703
790 726
221 442
372 162
557 574
463 110
103 240
422 690
723 296
735 435
62 718
4 993
373 71
509 413
630 886
32 171
507 435
578 229
350 267
306 253
129 643
902 114
474 913
963 39
636 219
621 874
406 535
427 331
395 561
215 225
713 476
690 864
960 736
516 105
218 344
617 518
551 159
661 49
454 856
626 394
693 350
662 275
363 285
264 609
753 308
924 918
649 382
665 110
884 44
461 604
931 143
543 907
452 141
160 523
342 910
456 393
415 445
353 836
337 211
713 293
633 379
182 984
175 725
574 782
717 287
712 643
897 542
321 393
850 102
1000 973
466 383
871 213
701 1000
71 565
578 956
637 955
206 474
56 385
742 937
431 494
464 996
572 993
609 363
120 659
644 557
432 861
357 162
350 374
587 586
419 404
19 572
880 340
945 204
855 995
622 965
759 69
933 122
888 552
486 672
985 228
772 11
93 875
500 865
385 899
902 586
995 909
166 945
475 510
26 808
27 413
235 655
92 174
527 619
855 16
149 829
108 443
404 165
980 123
515 218
740 865
425 783
69 3
216 294
644 995
545 229
951 748
588 850
568 226
53 31
337 793
223 894
659 677
82 974
791 700
387 457
547 821
696 443
496 337
581 641
504 569
793 482
742 430
689 421
769 432
770 70
329 181
955 572
825 197
564 911
981 843
473 778
746 474
413 4
838 488
537 674
974 383
815 531
682 5
715 672
145 102
374 12
464 238
618 20
566 134
585 720
83 86
810 974
402 841
463 16
381 903
805 241
584 785
228 843
84 452
437 907
147 447
532 940
231 767
111 632
658 775
541 530
178 865
552 141
493 140
941 341
664 687
42 975
148 719
760 340
271 801
694 887
513 374
163 692
667 927
701 871
897 666
373 395
263 46
216 779
541 903
931 612
365 544
495 330
914 37
576 341
805 434
486 287
582 18
483 913
18 148
799 108
401 993
213 479
125 18
994 17
964 788
291 762
569 515
208 835
547 807
662 352
261 55
884 515
966 672
495 915
801 180
700 587
176 131
20 520
823 630
809 489
983 198
328 872
9 235
771 949
54 910
301 248
215 943
210 622
881 487
416 504
150 371
661 848
117 715
686 955
61 84
998 928
943 726
534 672
731 286
161 288
109 575
738 370
370 776
226 67
120 465
405 112
699 883
814 920
674 429
673 741
537 819
420 936
26 9
209 178
141 35
685 81
109 517
392 198
485 782
618 971
833 1000
780 842
958 344
527 113
522 153
450 951
935 802
171 845
947 559
934 803
615 489
109 443
195 277
32 23
411 945
557 34
509 150
244 246
415 902
396 105
348 484
988 726
720 367
48 320
543 579
35 66
423 315
856 959
355 362
325 344
76 676
715 566
642 330
439 93
438 527
124 702
958 891
456 18
971 66
580 208
52 988
991 572
338 891
694 355
901 574
755 793
750 408
79 79
873 910
889 161
637 879
108 217
856 683
928 196
528 77
323 164
343 492
256 789
758 798
245 865
694 353
664 265
950 673
480 116
29 160
146 48
320 999
733 938
272 628
911 974
712 602
79 409
550 548
459 847
934 312
595 984
502 367
942 357
751 290
786 642
279 251
351 28
518 397
983 757
740 245
476 105
49 706
418 809
609 744
488 63
936 305
857 547
737 996
645 849
773 99
815 98
6 12
244 323
729 965
820 411
406 864
285 971
940 761
772 228
106 766
821 830
537 423
189 179
724 151
312 172
784 336
332 754
578 214
229 853
451 59
723 739
176 978
555 280
834 320
904 277
313 573
503 999
312 274
181 187
71 188
706 589
459 171
661 197
376 369
338 882
444 505
252 536
978 989
966 765
70 602
593 404
280 100
582 713
722 546
313 11
865 946
934 790
944 248
790 683
759 70
503 510
54 851
909 140
657 918
869 189
973 413
65 174
755 346
806 751
550 591
682 731
435 550
713 504
695 963
732 259
742 795
105 860
566 101
845 213
955 899
110 930
257 66
589 883
954 502
947 646
453 803
647 37
554 903
546 846
446 384
676 41
91 337
710 362
532 215
123 298
45 360
270 931
182 548
851 17
169 298
14 979
946 231
946 576
344 341
963 207
408 287
286 621
217 165
63 62
645 893
792 209
768 354
408 448
275 230
416 109
780 1000
664 246
632 416
677 555
261 290
90 879
823 517
442 519
334 240
723 856
380 974
967 921
713 682
638 631
820 227
83 357
258 534
924 88
831 636
498 249
549 902
532 384
549 941
853 465
533 493
415 74
768 486
198 27
247 422
677 881
51 430
942 911
654 378
883 382
104 959
341 306
933 971
417 156
996 712
570 890
25 181
545 561
27 515
1000 280
227 850
304 926
491 318
991 610
351 906
369 554
832 637
539 610
940 520
932 329
290 609
183 898
707 462
761 261
141 138
91 690
350 405
830 137
96 520
871 92
888 713
26 958
345 706
39 340
985 484
780 379
239 93
13 832
1 189
274 884
477 777
307 990
554 729
167 75
898 391
168 130
211 530
253 181
945 481
600 577
788 74
606 888
82 961
129 727
198 957
404 897
164 449
470 646
428 773
534 890
512 308
557 332
486 174
345 916
614 515
663 802
973 842
68 75
149 64
753 347
133 942
371 130
307 901
133 486
437 456
159 871
709 549
170 636
881 798
517 789
749 789
283 332
179 841
883 70
2 829
231 956
8 208
947 844
651 922
648 924
333 651
852 946
999 118
818 598
890 983
712 287
179 685
677 49
603 232
958 844
483 442
447 507
668 74
751 429
472 77
823 561
696 38
466 708
471 909
467 470
983 763
441 495
847 860
267 632
669 987
596 692
102 765
152 654
929 925
91 158
898 853
558 978
76 735
190 768
469 866
399 219
724 360
374 440
442 299
638 206
558 470
263 884
289 802
91 831
864 825
129 115
297 571
995 392
488 101
2 381
907 154
625 397
388 370
530 95
553 170
632 25
652 321
798 225
375 806
866 72
554 937
779 886
866 254
