169 861
918 915
696 889
365 589
141 427
131 692
999 512
25 538
392 349
628 906
700 869
52 781
958 671
185 781
130 459
522 876
672 139
61 869
526 499
638 183
169 776
588 503
206 459
918 30
60 676
906 244
590 831
121 723
910 522
385 575
291 454
717 248
304 241
450 900
756 146
944 314
992 20
272 257
154 208
403 304
954 524
566 529
537 984
248 80
570 938
416 474
666 24
670 123
927 640
615 161
863 265
978 692
312 387
916 74
97 470
312 22
25 330
36 631
931 95
167 263
482 495
475 908
396 454
484 848
757 702
7 50
650 160
249 76
509 714
293 597
996 808
806 788
158 548
971 960
73 627
255 400
933 755
153 946
506 558
660 997
967 145
820 692
794 221
14 61
197 340
147 814
263 367
532 62
609 642
26 463
759 836
515 196
749 303
100 473
214 924
414 84
625 763
180 726
271 716
803 530
174 806
841 324
332 778
732 29
221 797
977 804
27 554
824 477
837 723
866 720
236 105
387 943
191 806
634 272
283 78
558 905
634 161
753 608
649 669
14 989
967 466
235 52
696 385
26 350
676 701
374 909
14 207
842 724
739 967
772 698
376 875
625 820
133 716
617 305
491 7
133 629
45 748
334 959
717 228
883 975
55 550
636 57
450 897
32 429
526 569
409 468
580 808
289 267
319 855
347 100
2 393
865 419
729 140
307 753
944 597
511 958
36 647
223 310
264 171
916 124
815 138
504 957
183 756
972 791
771 789
72 503
538 136
683 799
930 259
530 825
931 458
901 432
97 872
516 17
145 989
740 433
157 323
518 610
992 707
286 858
84 475
237 860
838 862
990 309
385 48
974 986
588 518
341 999
830 409
718 245
458 47
467 566
388 544
361 929
838 709
900 141
63 338
70 11
72 115
807 327
776 168
120 627
647 310
934 201
825 480
166 796
79 241
395 919
855 732
935 694
621 993
115 221
229 696
519 713
671 772
520 256
331 644
822 340
284 120
772 277
349 880
735 440
181 192
501 231
36 383
67 55
284 425
580 95
300 782
947 497
411 388
568 777
293 291
527 734
948 965
653 21
876 780
579 998
538 169
468 711
712 853
149 105
587 664
13 608
867 437
598 726
257 635
646 151
845 167
256 862
128 305
326 39
525 833
734 563
196 128
149 189
133 240
169 247
372 640
660 77
442 131
756 411
911 60
663 483
442 40
333 989
141 92
331 424
675 749
859 722
865 713
511 437
911 388
552 418
419 39
107 310
763 32
772 905
591 402
295 419
167 556
386 200
917 2
505 949
193 273
142 442
336 445
191 518
574 334
660 886
602 455
873 912
905 877
119 401
912 641
928 599
994 199
55 173
433 706
401 429
254 263
993 316
265 755
5 361
418 870
650 886
673 644
787 759
474 31
446 592
498 520
728 315
242 311
345 778
600 527
529 956
889 113
44 656
298 352
1 406
102 985
470 35
439 199
166 383
102 807
500 573
11 690
315 597
387 460
789 410
872 325
390 451
902 724
222 708
11 70
92 508
955 331
339 836
362 272
633 806
940 262
142 547
449 484
264 303
619 579
478 93
341 370
4 787
489 278
697 815
180 687
47 883
708 706
423 546
349 953
844 49
765 505
611 187
951 281
214 362
765 834
353 322
364 376
338 817
100 892
967 688
657 920
801 23
475 121
341 769
504 116
466 746
103 39
109 29
793 811
721 885
838 49
309 171
766 928
28 522
916 649
623 83
552 909
988 294
378 619
896 660
430 63
368 253
844 230
256 529
824 446
364 938
462 10
514 239
59 904
580 86
766 282
836 865
1000 820
373 773
241 475
734 482
962 733
491 560
956 220
325 300
612 981
681 66
630 270
936 786
362 548
899 436
456 776
737 77
122 501
914 547
142 461
586 679
781 702
442 220
727 626
236 615
998 849
737 197
829 871
837 901
901 362
553 278
337 775
174 568
204 855
387 899
606 123
748 510
990 963
168 934
251 985
952 575
546 926
351 7
320 104
900 436
254 815
105 310
514 22
484 350
824 923
689 924
773 558
657 485
829 316
896 638
527 810
979 992
595 929
418 805
777 451
377 210
895 178
400 613
375 637
486 829
989 613
734 274
917 98
888 617
588 907
612 275
318 730
727 298
122 746
192 5
745 576
933 549
828 888
649 416
720 844
273 387
485 597
612 50
740 217
579 702
845 720
362 970
825 299
55 963
32 424
371 926
985 518
714 85
250 503
209 795
751 865
80 848
318 160
42 870
689 305
79 800
955 699
658 814
1000 96
237 987
638 185
413 5
909 427
284 639
501 882
343 840
731 337
768 149
789 885
383 277
715 805
627 244
781 564
939 977
996 320
884 333
597 79
239 59
632 245
917 633
791 990
225 201
104 489
81 931
587 713
370 233
711 100
514 974
859 874
626 296
639 754
737 858
759 769
906 773
142 829
643 990
633 585
861 223
742 471
762 917
500 197
450 74
724 939
312 173
17 299
144 983
614 45
167 771
51 963
589 971
243 227
469 128
341 205
421 611
151 317
119 685
179 718
299 502
213 686
140 543
501 572
840 914
985 751
110 889
398 893
353 631
383 525
953 158
436 332
765 643
198 579
713 907
44 354
710 632
860 207
100 664
347 542
499 837
464 750
263 277
701 756
659 877
628 894
654 344
414 956
323 870
992 484
313 61
215 589
93 739
113 713
846 213
454 667
200 901
87 683
844 259
983 953
998 463
302 794
696 869
54 574
500 595
253 806
88 401
320 32
520 183
856 954
777 666
675 315
672 822
866 929
255 377
546 336
440 723
377 114
70 872
495 370
320 353
992 862
235 21
101 647
866 266
1000 717
74 708
194 11
216 650
923 323
652 394
378 81
170 167
331 219
309 564
55 64
162 631
432 139
155 148
578 132
990 787
928 347
590 402
239 652
888 14
383 539
391 706
41 338
920 363
667 159
41 700
573 922
511 716
403 484
231 851
225 134
923 438
382 407
298 175
843 234
407 191
851 760
818 197
958 540
897 52
342 589
233 793
460 395
175 399
717 840
151 425
239 274
919 868
50 151
672 242
416 92
473 106
630 13
20 221
487 95
608 923
535 146
406 350
919 115
58 336
99 76
135 130
903 567
43 765
74 674
612 344
748 466
883 479
513 464
802 70
986 198
532 390
651 604
629 888
315 381
944 553
714 132
940 193
76 183
568 549
989 835
738 425
596 644
303 205
133 840
119 471
294 999
534 546
104 185
457 267
1 704
102 945
133 433
633 528
533 923
639 424
227 830
149 233
846 443
790 666
248 232
597 909
54 446
231 928
36 456
982 748
612 151
312 9
449 977
483 905
133 846
699 648
365 781
983 841
57 992
482 62
552 214
140 33
531 333
890 133
19 6
893 707
1000 659
463 16
459 499
415 454
335 639
415 141
197 84
145 160
356 642
304 820
812 166
28 250
431 482
33 22
464 117
926 872
423 482
268 268
741 836
842 101
987 342
406 648
782 569
869 388
214 26
173 880
596 989
782 980
864 433
87 388
222 778
46 414
776 426
939 341
929 177
98 923
945 618
932 562
295 354
879 249
196 36
514 835
943 979
881 288
717 533
83 308
167 247
799 815
35 891
724 222
774 425
729 573
311 729
701 765
448 960
471 84
467 527
461 761
803 485
592 870
195 922
320 540
686 748
754 869
696 587
21 4
668 455
497 987
573 118
818 579
136 714
295 698
430 27
277 670
769 337
241 162
370 507
500 677
416 458
439 964
913 168
828 999
494 51
718 270
843 201
668 468
237 886
723 9
152 821
889 786
848 699
917 499
107 622
76 643
7 620
279 522
579 338
665 810
852 974
495 982
912 436
25 934
510 834
829 294
202 966
481 184
273 262
643 621
39 69
680 879
332 52
843 543
160 720
625 214
943 203
815 901
142 464
347 244
142 329
108 383
400 261
101 799
22 532
502 193
854 209
796 321
150 659
958 779
448 975
351 393
265 276
955 907
358 461
490 991
128 580
546 902
981 178
255 230
902 811
976 772
215 185
883 983
532 704
465 976
899 28
736 129
236 66
230 658
909 703
959 995
877 355
422 146
233 834
797 520
192 105
43 570
490 579
27 895
77 689
815 81
64 904
206 852
47 571
649 265
219 785
928 587
810 830
95 538
932 948
682 577
912 933
595 800
74 529
244 190
349 227
256 608
915 477
586 998
756 350
855 392
980 2
289 223
321 898
795 447
474 816
637 911
275 678
754 766
902 343
11 166
63 226
201 941
588 792
323 389
889 43
964 734
15 8
729 167
244 81
486 273
808 761
158 56
505 605
372 289
283 31
417 393
662 249
494 565
782 375
709 391
128 364
449 838
550 608
60 30
577 160
507 708
786 120
627 178
962 372
856 242
38 8
801 803
656 784
464 935
541 402
566 11
751 80
233 203
190 607
641 528
413 563
848 515
428 43
622 689
353 780
130 90
61 767
681 827
451 566
889 430
248 997
273 115
238 643
671 312
637 225
610 684
34 854
803 522
514 289
27 518
773 206
737 617
370 108
960 592
421 46
12 224
210 61
401 629
625 341
935 995
67 451
545 655
639 171
890 602
844 804
685 195
986 104
749 633
770 943
825 16
433 947
496 681
512 620
394 170
316 465
75 99
279 759
489 824
466 294
578 596
339 750
42 744
375 163
276 240
299 724
21 667
951 278
98 189
625 934
541 984
362 14
99 728
997 892
532 336
277 201
620 91
943 787
185 800
59 492
800 902
834 762
586 429
379 46
816 244
905 666
7 524
433 165
493 988
36 158
972 571
898 564
780 84
546 968
473 658
967 948
797 353
623 120
451 864
842 397
673 123
399 915
246 92
22 885
270 623
192 411
114 575
889 428
108 951
247 182
586 306
302 204
351 859
912 334
596 820
543 359
910 401
474 432
63 49
928 119
681 233
453 967
289 883
768 413
6 761
460 437
660 360
846 282
429 783
385 346
726 483
787 392
831 673
787 623
255 463
314 194
564 971
812 730
431 144
430 542
234 453
528 170
212 914
385 247
724 687
154 24
8 859
83 494
222 421
434 115
760 791
935 876
590 981
968 790
673 459
4 106
894 600
518 653
266 153
995 363
146 722
355 288
455 564
689 513
46 983
678 793
257 698
271 33
499 59
778 440
384 526
257 390
480 567
742 796
614 914
557 934
506 867
600 703
909 943
4 773
864 810
546 911
49 717
824 291
920 666
390 125
653 322
382 917
307 251
837 23
456 73
868 48
473 417
466 521
115 551
766 683
303 241
228 17
751 800
191 945
503 990
425 67
479 697
864 269
531 904
332 269
303 964
555 905
954 537
416 984
864 990
216 166
980 960
953 327
54 267
691 869
729 492
842 57
265 800
564 295
972 278
505 582
722 911
692 894
347 511
976 109
921 201
54 786
170 866
717 460
991 590
554 133
5 465
402 606
792 791
957 39
757 262
339 971
601 243
925 621
683 679
997 623
990 48
704 299
635 189
440 298
153 399
200 34
763 822
891 559
818 705
610 795
475 835
613 195
751 914
886 706
646 944
240 878
133 636
816 277
109 840
150 839
85 515
493 691
226 869
625 46
255 761
957 38
722 426
978 546
106 711
722 1
853 606
220 272
922 336
100 116
293 197
411 390
172 41
399 646
970 115
311 403
850 966
769 772
136 288
491 669
183 382
765 315
384 45
607 967
869 272
124 147
943 752
942 208
630 402
325 381
442 336
302 63
93 674
310 506
215 832
238 235
177 215
296 694
570 844
326 534
300 577
527 45
968 848
481 905
477 288
610 852
336 463
669 183
261 965
521 749
406 546
399 400
835 406
161 176
685 626
472 640
521 524
880 21
914 368
813 344
108 240
356 973
994 636
266 757
259 162
100 831
374 306
113 941
656 809
31 206
997 442
226 986
815 604
721 241
225 875
602 119
254 373
734 925
262 688
325 181
238 922
298 880
557 987
117 738
521 808
803 207
470 194
618 302
784 191
618 738
513 550
113 263
852 705
651 970
950 963
779 460
192 27
214 713
471 956
530 463
951 792
869 465
717 601
320 687
130 660
543 697
624 582
220 88
802 299
591 221
794 589
197 838
366 531
560 631
937 297
657 206
582 953
748 481
270 916
538 370
579 373
693 239
276 154
733 267
235 398
950 639
284 659
605 554
780 264
792 837
545 773
50 848
980 155
561 874
192 961
124 244
20 698
84 545
660 268
533 579
268 682
294 668
616 159
222 978
349 282
451 413
851 371
153 460
940 699
204 608
679 691
689 135
269 538
924 908
654 671
251 310
79 36
163 934
785 76
711 32
625 87
148 706
218 43
160 81
718 18
948 851
494 456
188 540
133 362
180 246
805 440
138 606
628 918
758 720
206 789
962 490
560 339
361 503
328 927
130 385
421 399
394 122
289 559
593 206
797 586
217 741
90 560
506 700
650 233
558 41
677 971
733 790
434 620
253 955
181 439
367 565
446 78
929 350
872 387
609 625
701 58
793 86
928 977
999 529
489 127
465 430
238 326
648 711
650 653
654 357
45 150
403 482
206 2
90 335
414 413
428 12
91 466
940 705
597 612
635 100
565 320
985 791
609 980
13 107
383 43
950 602
991 66
158 712
211 493
846 185
388 680
116 249
293 434
707 366
224 751
975 683
909 391
732 935
365 317
680 973
19 91
226 559
282 231
915 550
688 129
427 317
813 519
113 316
676 63
347 63
19 788
758 622
777 494
491 425
974 533
661 75
861 9
842 51
138 8
964 311
376 59
354 817
70 473
378 103
53 239
536 366
262 384
918 849
40 959
918 550
306 913
870 776
589 992
274 41
295 12
61 630
348 674
37 39
566 804
266 285
600 377
635 553
649 636
488 488
562 839
876 683
516 811
592 300
988 504
561 772
84 655
292 108
344 244
648 215
353 255
961 119
879 186
539 74
827 24
973 57
347 367
365 248
63 783
304 236
542 475
721 281
356 598
15 112
122 683
929 578
778 609
631 385
829 386
575 807
550 661
875 306
441 583
700 728
333 532
76 848
98 633
252 16
906 159
347 954
755 859
379 420
526 902
715 827
327 454
255 248
606 772
736 604
608 745
261 657
727 772
3 210
282 433
388 127
105 952
709 599
562 9
117 613
128 287
943 902
271 514
53 558
359 261
784 767
989 677
811 882
303 472
969 763
958 549
62 575
394 193
860 448
867 862
210 413
379 463
4 267
659 331
252 227
68 205
582 927
92 330
876 157
565 579
199 329
942 618
726 949
404 721
671 376
438 332
311 1000
350 923
387 818
54 894
346 485
709 63
490 869
143 864
158 253
399 80
408 835
120 519
887 83
573 424
858 315
132 899
721 202
892 277
88 261
726 718
543 982
711 240
659 323
541 245
331 687
14 792
230 711
624 998
523 383
975 252
639 988
817 379
649 248
774 965
601 78
157 963
567 313
901 823
205 840
453 587
146 760
958 875
355 408
59 977
134 264
37 640
935 421
6 915
743 844
160 998
958 183
426 706
643 60
381 238
499 244
433 900
42 694
280 771
908 93
574 774
282 77
638 666
490 177
473 711
954 913
762 842
863 155
690 866
242 355
735 287
370 81
814 871
140 244
134 640
741 782
561 144
539 792
344 462
713 719
468 670
980 741
804 602
712 14
291 521
42 539
290 833
321 43
882 386
4 547
773 263
375 951
31 708
604 854
274 18
154 692
379 773
173 396
395 867
680 601
485 153
181 808
618 752
750 584
119 903
139 678
662 492
136 924
565 143
978 381
228 281
144 649
184 62
416 767
748 451
650 639
113 679
829 822
94 501
994 872
762 481
803 648
427 96
255 847
325 248
879 291
910 368
383 581
256 181
903 232
436 151
518 587
410 904
602 901
905 854
450 626
643 797
158 593
503 35
995 130
637 221
924 899
450 96
509 978
792 913
342 294
305 567
854 364
451 306
157 89
77 790
759 818
796 682
437 155
720 978
667 268
440 372
469 34
663 251
65 617
689 241
458 691
841 882
764 454
332 476
60 455
202 473
337 26
108 290
634 864
332 535
394 744
954 309
714 474
812 735
5 492
814 310
849 570
288 445
88 644
778 960
463 272
388 427
804 106
290 773
636 998
858 272
662 824
902 799
848 141
420 69
471 851
254 351
919 715
499 971
81 603
696 701
484 433
672 569
562 464
705 706
694 305
741 690
817 436
278 788
357 877
9 619
411 694
680 392
795 686
860 123
738 1
532 844
334 420
607 868
608 952
701 973
240 221
235 730
295 27
878 273
881 794
105 808
142 533
636 293
541 568
506 511
861 535
803 880
31 370
77 417
228 342
835 51
208 31
569 458
178 994
891 196
206 722
451 846
9 607
490 382
420 213
905 463
156 814
195 449
465 315
330 90
468 322
531 417
179 634
367 971
878 506
9 483
703 232
717 150
415 859
403 431
531 620
474 455
78 58
748 750
204 231
570 778
336 331
981 990
927 994
236 291
363 940
866 215
38 756
714 422
484 128
641 537
804 433
129 306
576 118
544 865
535 902
862 683
179 943
40 61
484 589
47 716
68 46
659 788
904 592
587 368
205 817
187 351
735 892
681 77
289 853
662 409
890 708
189 560
762 942
566 65
49 375
28 275
903 312
886 597
409 1
7 712
506 415
560 976
853 9
451 955
887 505
846 360
715 731
565 882
761 348
789 80
750 320
836 212
722 991
963 525
339 598
844 687
89 577
212 733
579 961
282 357
729 806
767 107
976 687
530 373
940 192
824 619
928 444
635 913
438 806
691 903
504 804
222 967
876 610
464 655
553 394
299 58
435 560
507 442
24 778
328 958
803 291
79 86
237 699
764 300
767 621
172 991
677 106
333 438
893 773
198 167
913 885
522 855
90 779
547 949
804 467
795 302
366 160
881 545
380 567
424 82
114 692
664 878
62 555
337 75
469 945
86 466
833 927
897 622
951 526
561 220
409 843
132 944
567 86
893 263
935 337
533 409
785 392
70 940
129 740
150 16
705 706
29 915
493 539
792 28
116 365
236 692
11 198
789 910
87 593
224 814
195 487
175 748
931 269
270 516
