700 107
210 708
699 84
887 221
176 140
621 581
1000 524
564 927
793 873
524 943
633 512
39 366
94 201
833 911
207 894
759 284
916 691
58 998
952 735
560 181
315 441
292 314
108 38
751 621
361 906
135 964
851 621
290 929
549 639
457 627
151 405
785 741
286 801
299 819
859 644
396 694
285 107
400 67
631 450
152 44
387 452
177 977
50 478
289 311
641 286
586 48
458 590
720 829
977 213
930 533
719 229
551 450
64 104
98 216
202 319
314 740
537 19
824 970
259 426
980 777
234 181
75 203
312 427
208 504
202 916
320 953
363 77
545 697
666 993
204 995
998 744
605 796
542 147
487 314
386 713
927 119
951 839
299 555
696 751
83 681
915 351
409 362
594 462
969 653
725 341
16 581
401 838
58 889
851 210
769 866
449 543
141 677
160 278
735 868
983 626
454 225
378 913
922 401
459 643
865 999
383 809
466 848
706 811
650 839
279 201
162 379
580 644
313 28
894 857
163 515
128 337
523 760
827 901
386 208
265 432
10 908
959 620
98 783
530 154
428 173
195 858
130 417
129 211
157 804
353 827
804 506
613 818
636 808
984 975
705 423
421 225
667 348
609 87
464 929
699 835
683 576
272 590
932 451
856 478
696 622
751 709
198 288
199 724
290 964
198 348
989 905
918 99
781 129
855 502
283 720
955 610
949 909
65 202
745 937
24 972
726 388
275 861
989 20
436 180
478 518
784 489
160 990
138 258
617 199
284 2
739 178
915 397
763 135
749 957
125 585
328 441
47 739
141 234
949 962
782 463
189 674
291 105
193 109
767 419
581 105
275 994
850 488
770 493
817 696
834 735
720 786
667 558
350 334
590 5
258 353
589 16
560 538
186 771
606 832
147 682
69 922
881 853
12 351
874 970
908 846
761 98
149 578
877 775
656 970
868 437
863 708
129 600
30 847
252 956
145 54
207 552
835 569
630 854
877 797
898 151
441 254
640 413
186 128
78 997
824 878
676 353
870 185
224 70
609 646
921 240
203 779
678 133
466 928
604 733
338 541
628 512
741 532
759 133
529 669
659 310
236 6
28 933
210 818
497 47
977 875
122 130
710 782
312 825
385 520
724 128
89 10
526 723
106 567
138 809
926 29
90 122
530 627
79 862
704 583
578 408
108 208
589 797
468 799
367 111
420 742
408 345
72 143
270 973
917 677
299 647
187 923
721 622
641 17
37 1
521 707
339 936
861 41
719 554
433 285
278 826
452 731
567 314
682 887
337 956
774 531
463 723
73 422
861 502
888 97
453 135
975 27
224 63
959 882
700 440
218 216
250 874
303 861
745 959
665 251
482 102
378 502
425 39
841 728
84 631
502 51
483 146
88 891
284 714
906 169
242 881
292 256
430 179
140 638
782 163
808 270
616 449
844 745
263 518
541 819
340 227
91 719
159 477
643 859
760 161
447 503
213 343
503 55
415 302
237 764
936 815
153 787
538 188
834 738
211 31
112 969
218 841
86 1
793 956
112 404
960 980
843 771
302 827
358 140
841 855
599 236
82 975
751 934
572 212
186 582
989 737
602 221
182 268
949 97
20 218
571 345
138 299
279 318
589 394
886 657
585 846
980 721
716 308
114 329
478 344
26 162
435 275
384 864
439 60
206 132
803 483
455 263
179 662
334 130
450 238
602 150
911 813
685 297
45 872
320 99
428 101
858 928
932 470
50 506
843 395
311 431
247 741
750 457
482 971
526 197
429 987
201 185
709 335
320 91
188 876
516 535
697 895
867 811
515 667
841 5
915 458
387 788
392 342
800 982
192 935
622 968
43 164
754 655
544 984
759 794
762 742
269 566
183 844
526 304
711 545
998 488
983 287
506 746
984 80
697 74
573 114
578 832
692 288
515 51
158 975
458 328
195 484
445 903
910 16
453 973
118 655
939 944
825 56
765 220
964 113
620 503
86 499
271 475
164 450
394 725
697 721
239 848
692 934
130 242
834 49
748 82
142 606
485 655
299 81
214 113
78 389
176 99
203 225
513 476
146 532
542 690
776 24
334 553
842 404
878 815
342 843
663 811
534 744
153 797
730 680
105 479
545 787
121 917
912 95
107 637
419 800
232 345
904 367
423 523
957 226
168 503
264 392
397 904
916 681
529 188
277 44
960 881
354 585
504 494
917 627
505 91
476 681
587 447
525 36
862 484
599 134
402 830
310 84
797 34
563 447
92 909
803 834
248 69
895 591
106 448
8 593
657 806
406 820
566 333
604 593
363 452
259 33
353 16
818 497
368 344
386 933
986 355
469 513
851 107
801 16
782 938
912 515
552 601
277 480
578 715
786 424
139 783
329 22
105 132
307 950
693 526
404 440
575 965
887 121
870 325
608 838
788 595
397 855
82 57
269 256
718 364
890 627
362 321
814 611
498 475
625 605
560 311
571 602
775 115
607 532
337 533
546 516
328 808
595 231
837 710
530 288
395 967
944 550
288 974
195 418
739 184
615 448
969 45
501 75
431 456
68 433
548 668
614 459
325 675
23 318
860 664
392 955
413 36
320 307
777 12
159 870
112 237
458 92
879 142
340 542
965 917
820 435
646 650
905 162
70 756
857 101
651 890
947 830
361 232
605 851
595 560
411 451
156 321
115 110
817 501
393 84
929 433
5 305
172 20
378 818
52 758
653 617
80 84
40 356
864 392
957 687
172 445
838 179
781 742
196 775
601 83
533 369
754 417
401 524
142 388
462 279
102 683
994 769
230 329
130 504
478 43
599 890
62 664
2 174
912 870
190 601
953 243
720 589
685 702
185 736
89 411
662 136
325 177
392 945
352 808
847 844
298 162
244 162
709 312
178 403
533 640
370 338
569 164
453 1000
156 744
60 985
270 552
320 23
772 478
508 266
152 951
206 19
240 825
236 35
881 128
379 886
363 8
344 533
801 608
264 5
165 500
424 857
150 470
704 24
215 635
637 575
449 148
504 92
358 359
677 424
842 279
595 564
948 265
108 16
245 143
755 530
229 353
470 49
35 352
181 895
520 549
874 759
697 796
904 880
90 70
384 300
286 786
49 15
72 394
47 789
573 607
892 333
648 11
786 731
75 339
203 394
418 565
235 862
433 772
245 636
648 303
2 35
783 303
23 77
432 342
793 737
855 263
111 549
645 448
809 832
144 797
577 554
268 205
337 657
914 53
202 167
887 16
866 541
710 242
184 450
519 166
743 50
914 701
63 38
839 173
194 10
568 723
642 759
315 683
307 461
392 343
33 803
678 221
809 839
181 417
580 240
276 767
367 224
239 271
453 339
201 386
632 3
954 211
909 533
594 1
771 790
614 189
201 883
859 676
489 401
365 188
784 939
898 65
201 775
213 22
398 203
141 63
133 980
181 332
464 875
827 509
447 447
522 606
276 357
844 358
536 789
754 689
149 466
612 560
746 234
761 568
246 114
431 337
147 183
724 339
694 604
906 822
103 461
638 585
456 779
32 205
694 558
721 758
88 103
610 233
164 846
176 873
957 123
400 532
556 464
834 225
957 65
78 16
490 18
353 911
81 76
213 775
511 484
496 239
532 956
333 711
834 518
646 943
514 473
67 903
982 758
136 509
92 267
378 254
507 954
311 98
622 640
872 154
552 759
487 977
265 68
812 159
692 407
746 596
282 629
106 138
169 496
995 721
254 98
198 874
625 989
677 707
558 476
125 516
9 268
926 351
917 56
267 6
687 764
359 551
173 888
311 60
788 301
524 143
167 640
4 793
319 820
131 961
118 459
592 818
807 206
219 903
521 92
250 915
862 682
628 659
968 146
929 327
128 35
961 78
345 338
479 765
194 1000
96 580
551 72
79 947
423 125
735 512
824 601
483 658
856 315
129 406
917 518
44 580
920 475
412 126
1 23
381 962
137 195
790 70
679 275
735 714
417 43
519 100
568 250
365 589
600 289
583 338
824 954
158 540
728 547
182 985
414 299
473 213
850 276
874 334
400 228
110 372
404 575
68 4
310 69
974 809
759 804
572 42
18 565
390 693
490 135
158 393
416 606
133 730
375 111
303 996
497 585
562 85
31 25
265 99
224 560
413 149
971 185
436 830
210 852
531 358
801 208
349 126
974 451
532 835
572 60
691 189
293 583
213 38
676 227
664 116
414 558
864 428
574 494
762 369
693 711
788 494
361 596
150 839
47 77
640 177
250 38
9 409
319 600
513 781
476 764
54 104
837 516
716 742
494 378
288 363
278 285
987 749
59 658
879 274
46 472
822 212
273 928
914 90
557 511
14 337
190 324
149 509
123 389
692 850
383 218
971 240
489 105
94 992
753 247
724 822
138 656
740 159
822 858
530 844
213 188
905 955
701 77
6 862
214 55
867 31
169 781
252 302
578 101
304 943
777 246
918 310
855 684
82 258
542 333
8 955
312 609
731 96
135 557
776 112
718 465
139 546
270 281
923 825
950 236
938 598
878 966
538 461
624 383
480 888
553 387
889 649
101 669
427 657
102 810
551 249
439 540
100 978
801 793
746 917
656 234
914 744
907 884
183 350
114 220
377 584
126 739
614 369
336 475
621 821
508 387
123 147
864 74
279 982
540 29
344 566
578 587
835 36
937 455
552 17
703 245
827 361
659 295
462 956
146 453
514 600
254 675
184 566
73 218
319 176
193 927
625 681
289 968
46 96
392 823
227 890
396 951
284 847
479 728
483 869
255 367
442 883
941 494
148 774
597 144
14 829
756 858
452 812
883 170
188 814
257 650
271 694
880 223
801 562
968 620
519 395
72 961
264 571
524 115
465 851
945 522
752 675
575 402
190 966
698 483
42 942
640 333
174 692
820 556
685 772
705 221
122 478
21 993
162 681
469 712
735 918
524 800
763 500
991 482
283 540
299 91
852 401
868 270
985 821
301 357
752 832
956 347
756 899
566 82
629 499
582 97
260 459
402 400
394 254
871 479
129 93
57 47
184 471
488 188
77 481
718 537
415 330
78 288
96 848
373 312
344 541
379 761
426 37
382 962
762 999
17 633
806 708
515 28
558 947
748 391
363 980
589 696
32 811
685 98
968 970
252 902
573 914
953 822
139 931
359 838
521 85
89 600
146 858
356 952
570 387
729 240
197 672
934 481
913 495
46 126
860 3
325 777
661 902
862 125
423 699
308 156
961 202
690 971
750 997
122 982
60 307
956 855
840 577
278 757
681 949
540 676
680 755
780 204
259 411
54 855
394 130
961 677
561 18
309 153
325 967
209 90
156 700
658 567
174 201
764 327
385 608
183 390
258 842
538 227
110 177
925 920
500 334
332 588
69 370
181 143
674 296
44 678
841 741
173 771
540 925
75 66
242 477
807 117
601 619
254 830
901 640
784 296
974 168
385 191
421 14
738 284
457 260
426 148
646 719
870 783
30 780
968 276
60 993
930 254
659 767
280 124
521 655
124 370
218 618
98 95
989 957
947 196
600 555
368 125
450 404
556 887
24 912
648 455
130 909
999 135
936 803
863 889
305 339
747 334
826 640
788 981
955 938
546 96
713 689
904 379
406 297
22 272
16 756
665 533
557 195
882 419
712 726
952 761
517 492
138 138
632 445
765 237
143 105
130 871
454 677
655 940
493 942
383 173
763 197
978 64
343 823
432 340
433 809
368 873
248 469
364 653
134 764
767 567
921 444
674 824
815 496
191 110
105 726
795 331
552 930
582 774
203 126
649 759
464 361
426 209
46 665
298 932
49 946
447 813
146 35
683 86
32 400
565 444
603 920
999 246
774 330
546 858
8 187
177 185
178 503
843 251
259 170
643 930
72 521
147 889
892 498
110 927
937 671
222 242
486 911
246 764
2 422
240 501
774 73
20 95
573 487
808 426
942 864
16 755
520 634
531 165
719 810
677 306
898 954
993 309
129 277
284 45
890 750
334 384
608 793
602 447
791 396
375 509
567 389
582 409
705 257
597 905
725 837
290 25
604 672
734 337
225 664
447 456
441 218
961 768
132 18
837 612
736 775
185 886
288 853
773 663
615 27
338 914
357 900
962 886
142 582
848 759
373 298
740 845
559 978
347 335
856 229
733 819
907 583
583 939
587 998
64 329
139 421
787 643
6 273
548 199
79 488
783 13
908 410
768 738
45 76
747 153
935 487
680 935
523 652
510 352
493 784
702 516
920 929
307 379
171 268
95 900
128 562
661 80
575 985
103 107
794 831
976 194
722 299
116 485
468 910
343 878
520 958
387 265
422 385
17 344
432 177
176 251
481 498
650 381
325 545
39 174
155 851
707 511
997 27
27 859
645 30
781 707
162 700
20 115
566 844
53 662
872 26
111 335
836 176
164 796
474 916
929 312
653 23
140 667
646 502
455 27
40 294
95 145
291 317
490 205
625 991
330 978
829 553
135 280
269 6
341 28
9 979
930 275
247 622
195 399
738 129
588 471
893 509
8 561
517 321
121 729
946 573
620 201
332 261
428 601
25 800
560 148
100 127
275 923
57 820
946 444
920 430
725 51
207 690
208 821
465 378
350 358
755 985
263 722
263 651
964 493
210 965
400 345
466 426
253 173
211 533
986 655
64 445
945 610
13 348
406 511
57 828
951 883
420 270
558 383
488 852
331 710
699 50
751 813
633 910
804 895
298 540
157 759
719 872
119 774
587 977
10 343
300 467
258 968
508 549
989 41
500 296
928 559
863 95
48 13
56 615
567 799
397 809
25 332
816 122
99 740
67 151
300 219
102 57
915 768
275 901
46 941
626 901
361 839
184 293
345 598
641 971
358 895
548 692
928 274
310 201
44 965
596 354
878 218
631 784
770 813
390 694
517 517
994 533
224 982
529 140
868 773
59 106
766 354
727 111
912 552
794 443
194 232
461 984
66 751
82 402
322 384
511 598
855 466
913 518
681 97
691 443
430 551
695 202
501 795
272 94
471 948
544 822
459 709
236 115
618 348
765 776
769 622
343 483
967 477
392 712
691 989
270 349
15 944
923 959
458 412
822 239
776 676
834 987
523 226
310 410
627 319
398 531
717 436
219 557
401 28
976 586
982 65
745 678
170 352
634 708
615 727
702 220
556 933
989 5
972 343
897 570
218 576
377 362
564 593
307 267
277 675
240 392
414 480
837 848
468 315
851 153
845 752
132 319
285 341
758 674
501 36
747 953
275 788
16 127
6 54
623 881
918 712
936 378
358 648
99 417
150 173
581 126
585 809
851 341
221 900
87 588
369 655
475 73
239 549
837 378
712 447
60 730
199 273
5 137
630 579
489 557
791 939
473 363
622 984
259 621
76 164
188 650
716 233
718 222
653 65
846 649
969 820
564 24
654 692
129 726
534 705
198 961
887 648
731 41
502 613
508 596
189 282
229 361
235 474
165 646
163 627
599 620
144 806
340 444
112 525
915 915
58 636
828 803
355 612
243 982
77 8
16 408
723 319
441 827
406 417
854 193
932 108
482 334
558 214
239 88
916 333
305 99
818 621
818 106
84 356
985 804
260 966
217 874
718 785
264 797
143 32
253 974
744 895
109 392
941 110
546 450
601 484
690 35
377 128
214 60
664 543
286 657
68 97
473 728
745 288
542 183
33 327
359 508
344 821
902 183
134 428
804 776
679 333
213 5
459 881
65 303
859 753
172 856
11 445
47 716
865 776
320 101
4 166
77 401
852 785
562 226
310 718
843 671
300 161
4 192
307 632
710 487
823 360
989 245
903 74
871 281
829 583
326 460
780 938
371 535
713 870
846 203
250 515
84 386
173 69
814 768
635 71
427 168
419 323
715 826
911 527
194 928
753 583
644 290
771 856
683 482
622 14
892 30
747 866
870 893
187 973
598 468
294 794
971 762
692 956
387 96
260 671
700 217
473 316
959 909
537 341
982 326
409 330
6 17
224 170
834 917
872 612
977 620
827 391
496 712
754 69
439 704
270 697
543 424
417 232
360 138
808 994
44 4
763 320
168 402
771 919
764 991
871 919
575 876
967 937
63 606
321 741
992 619
708 450
418 407
296 131
674 669
141 483
337 84
512 703
314 942
743 211
591 768
480 165
162 221
27 386
27 723
630 705
553 168
728 533
29 66
797 543
430 801
504 977
262 945
841 174
228 311
251 835
225 434
870 463
736 85
801 625
714 373
254 460
160 475
99 492
765 422
487 588
458 180
777 427
921 347
430 165
382 899
956 28
792 365
811 757
963 289
392 124
460 451
182 879
706 254
954 74
774 826
276 944
677 821
297 901
960 595
79 926
992 642
704 276
465 321
610 99
48 681
602 230
483 309
575 726
469 786
730 26
195 780
73 600
453 330
962 775
929 111
795 423
890 986
438 174
1 113
647 314
462 76
901 375
438 958
749 487
17 258
998 761
680 104
477 208
190 306
915 894
500 353
78 770
272 568
383 958
108 69
444 575
565 957
941 299
308 501
132 609
409 195
666 453
827 906
217 129
625 33
518 50
768 429
928 622
590 386
962 565
175 284
407 309
769 105
658 649
799 778
591 735
641 484
274 410
70 316
487 318
806 757
885 399
791 29
127 280
943 837
324 375
633 715
620 940
974 654
172 768
206 459
701 664
944 390
613 346
98 61
29 8
943 376
194 800
254 796
344 963
483 987
556 891
183 233
762 361
791 818
136 909
15 124
49 271
257 927
169 547
487 347
744 381
173 641
313 676
765 87
422 733
849 965
87 799
495 604
215 712
344 878
728 179
626 684
744 949
686 730
526 420
475 909
595 27
859 809
568 582
295 664
693 436
195 985
935 554
623 318
273 701
776 679
133 191
938 679
152 856
167 877
210 492
867 817
113 746
632 407
426 28
330 669
836 319
127 35
173 419
978 392
71 1
329 554
549 365
255 201
59 252
651 643
287 336
990 316
216 308
48 157
287 903
582 644
394 337
116 469
921 61
109 713
468 682
330 107
375 841
811 104
303 740
759 751
599 407
281 813
742 243
147 644
70 691
548 303
805 793
667 680
822 583
871 854
49 714
731 635
351 756
895 169
628 249
309 792
119 167
34 927
607 277
810 169
40 495
988 64
