847 479
783 372
563 460
804 215
501 253
695 238
713 285
931 399
845 470
909 334
649 175
995 83
987 135
516 66
883 358
728 401
507 394
899 65
544 179
798 440
846 207
662 224
555 369
701 37
646 1
536 43
766 25
529 364
737 246
797 177
777 462
841 77
759 196
808 98
718 126
615 224
697 450
553 165
572 280
779 468
547 325
596 329
837 120
734 374
561 190
910 13
660 463
624 325
965 128
546 6
535 280
779 10
852 313
959 237
664 478
661 214
983 237
864 322
839 162
519 363
659 417
681 409
607 253
699 328
885 10
580 468
576 52
814 417
936 90
501 57
590 85
840 43
845 107
757 486
528 468
833 143
852 423
515 453
772 48
977 366
959 228
982 5
999 495
531 348
607 141
580 102
922 268
659 102
792 165
826 70
998 343
960 97
934 51
940 106
791 280
682 441
602 417
963 37
997 214
727 424
846 156
682 99
598 376
529 252
937 336
996 196
504 199
723 190
754 36
539 356
641 54
672 227
739 184
707 293
769 99
556 288
896 331
788 78
839 385
839 412
631 455
945 453
844 378
580 486
610 422
718 159
745 187
951 125
777 289
552 228
854 110
637 231
982 480
687 277
681 91
871 491
646 186
932 30
840 262
753 480
878 354
655 174
852 405
632 208
538 144
851 166
999 306
576 370
531 384
852 452
708 373
547 475
520 130
939 102
555 445
571 360
996 237
728 20
824 188
647 421
557 232
600 465
936 384
625 252
590 419
626 338
639 144
545 311
602 124
651 112
649 439
504 57
581 220
566 19
855 368
936 304
841 395
671 236
977 457
504 352
709 418
887 306
593 281
652 110
501 179
886 27
588 161
858 125
696 452
974 39
725 462
587 214
936 226
608 388
884 347
788 387
933 374
564 318
947 156
620 481
867 380
905 76
519 88
957 257
519 361
574 101
753 39
686 363
910 191
595 463
759 95
695 175
766 239
711 207
976 201
987 357
506 87
961 372
834 472
562 294
690 231
634 451
578 36
807 78
830 220
723 457
788 433
784 475
593 378
691 399
902 151
791 181
555 443
703 406
845 247
612 267
562 97
798 140
932 35
578 171
681 139
663 50
504 4
723 470
878 269
589 141
965 496
798 267
828 20
598 185
928 293
642 42
687 435
778 299
864 471
716 117
767 225
890 93
750 327
740 77
986 433
546 495
600 95
601 84
923 162
856 38
830 262
673 48
573 278
681 281
589 170
693 480
664 384
592 394
757 344
813 67
724 373
519 494
639 97
727 60
741 221
903 16
935 466
843 455
726 176
935 230
971 91
757 376
545 318
965 143
702 265
706 85
742 451
627 450
991 289
555 12
552 147
819 134
661 126
911 175
929 277
961 211
937 293
941 286
947 421
505 140
973 15
944 473
641 250
629 385
789 449
703 478
790 359
997 106
860 16
701 245
559 162
943 77
938 171
854 245
755 440
772 396
729 28
858 125
772 248
895 116
797 118
681 419
674 341
854 46
705 432
599 393
592 164
662 327
618 182
922 282
863 3
975 209
893 475
504 373
957 213
933 172
583 47
606 375
700 396
811 443
930 281
733 452
870 19
577 83
790 205
580 304
902 262
700 118
707 85
970 123
622 456
751 237
934 11
980 356
811 375
952 215
903 376
895 401
732 499
516 472
668 362
896 170
713 257
847 91
994 189
981 473
561 240
722 217
689 293
634 261
561 329
902 390
753 163
675 313
896 336
695 177
612 42
913 113
797 412
748 442
982 134
521 448
509 486
703 394
574 445
537 281
553 71
732 111
769 387
537 251
924 214
593 291
784 370
917 454
816 239
772 345
557 75
581 213
943 378
738 82
593 430
643 361
614 17
685 438
605 102
649 428
928 5
790 61
585 110
556 153
837 473
970 251
734 147
685 126
705 334
826 206
705 138
898 483
852 327
558 38
872 465
732 443
770 452
765 212
996 469
544 389
623 11
732 273
778 348
645 121
511 174
553 208
692 266
872 222
705 403
920 262
635 113
856 458
740 460
759 303
795 90
933 452
576 346
537 120
694 146
669 189
992 216
983 36
768 324
768 176
759 124
573 213
899 269
742 193
647 346
739 458
870 68
742 51
515 369
923 470
846 334
800 421
758 114
613 352
632 15
768 404
720 121
560 34
689 107
586 439
958 53
679 170
729 348
994 255
571 194
553 340
619 276
643 430
772 179
666 191
507 78
812 486
525 100
647 271
919 266
971 358
959 324
520 378
648 334
813 360
889 347
611 66
574 106
765 287
998 377
687 263
720 486
546 186
548 220
606 394
723 434
616 156
639 115
665 160
767 365
512 300
544 260
941 394
858 275
593 227
953 4
921 69
748 476
643 150
596 79
976 160
993 367
679 168
618 83
886 274
642 362
579 35
987 447
821 304
823 144
546 488
869 33
790 6
591 108
856 449
651 486
666 136
502 348
674 308
860 392
581 126
850 95
723 30
875 488
502 260
883 262
757 50
949 401
639 494
518 2
974 359
571 372
609 135
587 196
663 429
1000 460
619 189
897 322
534 10
613 36
859 124
620 352
875 457
774 442
887 44
550 340
542 329
887 207
958 59
667 219
593 389
747 126
805 187
573 282
528 326
656 473
864 40
837 214
779 108
995 315
922 445
503 255
962 398
550 266
767 165
901 484
843 221
831 458
709 321
566 423
827 2
820 139
784 10
749 252
526 201
797 367
576 281
686 55
553 459
821 230
952 66
540 454
791 263
514 212
857 472
890 365
957 383
794 366
697 387
545 369
669 117
544 318
679 460
945 362
631 92
994 170
659 494
643 270
760 130
830 337
804 297
714 214
975 284
610 472
829 55
896 234
699 406
827 385
752 338
941 107
987 27
550 372
790 396
818 215
552 456
911 216
590 327
902 170
852 201
583 402
735 18
536 237
643 203
946 91
592 75
540 326
528 137
535 91
781 118
765 117
730 441
616 216
911 312
934 186
773 303
852 371
630 375
821 408
768 172
993 447
996 367
670 235
689 211
847 114
724 221
691 33
508 439
522 423
763 374
596 64
692 287
505 247
987 478
795 277
525 277
750 457
565 426
731 274
879 104
814 80
710 471
597 243
871 81
767 52
509 398
636 127
716 355
814 87
776 473
671 458
725 329
824 11
562 317
908 3
603 361
709 179
632 354
633 170
570 81
927 111
924 101
513 169
614 298
646 34
801 331
683 148
883 490
812 107
801 220
662 267
623 78
690 394
548 277
520 496
898 62
873 62
605 463
803 126
874 269
913 139
677 418
698 356
552 256
949 172
976 449
870 492
737 318
571 199
528 378
768 467
685 93
561 112
513 400
701 16
853 211
718 237
745 398
806 74
721 398
526 187
848 287
810 98
719 474
834 354
989 232
805 426
826 22
594 64
711 416
885 326
794 387
591 78
932 380
864 128
526 410
537 23
667 174
903 484
637 223
901 330
590 55
942 279
948 243
634 29
834 314
872 322
587 294
714 357
505 386
843 273
571 14
684 392
966 251
665 54
636 280
576 434
900 424
878 427
646 209
570 366
552 26
969 270
967 347
874 254
913 483
976 296
823 489
757 267
921 421
678 454
513 460
949 183
628 422
891 317
923 159
645 462
686 125
810 478
823 72
538 61
747 224
670 111
622 151
641 46
573 359
945 468
827 393
723 126
514 224
513 325
868 211
603 8
516 335
678 316
516 317
857 439
884 282
865 57
728 167
836 361
803 342
511 320
557 174
923 225
533 317
674 114
628 487
894 237
740 299
710 219
652 192
559 160
643 222
882 86
852 326
752 37
966 447
642 337
543 30
806 75
506 269
809 170
610 193
829 244
762 482
953 64
897 102
635 170
589 303
967 466
887 419
734 476
831 361
802 278
614 71
645 415
511 351
771 117
570 424
501 433
741 230
748 398
510 97
775 326
843 338
739 496
676 196
760 476
612 205
917 85
898 275
626 120
692 178
825 157
800 68
537 6
833 453
555 425
599 450
808 300
874 72
669 35
575 380
545 115
943 440
519 5
766 276
764 359
765 170
682 190
612 400
666 90
534 16
550 40
893 361
847 191
729 121
632 152
615 149
731 463
537 237
634 66
907 57
665 163
880 344
601 273
814 396
723 166
619 5
767 428
665 105
793 280
887 180
733 332
607 163
511 156
622 335
877 66
749 292
895 466
873 238
909 219
855 372
944 229
686 104
919 167
638 260
508 236
507 125
625 177
887 186
900 298
925 321
938 43
659 407
957 340
865 352
603 277
989 2
918 409
628 407
994 192
902 155
626 360
688 386
748 152
695 210
542 23
969 449
546 485
835 71
693 259
679 64
915 426
776 17
606 249
965 201
981 138
525 110
642 218
689 337
531 57
886 398
768 63
726 70
594 374
707 43
737 275
627 457
560 229
857 15
894 258
748 120
933 67
605 51
666 141
575 237
548 405
832 233
774 437
565 329
826 21
957 320
994 472
739 12
833 463
603 142
833 442
913 298
775 54
570 303
574 438
759 204
987 470
527 186
891 12
795 301
720 237
658 404
685 306
864 471
523 476
792 65
965 392
715 357
936 361
792 423
727 460
770 38
848 467
766 426
582 219
996 344
505 239
511 127
730 99
636 428
835 12
588 117
977 191
924 14
835 285
623 35
734 497
540 74
721 283
828 159
640 302
842 148
888 114
704 415
795 464
893 116
711 154
801 458
939 323
916 93
605 361
968 466
672 294
800 262
666 481
694 297
701 340
696 107
513 432
774 249
601 192
782 161
847 440
657 80
904 447
802 145
753 288
888 349
532 228
793 208
618 43
824 368
688 94
693 55
537 41
995 224
660 76
611 370
892 281
766 234
796 26
803 308
839 88
552 68
790 121
830 241
910 59
501 3
561 460
766 134
886 151
504 184
893 78
990 485
517 485
756 289
682 325
979 412
667 396
733 99
505 318
960 362
612 390
976 437
925 204
599 56
895 364
944 107
629 299
921 495
896 162
661 152
547 394
782 456
678 143
686 3
817 196
919 84
669 36
903 256
677 411
592 423
970 90
775 406
849 407
984 498
970 275
742 380
581 252
792 478
957 72
724 59
696 268
841 494
796 213
538 325
692 412
835 293
601 190
541 241
841 48
683 145
800 117
536 481
974 421
602 300
894 252
955 456
645 363
585 490
697 8
788 322
517 478
878 273
700 489
936 33
564 9
947 334
686 247
622 5
728 345
565 206
636 36
798 370
591 449
832 196
652 67
610 351
589 89
504 161
930 281
993 160
731 17
516 332
938 88
657 448
927 459
618 404
556 169
686 151
545 150
983 393
992 451
740 205
788 44
727 148
678 377
828 334
792 19
917 184
653 271
644 301
790 9
678 167
647 468
900 482
652 40
835 96
747 76
792 275
525 177
686 402
607 195
955 254
630 109
806 367
956 48
720 205
818 482
707 43
582 58
896 452
738 287
663 150
842 164
681 368
550 40
656 382
770 358
833 14
679 193
756 437
842 460
844 327
799 351
540 249
961 85
596 410
657 256
865 281
557 352
827 370
911 383
516 14
611 431
544 248
585 195
708 394
641 333
984 12
821 30
888 411
656 81
951 119
641 463
881 493
602 436
823 271
530 122
719 279
781 410
562 465
984 7
520 267
786 239
627 180
737 325
516 492
725 181
690 476
650 187
923 109
546 109
521 390
699 258
554 65
821 84
657 352
539 326
638 71
706 478
999 217
792 340
867 11
737 277
709 243
816 154
635 47
998 242
789 50
913 83
945 282
582 23
666 3
995 32
893 330
721 67
673 397
829 440
502 360
861 41
632 296
933 267
501 141
635 104
574 117
944 329
531 493
634 150
666 428
824 449
609 396
792 292
805 173
637 124
807 362
968 408
669 405
752 243
608 341
627 378
851 169
738 443
668 353
763 100
998 175
920 230
947 251
522 17
986 422
832 371
610 226
814 39
616 311
564 484
527 372
858 262
616 251
655 228
972 72
970 462
611 364
762 278
939 499
793 468
887 255
720 169
600 447
830 115
553 194
945 286
556 177
997 330
961 275
543 386
535 406
782 101
656 398
998 426
867 331
806 119
955 69
620 404
528 255
897 48
507 156
594 286
758 281
614 353
973 202
964 232
693 101
775 168
726 296
953 301
892 406
727 16
991 129
840 62
580 328
549 159
788 365
519 77
577 484
548 352
756 245
922 288
750 424
771 384
539 82
939 404
778 304
993 486
938 330
585 189
720 120
760 323
964 381
659 316
588 14
908 328
542 337
886 438
624 192
750 52
688 227
927 112
991 204
986 275
938 429
717 122
578 172
566 73
539 274
787 202
737 319
801 188
844 478
767 231
698 23
665 214
774 311
749 280
826 47
865 256
637 465
644 222
645 315
957 497
639 461
909 171
660 467
662 245
971 157
988 452
806 406
828 5
597 122
504 285
742 179
587 472
606 115
866 329
688 295
841 29
626 186
664 287
760 353
958 224
790 249
769 288
686 455
521 211
780 5
870 310
920 472
710 229
590 426
518 116
870 216
713 435
538 306
818 54
541 278
692 402
911 198
992 202
724 446
807 240
810 418
554 143
649 421
525 252
586 377
937 242
733 76
752 146
980 143
664 309
986 355
900 338
938 179
937 417
833 490
988 493
538 238
985 311
858 433
764 123
521 99
566 437
867 106
532 167
787 277
723 287
840 101
593 337
791 227
820 211
518 437
750 303
711 17
539 257
674 470
585 404
683 343
627 464
878 222
731 156
699 472
904 105
597 72
631 10
819 206
748 111
731 387
866 342
620 243
643 70
743 377
665 494
748 34
911 125
840 190
986 234
864 335
858 69
721 445
895 478
816 349
778 276
538 484
919 481
719 329
738 380
602 237
925 207
981 394
635 164
512 325
950 33
937 341
942 290
896 419
963 144
516 14
866 373
825 314
924 299
825 48
641 277
705 456
801 415
941 236
587 282
548 397
671 428
830 145
897 23
913 44
632 195
976 379
767 408
964 224
772 427
839 113
507 480
690 406
700 321
790 21
694 128
899 315
690 372
972 460
757 217
534 91
734 38
917 123
789 69
913 310
618 456
849 343
817 317
944 43
892 487
712 135
697 154
932 69
994 275
759 372
895 218
644 250
629 254
839 260
743 9
560 85
505 71
857 95
811 261
802 147
924 493
579 414
698 135
750 217
563 127
796 125
766 343
779 92
878 456
786 106
921 402
695 316
589 285
846 427
546 182
511 432
988 306
633 421
657 201
535 221
827 410
514 9
820 482
946 25
965 46
731 161
928 287
954 80
797 263
755 50
622 244
745 91
892 294
548 229
602 154
901 480
547 318
998 82
887 122
571 442
679 329
969 132
996 359
648 403
805 425
873 408
627 185
605 81
730 481
778 247
834 237
878 391
634 483
966 399
753 112
657 63
901 225
567 180
526 242
803 20
602 339
819 75
697 64
926 17
760 261
623 485
519 297
970 371
963 323
704 233
884 216
714 144
504 67
632 21
908 481
854 449
528 411
957 419
738 261
611 236
648 122
851 477
735 89
933 249
508 480
757 500
643 500
691 125
772 140
727 412
832 261
707 7
586 25
696 384
767 401
586 113
748 149
882 68
996 223
766 346
646 435
993 338
788 400
676 135
768 481
974 85
824 343
751 224
701 465
842 187
648 138
951 256
627 293
955 383
553 74
713 384
814 340
729 114
681 278
594 454
988 359
813 50
629 371
897 302
758 69
601 241
809 272
612 171
552 223
907 438
525 121
518 389
786 481
996 486
830 115
550 305
873 158
955 240
985 445
814 31
610 354
998 398
994 124
678 306
593 199
513 367
754 135
539 381
854 437
841 377
744 301
615 215
683 338
588 395
866 346
554 335
620 27
883 399
559 272
899 104
770 391
871 258
739 294
858 421
705 63
783 368
599 107
552 233
933 291
991 397
674 418
593 200
708 174
590 401
699 390
716 102
979 242
893 200
722 184
967 369
520 105
570 436
649 291
568 21
662 316
896 241
780 176
758 55
550 196
865 255
752 187
815 441
736 490
759 351
989 240
747 274
945 493
981 430
852 111
785 410
916 396
782 222
687 248
718 286
882 251
818 237
579 114
572 95
796 124
784 408
952 137
918 78
609 213
709 114
919 141
628 330
724 185
666 212
789 273
839 497
782 266
847 54
659 184
755 377
952 84
604 441
560 412
826 152
703 439
655 98
751 245
742 29
751 81
647 246
618 442
656 251
533 42
869 146
721 163
708 67
849 184
862 170
942 343
703 126
932 413
829 303
665 335
855 7
570 281
651 343
828 191
883 487
762 429
969 462
595 461
976 477
781 304
646 262
664 458
813 222
645 209
757 44
928 37
951 496
820 88
547 438
896 202
604 224
548 269
658 179
809 267
826 428
992 159
734 415
851 106
912 208
902 23
635 54
940 210
770 351
690 439
663 20
619 313
946 310
831 85
537 3
539 60
774 45
639 176
912 72
893 123
800 388
512 453
890 450
501 283
941 373
834 337
838 158
740 495
929 3
989 83
890 123
701 126
742 92
747 306
676 158
701 220
996 460
699 235
751 456
925 59
763 444
883 450
685 268
566 271
515 84
504 486
667 412
541 51
820 171
637 383
501 51
908 102
659 239
810 407
954 447
672 278
575 116
761 211
958 432
859 19
809 153
555 148
996 409
627 207
987 146
693 84
503 369
755 451
549 19
853 285
501 290
718 200
960 490
879 248
634 209
989 107
732 373
882 52
792 437
754 389
694 145
945 152
861 262
862 382
890 355
623 373
508 303
519 166
810 128
513 373
650 25
918 474
719 207
768 450
826 364
660 120
735 405
716 117
836 368
710 98
893 100
712 51
508 499
983 18
546 167
698 489
818 183
657 92
838 486
887 208
518 185
920 449
544 421
986 400
673 105
755 446
534 167
843 309
514 100
613 256
719 36
943 387
735 215
925 80
652 175
732 473
612 497
571 499
535 373
819 38
825 168
678 244
659 208
761 363
849 121
586 279
867 19
880 294
590 136
664 471
693 366
616 415
830 170
791 274
529 226
800 57
695 397
974 40
680 431
669 228
540 168
