804 223
770 241
580 179
916 18
949 92
950 190
508 360
677 283
692 382
874 275
618 232
513 360
737 49
606 362
776 177
681 258
803 377
923 91
508 80
989 117
712 375
584 115
538 265
733 25
860 122
928 432
516 482
940 114
505 387
547 360
766 280
864 258
655 115
684 396
796 77
538 449
856 177
873 168
892 143
849 396
939 90
665 261
542 174
932 163
671 311
596 76
872 12
548 33
507 46
992 38
897 172
928 55
502 361
777 337
916 483
824 67
885 234
955 174
995 184
796 177
790 111
918 10
862 109
954 132
795 277
519 416
675 407
650 324
875 305
982 487
850 429
792 27
718 156
574 17
692 292
942 171
593 193
882 409
912 296
914 245
521 304
513 404
727 290
850 414
514 446
720 486
836 179
757 251
638 184
911 292
609 454
846 261
515 20
691 150
851 421
597 125
952 417
590 90
826 45
850 61
649 116
981 193
951 445
948 316
956 133
929 418
541 66
800 246
891 314
985 301
504 181
900 232
929 275
679 17
727 224
659 219
931 270
866 228
755 445
748 153
619 45
897 306
742 393
732 92
971 393
989 113
542 156
574 312
765 456
884 96
647 17
537 417
813 282
953 165
545 481
964 235
593 164
537 317
997 312
515 478
597 91
948 20
575 495
910 272
596 57
648 192
755 426
624 408
778 313
771 345
672 120
695 381
589 218
558 16
812 342
953 55
785 50
718 389
553 280
654 42
561 175
978 305
791 198
958 301
622 235
978 322
546 422
820 264
806 374
893 94
728 394
555 225
782 284
798 179
986 33
977 200
782 11
582 195
855 335
770 238
682 61
825 124
687 14
752 406
683 438
508 429
767 233
704 200
621 215
976 359
862 490
891 120
806 381
560 334
724 488
786 96
758 257
906 421
976 118
780 290
749 119
564 447
616 36
966 277
738 198
737 251
538 80
639 469
727 322
812 237
758 236
559 449
943 20
598 114
877 347
630 113
685 297
841 293
736 88
517 274
736 85
919 119
828 41
988 471
751 421
765 76
560 414
945 274
568 478
579 196
981 282
954 445
594 74
516 259
548 360
596 448
829 479
530 200
722 70
504 223
592 201
501 208
764 393
672 44
995 211
643 13
880 12
790 282
554 20
942 386
763 403
929 51
773 339
657 221
826 222
858 168
657 465
536 150
990 221
688 256
557 297
715 465
574 256
907 101
699 450
903 229
750 175
585 65
628 322
590 380
984 250
604 3
738 62
505 455
961 8
929 98
670 398
772 411
829 380
777 145
863 66
849 249
525 98
796 354
636 196
546 270
768 148
787 46
649 79
828 234
863 308
985 240
898 293
599 168
710 32
802 57
534 461
674 180
902 168
718 104
747 418
849 366
794 260
900 1
669 102
636 490
894 274
528 222
664 95
569 321
997 33
861 342
671 288
753 482
618 40
633 293
583 431
579 316
832 18
952 377
667 308
949 168
603 117
836 346
899 142
890 335
968 349
630 227
881 142
790 463
727 7
516 133
828 364
696 361
972 317
732 308
755 150
785 373
923 221
884 48
818 430
981 5
896 247
885 460
608 369
674 251
528 364
545 33
772 296
626 209
565 481
801 253
966 115
973 13
693 358
521 114
724 484
918 321
578 168
914 105
868 325
884 218
965 93
742 381
751 327
532 116
910 483
812 371
685 399
789 319
782 172
906 158
615 115
504 245
758 193
715 93
503 150
906 327
523 77
790 333
880 79
520 383
901 124
796 55
976 346
746 487
810 192
984 194
702 303
753 332
517 409
548 394
869 487
914 477
576 14
880 385
773 422
784 396
748 92
626 492
801 153
578 352
578 457
985 282
799 272
863 187
973 73
843 181
620 251
992 431
697 402
579 276
960 379
515 26
984 303
775 160
578 43
788 330
753 53
547 1
827 207
650 64
920 396
604 495
670 29
563 243
831 406
785 66
534 50
799 189
605 18
767 84
705 260
774 388
587 471
607 458
611 50
754 353
794 323
660 355
736 164
732 110
590 191
510 143
590 500
610 318
922 44
872 200
926 415
521 237
881 147
735 277
608 194
710 139
838 269
564 169
666 258
793 372
873 78
919 226
797 439
944 299
522 46
501 99
801 144
739 417
646 11
801 458
614 374
700 116
720 144
641 219
660 110
914 35
649 359
935 124
526 340
805 463
729 140
652 424
608 221
701 248
805 406
674 273
668 236
741 203
898 59
817 43
857 167
714 281
519 497
520 56
780 129
854 334
960 120
560 422
698 421
835 219
543 138
652 320
569 441
800 291
738 322
788 124
780 202
679 82
996 173
721 286
749 89
813 127
588 438
762 378
805 236
792 300
883 318
676 78
879 166
517 439
519 212
700 378
633 279
667 435
876 203
753 500
860 107
927 132
879 82
935 2
777 374
939 113
593 278
627 47
548 280
511 376
979 284
525 156
825 253
868 286
718 245
564 471
611 71
576 242
761 425
614 180
625 136
782 169
863 394
612 245
690 286
853 39
797 139
610 153
671 225
940 253
623 303
736 494
565 142
855 80
654 482
842 221
953 84
545 29
870 247
796 415
568 391
859 214
738 272
891 163
523 138
984 193
767 241
703 91
829 446
955 185
799 246
849 419
558 470
990 242
623 347
967 19
754 423
870 88
553 282
828 191
859 168
520 458
685 313
806 87
960 141
575 418
780 60
795 10
813 416
677 479
537 318
700 126
863 446
542 29
717 267
517 367
993 193
613 275
651 5
683 87
672 487
970 188
927 153
676 170
724 478
918 158
714 384
824 496
530 306
518 8
858 302
684 316
562 404
631 436
913 379
781 286
524 406
837 161
608 401
591 362
714 80
840 144
717 493
816 271
718 83
998 397
506 353
909 425
821 270
953 142
869 237
967 300
979 378
896 330
842 448
927 173
519 46
801 389
815 268
866 145
665 391
575 250
755 297
660 352
958 18
947 103
935 347
784 419
548 255
836 485
934 334
885 134
591 320
654 94
689 1
899 141
813 331
826 234
986 167
759 435
555 439
757 388
711 83
606 32
898 380
976 119
640 309
725 418
892 91
832 497
936 467
948 309
641 312
574 296
639 126
857 187
795 480
700 99
880 37
975 293
956 320
657 357
507 8
570 222
873 498
755 87
566 279
561 484
510 255
723 98
585 441
710 189
772 311
942 114
698 161
643 460
917 461
556 461
843 343
813 291
622 191
839 21
577 59
614 162
865 211
781 38
922 376
878 276
986 70
769 284
622 124
929 322
982 138
600 189
619 307
704 457
793 229
825 409
760 308
564 366
913 347
525 67
811 86
524 369
823 333
517 310
743 144
694 179
738 391
823 71
868 271
523 423
699 145
801 231
611 461
957 110
789 333
920 165
702 369
572 204
978 375
873 147
637 183
776 413
522 40
548 496
607 124
539 88
707 236
523 66
890 304
823 400
938 3
961 258
698 144
610 412
911 28
962 54
607 442
581 1
554 83
950 24
611 195
939 427
850 229
569 395
674 224
649 432
614 397
924 231
960 48
698 337
711 291
946 461
563 498
774 19
962 274
810 406
682 247
564 83
575 5
685 58
708 326
556 250
567 421
645 105
908 54
521 15
729 337
713 239
799 429
548 239
884 251
577 374
685 295
899 377
667 51
820 488
954 453
920 276
539 278
920 39
915 58
728 441
816 413
789 264
855 196
715 174
584 380
759 57
698 208
817 244
507 25
650 423
842 159
560 198
510 61
657 422
938 394
712 196
545 401
509 43
688 165
599 29
967 211
992 155
839 116
639 144
654 273
871 4
620 383
943 374
855 358
817 341
712 22
703 166
972 230
589 184
596 69
557 123
584 269
949 493
1000 371
502 106
698 311
548 260
582 30
971 354
753 194
965 73
657 255
969 184
704 176
541 263
579 435
527 471
585 383
866 426
670 111
870 231
583 442
697 418
602 5
854 278
665 336
979 189
769 358
674 73
599 84
864 46
944 256
827 219
593 290
785 464
588 441
612 299
557 363
931 402
843 186
539 28
616 45
727 391
552 421
840 7
927 465
987 423
888 291
728 24
614 495
818 39
957 211
619 75
598 67
533 486
608 129
810 392
955 493
771 403
813 136
612 251
897 413
929 457
584 115
902 243
751 458
615 288
502 214
645 296
721 159
545 435
887 463
924 413
946 457
638 385
540 247
926 113
540 322
833 347
859 376
535 423
588 416
934 342
701 68
513 137
563 476
811 463
916 176
515 234
548 159
511 471
817 106
947 465
911 420
849 346
977 319
623 423
502 498
650 461
959 351
509 265
676 69
893 82
763 301
864 156
553 157
941 380
539 266
738 108
692 116
679 288
668 397
932 76
889 496
661 179
627 71
518 401
876 193
781 302
957 430
535 132
745 76
550 176
891 371
599 96
955 380
991 472
545 351
837 243
911 222
889 460
576 400
653 86
714 357
893 433
655 419
595 468
574 202
882 449
814 457
796 152
902 7
503 107
597 500
903 147
843 232
591 442
756 125
941 293
911 409
973 130
911 132
643 487
681 29
828 140
768 316
889 275
728 399
703 103
813 115
978 154
681 187
675 130
692 238
805 445
960 312
878 407
782 122
685 362
770 149
529 41
794 224
854 435
743 391
693 136
575 496
589 355
543 359
842 354
862 43
664 466
803 64
811 252
587 77
897 464
717 454
953 103
603 22
541 134
699 212
607 294
977 241
876 17
996 171
666 23
802 131
803 134
815 497
832 46
752 210
866 395
723 299
582 214
758 137
841 490
647 221
828 128
876 391
943 19
577 62
930 123
987 171
857 123
900 398
737 77
848 114
835 38
946 195
914 138
781 217
521 464
795 141
627 336
750 55
511 238
978 346
512 454
903 181
986 227
780 380
808 419
687 168
738 414
531 255
926 252
964 226
910 282
792 109
594 134
503 379
536 367
570 318
537 433
725 477
696 457
759 488
976 460
947 482
759 475
628 92
842 205
750 29
652 257
713 41
734 129
975 298
825 414
621 357
890 410
576 228
620 402
884 292
968 83
665 215
643 402
617 400
917 338
675 168
560 412
956 432
743 408
865 139
815 374
876 345
935 500
905 20
794 500
830 248
936 488
691 231
888 435
601 251
528 314
969 363
914 88
768 493
865 14
566 468
915 203
660 443
584 360
971 88
652 406
561 14
891 120
682 277
850 135
768 123
537 235
544 156
502 182
511 118
725 31
757 124
920 349
933 480
917 148
714 358
606 62
854 185
736 150
524 488
964 207
739 38
840 372
748 175
659 358
744 248
509 37
608 23
810 375
654 141
928 285
821 7
816 347
841 41
966 324
986 76
852 338
817 282
591 252
555 76
955 11
916 107
541 106
614 89
986 494
563 407
801 408
979 342
930 231
607 386
541 338
594 297
640 52
922 327
915 297
758 253
981 81
555 404
564 483
869 79
513 361
963 387
785 16
796 186
899 252
555 334
542 398
1000 349
944 125
578 271
788 422
710 455
994 69
626 424
788 121
846 74
812 296
835 332
757 41
761 111
716 224
570 25
582 111
554 50
641 106
663 230
932 403
542 277
689 292
928 183
587 115
565 43
758 216
852 142
907 238
612 199
981 229
507 108
1000 264
957 43
522 233
699 250
879 147
813 227
530 142
675 429
654 142
550 423
971 167
777 69
543 65
636 348
523 322
616 12
595 324
635 473
596 43
560 180
793 351
745 276
610 434
851 218
729 143
940 108
775 289
642 32
732 438
719 354
814 1
648 460
696 87
976 333
950 348
698 97
609 81
619 314
642 258
968 218
829 120
671 91
739 283
871 414
705 317
851 195
513 136
845 224
628 230
564 8
973 201
824 119
607 336
867 91
750 393
740 466
953 441
631 381
807 125
912 407
779 473
873 355
987 500
972 288
528 280
708 72
870 330
818 204
610 166
893 250
572 369
916 451
657 302
989 343
818 195
953 214
727 141
856 421
922 302
706 49
506 316
505 119
663 159
858 409
898 217
514 437
874 332
607 290
866 2
618 309
941 78
569 407
502 382
799 27
740 429
856 327
590 458
881 412
504 366
753 361
603 18
515 473
622 474
647 35
739 467
519 31
653 227
680 41
638 296
558 363
514 101
863 281
544 249
945 327
650 173
713 380
633 58
835 235
819 6
881 258
585 379
997 341
848 431
990 378
873 292
563 431
660 173
743 131
842 313
564 299
755 56
629 269
928 352
546 402
740 161
680 52
580 379
791 453
948 454
759 134
816 162
683 41
792 65
731 468
571 108
833 410
903 46
502 26
900 292
538 68
645 45
616 342
517 267
945 312
825 288
661 461
956 332
652 210
795 497
842 260
635 430
735 428
616 213
879 369
969 166
782 311
627 110
697 462
657 154
574 446
874 2
983 343
896 98
917 480
676 129
801 25
902 321
887 247
770 266
998 424
720 402
953 212
710 51
618 8
928 352
617 224
618 428
692 269
825 169
802 277
852 488
979 278
790 391
791 438
711 17
757 428
508 478
798 150
828 431
577 368
917 419
906 390
794 242
538 157
794 430
767 7
851 375
858 500
864 32
677 79
974 413
824 259
512 372
993 176
616 353
635 303
857 234
674 75
767 311
768 458
587 322
918 144
997 43
535 85
537 464
824 384
709 8
722 305
529 60
891 167
771 27
834 35
803 318
848 384
868 103
547 344
715 189
608 92
734 491
592 324
685 103
703 414
958 364
503 473
984 187
608 354
703 461
604 499
691 463
706 390
623 474
870 235
590 311
515 27
832 419
531 346
907 45
613 217
854 360
963 486
762 194
568 112
835 106
618 22
716 466
943 280
760 262
683 280
632 260
686 307
599 483
655 322
992 95
507 265
734 271
807 93
954 343
727 397
557 164
954 189
585 215
899 44
638 266
745 392
775 444
618 52
888 221
588 39
713 317
894 384
542 185
584 194
778 447
597 54
911 176
901 352
813 174
726 191
895 498
857 14
777 356
561 156
612 75
961 295
621 239
681 167
950 498
600 499
746 302
827 223
594 84
882 317
965 219
945 361
692 248
960 137
956 328
567 318
747 91
840 115
969 37
910 469
564 5
635 181
970 484
600 367
963 497
512 480
917 499
855 169
691 491
808 171
600 62
612 247
860 332
964 456
700 469
788 324
578 445
674 218
705 99
625 65
670 1
534 283
868 164
699 74
945 65
898 166
830 113
679 108
545 103
838 202
911 430
783 500
822 342
597 493
910 248
898 63
629 429
697 243
637 417
681 19
632 432
598 283
695 385
986 141
937 411
926 119
744 448
761 422
627 94
857 243
917 217
789 158
506 215
975 209
583 61
857 186
738 277
556 282
992 409
941 219
613 376
640 316
511 351
846 209
979 157
659 183
984 348
875 145
838 206
902 354
929 200
621 136
797 67
628 334
505 213
847 480
808 240
936 127
703 316
821 174
880 480
874 326
536 24
685 359
805 105
747 292
845 148
623 259
940 215
655 142
734 41
936 431
744 67
626 23
832 77
900 344
982 181
530 272
601 378
688 274
659 177
564 60
984 4
849 306
522 388
995 189
802 215
866 126
752 201
898 7
786 185
800 185
927 285
775 464
909 322
951 252
953 323
520 95
734 303
963 37
969 210
947 386
504 416
764 338
536 395
710 124
775 4
843 296
776 18
885 395
598 236
898 57
698 298
629 458
766 398
745 18
511 220
736 15
709 360
857 210
697 481
596 411
720 125
881 350
599 21
940 123
845 282
643 476
758 53
578 140
923 53
858 131
669 436
877 19
915 229
898 372
970 181
575 155
683 418
782 269
930 456
684 140
777 371
832 241
533 3
912 444
522 50
563 261
868 91
891 97
786 472
522 233
941 142
739 392
617 487
966 392
591 231
520 356
753 446
939 336
657 18
930 21
874 141
676 369
649 320
893 1
626 235
722 152
638 418
578 97
760 177
620 420
577 188
813 109
952 395
815 23
629 486
746 487
820 466
858 494
548 207
680 320
669 464
654 40
551 266
592 407
677 25
796 43
762 368
821 143
768 81
693 308
993 244
577 39
552 30
530 311
518 186
790 462
800 221
798 127
574 138
877 243
663 301
612 450
981 169
811 71
948 219
603 442
615 475
710 340
552 53
796 193
878 81
690 333
721 459
993 317
692 444
603 23
725 420
555 2
954 457
875 288
829 23
687 161
794 24
703 300
855 328
517 53
860 132
908 409
554 235
905 431
711 190
647 126
725 428
952 58
890 235
833 194
596 423
969 285
584 295
978 254
795 486
894 358
843 304
658 201
681 390
795 126
590 340
507 64
704 130
707 166
624 106
863 173
786 409
919 416
501 297
694 65
653 155
859 59
660 264
621 267
916 370
585 408
547 375
620 367
855 154
989 440
810 41
908 117
537 172
966 56
990 273
771 122
929 177
605 63
575 422
549 221
948 323
848 180
719 20
803 347
858 449
685 1
687 4
698 63
902 69
727 47
730 404
826 67
565 137
510 100
735 3
765 484
682 63
845 163
848 25
844 3
664 257
879 483
581 117
787 277
773 44
586 324
501 473
842 122
968 428
911 89
810 125
914 13
551 408
609 396
673 306
787 498
971 49
817 239
678 437
635 380
896 382
777 204
737 466
589 379
900 7
730 234
805 40
901 160
628 464
796 488
740 3
945 467
646 190
981 381
591 385
960 95
846 328
592 257
672 199
514 196
529 400
726 225
908 255
870 192
852 302
978 379
982 310
781 467
532 392
835 355
777 123
684 123
673 290
814 227
874 54
942 217
686 259
773 428
825 492
821 295
840 211
981 135
874 252
664 27
903 26
909 41
929 461
641 154
873 228
520 305
576 468
742 481
842 17
959 308
509 133
916 78
592 14
585 443
662 126
720 395
987 446
999 346
626 141
985 34
917 421
661 212
664 14
713 486
755 44
734 25
809 13
605 42
865 340
807 168
847 210
661 62
543 387
687 42
916 262
941 80
531 457
552 147
557 77
902 462
588 292
997 369
724 252
679 104
802 289
556 267
590 273
924 485
686 121
714 499
875 192
934 265
879 472
984 496
502 221
655 164
600 291
777 453
570 106
628 475
516 193
981 95
660 108
