981 351
943 149
971 36
921 177
823 73
751 335
958 27
581 263
960 280
658 29
968 388
768 379
524 213
520 76
786 270
521 270
910 110
549 266
918 324
881 45
547 411
621 270
652 234
647 71
780 424
601 366
658 357
896 289
1000 67
993 448
731 127
926 171
653 354
698 489
726 406
878 380
919 490
524 391
896 244
732 485
913 483
795 383
629 124
845 115
616 96
922 138
721 200
820 38
797 325
546 451
506 396
675 247
511 324
746 273
703 135
776 338
690 74
532 53
590 322
900 463
736 54
976 263
826 1
788 345
622 216
614 69
639 204
942 198
614 75
608 164
549 352
832 131
769 351
849 77
668 110
513 103
825 40
536 135
918 6
741 439
654 332
654 319
897 268
769 306
838 219
708 210
571 33
813 267
820 88
914 418
895 119
873 445
659 223
600 476
661 296
889 145
817 461
515 323
962 305
980 481
584 162
607 5
965 330
619 165
562 260
680 129
886 51
601 145
744 91
634 375
567 169
885 327
518 386
879 82
915 425
730 141
901 188
528 192
626 157
588 341
890 99
863 72
860 183
574 180
749 396
658 133
662 174
794 76
570 177
948 384
592 28
786 318
973 289
674 384
924 229
864 316
790 500
877 430
699 16
965 34
669 449
926 420
694 354
692 495
653 432
930 335
921 308
934 14
683 311
977 31
732 36
984 287
715 496
907 474
524 399
893 220
806 260
645 160
637 315
847 385
662 248
861 138
644 62
765 278
969 183
665 360
732 180
987 390
593 432
827 79
778 46
583 363
550 157
652 228
831 496
524 247
762 174
736 66
663 333
595 285
799 291
980 68
797 351
899 452
682 202
861 255
988 92
544 425
905 134
675 45
579 296
888 362
570 441
610 438
549 153
790 22
672 245
980 399
834 140
594 372
786 51
925 177
725 448
990 283
598 247
803 309
627 70
845 378
735 186
727 91
607 334
859 353
755 171
567 385
859 253
869 35
620 436
707 25
662 82
547 499
759 64
897 288
835 258
708 362
591 105
527 427
655 477
512 297
524 59
938 295
971 406
974 477
646 330
873 386
796 314
849 472
698 300
504 178
514 86
954 219
624 443
538 325
561 452
858 491
519 27
975 430
559 182
871 89
634 331
802 472
532 298
968 74
589 428
725 244
642 500
576 156
594 131
690 319
776 201
971 10
512 62
668 482
844 131
618 499
859 13
544 88
988 350
885 409
609 169
736 441
585 338
573 352
547 21
802 148
931 175
699 461
719 500
834 76
970 433
977 394
769 240
815 254
601 374
813 270
848 24
682 331
904 328
952 6
921 390
748 111
864 274
877 193
952 248
603 94
949 31
728 468
854 390
765 117
646 333
827 459
988 388
697 425
970 210
674 76
912 82
785 306
719 174
999 208
907 204
508 230
661 152
567 449
652 351
947 80
900 484
896 397
673 319
943 427
793 218
607 115
745 273
758 326
656 60
714 438
822 255
884 300
706 155
912 398
721 127
824 70
718 281
729 261
964 464
531 205
919 494
836 476
592 376
762 174
985 67
874 456
783 165
799 144
513 227
691 400
616 26
739 291
787 311
518 23
949 128
722 136
685 175
694 125
960 86
526 186
772 197
801 326
913 365
662 493
926 428
537 415
507 63
830 134
783 126
720 437
814 357
698 368
539 12
883 255
858 458
738 379
701 162
837 96
798 117
666 123
619 89
667 314
578 179
816 403
740 458
842 219
528 435
921 238
628 321
721 311
573 471
791 101
912 190
805 469
643 430
611 182
507 175
577 420
883 171
778 358
779 249
578 227
810 99
534 66
961 387
656 19
809 438
666 383
937 479
692 230
833 245
856 210
951 225
825 206
894 46
748 18
573 419
698 457
765 287
920 394
542 196
619 392
965 179
945 341
598 139
645 341
930 215
909 168
856 250
957 230
875 245
903 127
981 322
996 75
604 110
872 35
745 52
827 51
619 399
645 359
935 143
806 78
624 473
812 274
774 430
522 78
542 126
721 356
713 289
517 478
873 215
763 156
862 102
702 459
713 479
724 468
622 402
930 36
744 74
743 384
943 257
527 262
636 182
809 347
598 331
988 246
622 478
969 205
871 100
523 169
789 400
899 277
906 446
957 435
968 85
968 293
932 129
962 352
651 419
809 222
579 372
808 44
958 477
770 309
670 263
787 337
960 311
735 174
796 28
537 186
801 28
691 134
853 397
772 37
736 461
695 218
725 426
778 97
906 70
926 495
820 157
942 421
616 73
829 150
544 481
840 154
594 157
782 56
952 413
945 344
725 105
539 58
506 256
857 338
614 195
708 406
989 308
896 202
816 180
733 273
574 488
797 334
579 228
676 69
946 87
521 307
730 70
624 325
822 464
988 67
732 135
858 62
692 61
874 319
746 164
868 161
699 165
612 114
793 473
768 340
647 427
698 293
884 198
798 218
591 24
897 120
841 218
505 320
506 81
882 493
738 58
999 215
882 164
600 410
505 367
838 449
852 410
764 301
725 411
553 433
514 401
749 247
886 417
847 403
641 57
804 135
734 136
646 233
841 357
874 169
745 5
609 179
893 345
793 49
902 128
971 416
599 23
759 136
733 340
812 307
877 95
525 305
686 313
848 448
788 159
832 229
677 462
878 301
619 404
570 360
807 459
877 80
838 444
942 383
843 1
544 128
612 328
863 228
543 29
611 142
897 430
923 413
948 326
593 84
782 161
509 100
505 9
980 14
745 157
636 62
517 409
871 187
711 230
891 67
781 423
843 299
844 11
834 489
536 211
509 197
765 381
707 239
588 344
974 242
911 403
700 478
960 500
742 423
819 333
515 215
851 77
754 407
722 52
681 481
646 240
577 437
965 312
779 326
917 325
651 26
858 372
727 460
979 221
842 182
916 185
908 316
553 110
613 348
591 175
981 500
522 484
514 403
874 1
784 139
977 206
668 221
646 333
709 341
557 463
893 160
519 96
773 481
861 350
982 498
745 186
913 247
942 153
673 163
869 149
542 171
742 122
622 209
981 167
803 89
682 82
663 75
923 140
949 191
648 352
769 88
614 59
574 470
815 484
976 228
556 484
723 487
938 235
986 314
735 408
889 495
752 257
961 406
570 259
987 190
678 326
507 482
702 275
608 495
563 203
747 60
673 496
525 359
575 114
620 32
898 57
654 470
617 318
785 448
873 149
529 139
930 475
559 46
974 372
657 151
807 33
603 285
989 131
947 127
668 304
995 441
959 205
969 402
799 198
836 296
811 454
725 399
568 375
558 455
964 62
689 180
898 194
915 125
870 328
874 292
595 429
682 290
731 123
963 74
885 337
561 252
943 494
666 207
684 184
560 447
842 200
600 171
1000 129
948 460
782 244
680 152
619 41
736 25
887 294
941 276
817 120
770 373
647 363
603 428
961 130
661 34
935 393
553 348
642 442
603 434
870 212
588 449
636 269
779 391
712 94
953 256
804 25
659 8
858 328
604 218
709 172
932 9
571 435
524 440
939 469
820 211
634 274
554 288
643 54
585 441
843 51
870 120
507 405
626 47
624 51
662 323
972 250
856 343
567 27
709 140
545 304
998 23
864 294
950 257
799 105
910 54
805 378
726 367
618 459
903 29
988 361
559 338
844 178
849 319
674 470
682 79
541 408
654 86
850 271
662 177
747 235
907 489
884 327
983 63
882 249
787 442
650 441
675 193
924 256
671 454
966 238
966 497
697 438
673 207
509 4
528 196
727 282
924 242
692 371
711 355
666 68
587 98
856 25
543 210
800 97
570 242
916 339
726 44
801 283
906 368
725 181
560 380
578 268
873 252
524 82
775 133
894 431
852 47
797 442
603 11
646 324
693 189
835 191
673 456
735 405
898 344
948 228
953 241
865 91
996 230
682 146
903 397
580 102
576 358
788 486
596 259
657 114
901 46
920 271
763 358
869 293
812 276
649 243
948 487
935 149
916 222
973 356
996 446
985 96
680 354
591 382
577 486
954 474
855 59
547 227
956 195
851 11
722 376
880 80
781 42
846 431
955 482
633 363
680 324
573 359
797 330
865 387
886 309
724 83
818 481
549 490
920 181
618 28
592 277
716 420
507 121
790 285
906 289
510 302
798 61
761 149
862 312
857 311
649 79
743 313
914 438
766 290
766 313
835 172
817 383
780 449
731 167
842 352
693 279
949 87
948 11
650 107
769 252
941 74
674 3
926 469
969 114
928 214
881 488
554 462
772 316
710 163
999 130
973 495
515 500
721 296
801 285
550 336
984 391
542 344
821 17
845 294
956 436
651 167
989 140
986 80
705 261
760 159
792 314
726 285
556 443
928 212
513 257
673 161
657 361
625 164
741 184
974 306
885 435
863 391
846 395
732 28
801 112
940 407
501 17
507 179
509 318
615 186
916 11
919 220
661 143
606 101
502 131
674 481
541 88
955 465
828 363
759 325
862 70
725 174
966 97
804 167
710 93
662 18
619 379
939 336
503 199
853 424
878 371
508 187
665 284
850 263
951 142
522 498
686 303
764 226
956 274
951 157
712 237
725 469
501 300
962 363
903 1
810 186
889 204
554 353
873 1
953 414
770 228
632 201
627 234
646 295
516 383
596 207
965 413
838 279
855 288
916 18
812 105
808 422
796 369
817 400
794 27
639 202
552 148
809 225
798 369
945 176
708 419
815 292
794 398
776 372
872 234
891 27
918 73
828 371
846 360
606 160
571 325
890 218
981 212
650 226
798 120
524 469
883 99
554 149
780 165
823 496
800 228
744 451
616 119
994 34
607 286
907 439
778 447
729 299
734 358
897 247
942 435
698 442
544 203
858 138
715 15
905 35
615 382
572 259
524 137
505 52
626 365
915 160
747 260
754 234
564 357
919 237
669 287
612 208
629 417
679 95
610 415
653 267
977 238
796 470
668 302
703 72
547 270
638 488
839 209
593 145
879 216
701 377
541 246
669 417
988 474
789 148
505 153
912 211
846 427
738 32
882 261
562 317
820 161
652 375
671 162
531 232
903 153
586 89
770 414
850 150
957 281
928 39
924 452
767 134
859 186
991 222
532 160
861 21
829 351
633 19
951 472
818 284
901 61
556 478
644 479
876 238
856 449
956 393
993 360
533 131
997 178
602 292
791 377
799 30
748 353
864 30
721 158
745 205
960 343
641 340
841 296
581 103
600 115
975 133
568 483
524 487
858 270
763 418
908 198
512 271
820 154
631 280
856 61
848 121
565 175
854 488
945 224
542 435
805 199
577 463
813 240
617 241
587 107
524 441
718 243
607 492
979 131
854 272
683 151
707 169
678 138
619 45
932 142
748 493
581 342
906 254
882 156
660 96
763 352
703 465
526 487
984 55
670 376
681 410
924 215
659 186
916 56
734 72
925 235
691 29
670 387
583 304
672 469
676 166
930 336
796 219
859 228
546 469
715 308
639 227
860 41
805 492
589 3
723 377
958 73
704 481
857 115
726 118
908 111
760 245
810 235
926 397
806 446
967 139
718 465
793 19
973 222
727 453
800 386
763 238
656 114
777 79
855 247
870 61
887 216
893 144
563 337
921 48
947 212
861 162
550 78
947 94
912 38
552 2
539 72
626 491
510 169
864 150
935 134
630 110
960 56
965 161
753 114
586 308
502 232
548 407
838 268
983 22
866 265
605 420
564 406
533 152
936 474
830 264
861 376
837 6
702 201
892 324
764 177
730 373
649 402
590 209
763 6
824 98
792 46
831 324
821 63
903 486
935 314
569 449
833 278
914 477
647 155
987 226
539 418
599 412
667 241
636 492
662 196
747 308
916 242
505 486
881 468
932 285
979 263
799 342
806 122
926 6
539 228
935 439
958 20
572 162
975 130
752 311
822 130
569 327
533 128
987 338
773 177
655 414
965 139
811 172
608 432
607 232
620 450
554 150
573 125
552 277
862 472
645 414
566 56
519 210
961 150
629 327
666 417
507 164
806 336
898 344
984 75
506 352
548 299
979 54
574 145
718 36
986 124
546 315
524 103
857 134
824 150
758 33
744 422
968 329
832 340
868 117
842 464
529 257
729 54
751 95
694 173
996 321
702 428
506 306
965 421
744 56
894 415
631 411
975 466
502 248
998 170
892 305
703 101
777 144
836 232
901 7
873 54
891 450
555 99
601 350
992 201
906 211
565 195
997 441
843 369
579 163
813 43
684 140
592 37
759 55
607 322
591 333
926 187
542 384
526 317
523 331
506 111
681 396
874 3
858 297
891 28
509 57
793 72
580 13
928 355
692 345
997 439
731 269
810 337
656 33
924 241
536 273
938 430
983 413
614 139
782 88
981 473
525 203
717 100
896 10
517 218
873 484
847 416
611 269
670 219
578 70
509 495
905 305
546 195
946 47
892 187
847 116
527 385
768 155
923 226
600 97
905 305
775 53
602 484
980 250
596 261
720 16
784 94
551 207
901 419
812 59
705 61
501 369
834 274
814 208
816 478
767 403
974 280
793 232
552 145
701 179
878 113
961 118
990 12
841 250
593 489
834 169
661 376
542 414
850 358
937 489
653 470
846 450
897 355
774 314
603 420
877 19
658 442
830 499
994 307
994 363
786 32
569 500
995 341
917 18
749 308
596 411
701 258
601 337
875 235
507 85
874 329
596 352
740 112
651 468
914 299
711 366
899 27
832 378
993 90
927 186
947 211
539 297
746 176
830 21
859 31
527 411
832 62
916 410
845 196
693 50
631 216
647 434
662 78
724 291
701 280
708 183
633 25
946 441
924 95
851 219
523 233
986 278
910 168
616 210
735 240
613 232
614 131
833 192
540 462
604 91
509 117
958 348
670 391
663 186
531 487
932 92
783 416
660 221
710 43
859 139
984 190
501 375
815 363
747 235
860 133
544 269
945 363
670 11
574 331
909 92
578 351
503 204
773 461
910 408
776 155
834 279
966 243
545 433
556 461
868 141
530 122
778 223
585 164
541 269
957 15
581 356
728 347
569 387
869 49
933 332
663 55
577 42
960 385
677 359
995 185
898 198
992 282
629 80
588 73
637 489
731 349
673 162
672 217
820 88
673 266
826 138
691 156
978 296
657 183
534 132
876 170
820 50
802 51
621 326
924 216
895 295
905 347
855 110
626 177
787 380
586 102
813 368
944 492
880 264
704 4
910 153
961 188
993 457
815 295
506 132
887 492
807 12
848 372
801 224
902 433
536 334
966 226
974 53
655 375
673 455
643 325
798 317
666 349
940 376
806 266
850 2
702 426
502 484
591 14
736 252
956 99
636 255
926 95
954 247
556 186
574 12
982 37
932 197
534 322
674 332
776 241
822 289
694 126
921 482
849 258
629 374
539 177
605 44
762 140
629 267
680 406
666 50
797 470
884 69
524 33
723 226
514 42
919 270
938 166
908 166
724 383
762 334
579 192
884 276
772 215
773 68
630 336
708 470
657 287
904 162
936 363
522 20
679 318
771 32
694 57
632 95
761 234
534 243
911 173
882 64
798 35
905 298
888 380
863 203
675 367
570 308
620 48
791 228
512 36
577 337
980 221
567 338
926 383
740 268
932 431
980 17
819 179
640 182
702 264
826 357
719 223
679 244
555 185
573 24
977 85
579 310
530 142
650 126
698 41
707 349
874 197
662 423
984 273
676 245
732 349
510 116
671 495
621 180
844 23
670 433
531 372
948 286
966 277
878 154
995 182
626 455
519 138
995 221
897 377
752 429
718 62
795 83
815 51
987 339
673 287
808 168
553 71
576 17
516 92
528 28
598 129
680 247
650 16
765 368
535 137
800 330
817 64
692 463
525 274
913 279
659 358
710 284
887 225
910 140
939 133
861 96
755 52
793 442
820 300
568 168
605 8
802 141
703 314
959 446
581 437
830 441
831 7
993 14
578 70
774 475
995 46
680 430
961 211
778 3
632 222
959 475
549 1
691 363
518 354
673 6
523 251
547 6
731 210
680 249
964 184
993 79
802 57
914 267
817 341
774 96
956 433
718 326
719 105
902 86
927 304
969 358
814 237
591 223
519 43
710 492
723 302
960 224
760 329
715 496
985 145
936 2
530 427
959 246
746 474
932 268
652 299
933 264
973 75
776 80
759 238
858 89
618 41
875 90
649 220
894 77
597 361
578 276
642 372
741 61
517 205
530 396
632 336
512 338
631 134
811 343
709 382
793 258
792 171
810 336
504 102
914 376
539 145
902 62
670 353
522 2
947 196
567 44
738 267
870 144
880 75
823 222
752 109
701 198
688 402
795 471
936 74
873 325
838 299
856 52
650 446
973 435
740 82
863 150
572 293
963 190
634 456
797 54
526 440
835 132
583 88
823 87
678 331
871 27
533 19
858 381
606 41
661 186
758 111
845 438
866 202
987 169
995 168
607 26
884 304
758 181
900 248
942 72
960 141
726 343
854 380
511 176
646 36
537 191
682 438
967 282
895 464
853 441
770 451
995 194
558 163
916 437
663 150
881 56
825 247
609 402
641 95
703 146
714 429
879 127
989 282
911 20
582 99
679 62
576 13
706 59
692 156
516 22
939 83
526 277
967 318
874 468
742 403
928 387
911 376
939 99
914 41
543 93
735 178
607 421
596 352
945 312
571 304
857 195
825 225
975 400
666 373
511 209
620 147
737 430
800 370
596 321
689 13
535 443
857 289
584 45
988 423
934 119
877 222
643 53
697 106
570 487
647 51
692 237
807 471
577 403
583 85
996 95
1000 380
601 6
766 363
679 470
735 76
659 363
665 31
750 315
908 442
889 408
836 436
890 243
874 438
747 367
686 482
635 258
876 20
695 206
956 177
970 413
588 281
876 227
797 447
996 208
773 394
596 414
846 170
668 436
832 261
965 217
665 137
794 239
722 289
897 414
734 147
882 336
555 436
905 1
749 21
685 428
893 63
579 99
688 42
545 173
898 204
694 230
591 379
602 39
649 393
773 494
762 82
815 10
642 125
695 324
534 391
723 64
624 198
610 303
577 12
799 368
997 469
827 343
839 24
752 257
951 254
647 312
750 47
739 441
943 127
735 82
677 360
782 421
666 450
