762 357
600 303
661 487
758 300
672 15
965 376
969 462
506 149
773 168
735 254
933 474
644 87
514 429
577 201
711 263
585 435
892 379
617 87
963 54
541 479
702 439
666 404
904 421
660 404
791 192
652 30
900 483
589 334
704 213
999 283
990 138
974 388
733 119
509 329
823 396
924 48
685 144
646 384
695 274
992 285
836 227
982 53
780 192
769 101
589 89
960 209
752 386
962 301
618 482
984 123
594 167
595 31
803 448
772 345
850 163
808 13
682 234
677 132
510 33
638 397
745 484
545 126
915 107
630 424
988 40
987 136
671 87
548 210
927 370
651 251
950 394
533 291
603 112
557 126
846 462
985 53
697 205
915 324
645 56
501 442
771 315
717 50
754 329
518 54
742 449
859 420
781 143
910 496
547 332
988 162
901 153
757 397
870 499
692 123
869 291
610 230
667 86
836 333
546 247
755 154
592 163
806 421
538 83
786 78
956 309
577 194
739 327
953 45
527 205
763 340
689 194
833 396
622 228
615 57
582 228
906 213
566 360
562 151
765 434
666 94
780 235
864 70
898 122
522 285
519 100
735 258
905 341
590 164
823 450
721 396
858 170
877 66
775 367
848 341
722 220
610 469
649 74
810 115
658 230
979 371
845 174
505 380
615 435
877 197
579 412
627 322
652 331
600 266
889 396
823 379
553 486
858 252
925 349
730 473
797 486
960 26
606 279
869 275
587 179
552 260
852 185
954 195
557 256
542 388
610 487
944 32
538 190
673 460
932 496
940 228
721 402
568 475
531 79
848 448
852 91
581 82
551 36
852 237
714 178
542 460
558 462
975 281
817 266
757 410
880 455
704 471
556 164
931 453
507 387
820 206
951 161
608 64
947 161
925 270
825 354
776 201
901 256
668 392
544 89
874 402
983 334
698 120
781 52
769 293
997 331
860 345
632 458
844 60
795 228
796 254
751 399
659 410
742 420
588 144
523 169
729 392
726 44
846 327
686 440
664 466
575 341
740 51
569 443
569 480
828 356
896 121
681 18
702 338
654 222
978 59
923 420
751 368
704 258
921 464
853 167
677 377
987 184
710 162
543 91
536 173
583 149
628 32
711 460
591 344
577 114
617 318
651 303
660 242
952 199
583 307
984 382
921 210
833 167
593 470
646 406
998 379
981 315
625 451
518 214
708 98
940 80
772 415
916 482
882 100
743 182
669 498
792 94
971 402
861 12
925 241
730 285
530 375
676 472
922 323
951 272
662 74
609 332
944 150
724 226
783 396
946 498
814 177
606 153
682 48
813 335
687 434
740 483
812 317
710 300
657 289
599 14
801 240
570 141
821 323
978 144
806 367
981 273
693 12
727 132
775 367
689 229
610 11
947 108
617 485
844 426
674 257
959 120
766 284
988 341
690 268
807 441
570 398
526 499
526 151
907 433
551 298
516 22
713 193
567 489
971 426
800 376
817 315
915 445
686 473
809 413
691 499
674 470
739 443
893 215
727 243
539 458
694 436
633 268
734 171
668 465
896 444
980 280
513 226
672 374
661 393
710 41
715 239
565 192
581 215
921 26
534 257
968 99
582 84
907 137
729 471
864 460
989 417
994 414
632 437
848 456
881 129
944 111
788 343
515 26
950 252
550 237
915 294
980 148
608 205
815 481
617 400
520 63
746 316
599 288
874 332
664 152
610 428
996 79
996 200
559 48
712 173
872 243
941 137
879 250
702 476
996 78
523 240
633 348
959 425
782 270
723 54
817 422
524 199
955 415
581 267
640 463
539 472
542 459
934 109
629 457
706 391
987 423
688 290
748 283
540 353
726 376
753 483
636 133
745 253
879 62
653 441
877 75
817 170
785 192
896 182
740 278
705 303
554 326
718 361
878 239
606 194
874 103
577 188
506 219
842 351
557 262
621 197
958 68
970 76
595 450
704 302
588 210
506 325
998 190
803 319
904 94
903 98
747 33
518 467
718 157
846 5
581 120
798 60
983 326
862 301
704 48
707 249
660 99
932 105
932 247
722 262
816 133
554 419
910 275
657 495
874 232
861 333
873 224
780 369
722 163
887 226
581 395
876 237
942 197
799 371
790 234
903 154
808 421
929 83
600 26
695 255
977 110
946 267
504 349
574 142
670 271
811 188
932 500
544 201
875 164
855 444
984 221
739 358
714 112
512 136
907 40
539 434
742 33
755 445
832 112
614 101
896 97
776 459
1000 471
573 250
730 209
598 191
849 138
678 284
809 358
520 87
908 179
904 449
852 327
514 46
647 431
606 243
902 369
805 101
572 118
803 406
599 303
860 272
745 500
764 257
792 224
503 169
757 348
738 430
938 335
908 137
962 445
713 153
925 193
846 468
927 238
794 67
881 278
589 314
828 164
549 276
938 122
854 232
835 55
824 245
957 491
857 164
852 312
828 108
910 31
813 265
524 497
700 191
728 44
618 254
667 219
508 45
561 15
541 122
657 470
647 492
827 248
789 149
845 167
994 285
879 374
655 214
515 318
843 308
589 405
839 458
603 352
614 16
897 89
590 121
764 369
533 312
701 331
870 459
505 197
834 16
513 315
953 245
559 489
856 39
517 467
520 308
626 145
883 152
949 316
621 42
801 463
591 143
539 283
872 289
767 304
919 277
755 449
929 469
832 128
987 479
913 432
729 471
748 148
980 496
669 410
967 15
718 210
628 198
861 268
611 460
524 426
546 198
773 54
972 178
962 401
859 413
792 345
907 62
698 300
566 131
836 7
570 81
522 15
792 452
643 150
524 414
565 101
876 171
526 432
520 81
596 278
554 206
658 106
905 251
626 23
690 310
732 97
586 243
755 309
898 393
935 293
580 344
645 34
783 268
916 112
974 296
571 444
554 132
749 180
651 322
992 298
623 473
526 345
663 385
977 54
818 267
798 455
726 51
651 254
731 4
621 19
922 186
505 135
962 62
994 44
508 210
759 298
698 140
736 130
720 371
684 472
990 211
520 447
598 375
833 333
567 333
885 230
761 122
952 214
831 244
928 24
520 150
569 319
886 165
910 131
719 211
844 115
555 133
847 164
533 116
855 338
550 47
641 455
992 131
544 27
885 236
566 43
836 302
668 267
561 156
626 217
762 406
990 299
747 82
688 463
947 367
685 475
864 267
718 235
846 184
918 218
764 319
816 249
664 180
934 395
972 138
684 230
689 289
731 157
623 213
897 224
908 78
507 71
903 5
517 96
989 312
674 419
658 195
693 328
654 489
794 258
501 66
871 382
916 376
646 457
624 166
682 272
582 265
954 407
951 400
798 46
549 450
848 10
706 94
820 388
947 107
964 141
509 48
913 165
830 500
919 198
903 111
562 213
790 250
551 260
785 325
536 219
513 222
958 87
758 93
802 363
977 193
573 326
685 19
858 206
902 126
533 274
784 484
701 422
656 178
562 66
876 25
956 237
659 272
549 306
788 32
904 253
823 240
527 368
564 269
982 336
565 389
812 69
706 246
939 60
701 289
776 392
674 190
705 422
954 151
501 78
624 445
683 91
673 161
641 310
618 58
815 28
735 57
580 407
797 285
649 79
544 397
882 442
962 232
654 209
535 154
591 183
788 433
547 30
860 493
834 20
512 441
786 134
720 287
668 94
637 291
866 38
510 71
994 256
583 297
561 193
599 438
560 116
664 115
642 406
930 294
909 125
574 408
834 106
507 72
795 311
854 359
796 125
887 405
861 248
618 290
762 219
850 319
871 372
744 385
809 267
542 62
959 306
689 280
517 329
839 185
954 35
582 229
797 296
590 290
820 279
654 488
918 392
636 463
725 329
940 111
527 362
995 208
582 208
756 52
542 310
507 394
730 252
709 115
906 180
952 481
954 92
610 13
907 17
652 183
680 9
661 93
524 231
728 193
770 355
994 30
570 320
778 28
972 18
634 312
690 48
877 15
971 103
869 407
808 142
835 208
871 9
759 243
523 174
726 458
504 38
943 411
994 286
554 257
588 228
1000 57
607 456
505 206
663 55
772 45
981 226
876 271
958 421
713 384
504 140
925 248
665 67
539 92
745 366
952 149
899 336
723 385
629 158
898 224
594 161
729 281
570 400
677 442
803 405
923 241
634 58
874 478
902 430
976 126
670 403
965 268
741 368
557 371
979 490
637 206
714 480
695 297
583 101
626 162
777 317
942 173
734 401
962 472
919 354
570 406
652 180
962 195
723 232
810 381
857 408
891 316
605 262
586 438
742 140
802 123
893 229
522 190
706 31
904 245
689 84
645 186
800 45
582 96
936 410
693 302
530 116
804 2
945 215
537 271
871 159
633 334
912 407
526 462
882 217
590 211
704 153
814 456
985 170
925 374
826 469
932 28
904 451
737 162
649 367
979 241
531 483
506 123
880 93
601 272
695 65
707 451
576 270
701 72
941 250
947 272
847 225
956 288
612 424
786 91
875 246
710 208
659 373
662 253
660 393
904 437
975 174
816 20
574 228
944 289
960 338
701 488
764 144
560 231
679 105
965 2
637 6
811 485
947 36
541 178
869 326
610 246
978 444
549 458
514 149
755 406
752 461
967 119
866 458
675 176
854 372
560 370
761 211
736 170
980 95
973 391
664 111
753 58
688 287
942 202
812 242
722 426
855 335
630 250
595 121
753 56
822 449
814 292
701 311
642 196
978 201
654 280
761 468
615 315
554 64
544 419
536 68
865 496
717 140
512 497
728 218
565 360
796 483
595 310
947 341
737 95
562 222
764 61
932 46
630 108
797 89
950 18
878 236
808 139
895 237
730 235
658 113
906 293
956 215
892 358
864 65
516 222
940 124
742 271
726 248
689 11
767 200
584 83
891 393
739 203
906 70
948 277
646 185
554 373
722 472
689 382
964 133
664 116
795 225
642 396
912 115
907 267
890 130
707 123
555 120
582 271
597 212
765 484
537 79
588 153
807 421
782 83
937 156
749 309
798 187
535 226
972 211
828 39
795 25
584 468
778 406
886 499
853 123
727 223
824 469
895 455
948 249
702 141
568 93
762 234
774 345
821 182
539 108
894 323
569 45
631 342
780 17
618 403
614 346
841 303
808 76
798 282
887 258
857 345
924 109
699 374
717 116
991 326
751 422
523 119
701 478
767 235
822 406
778 4
825 386
703 481
994 444
672 291
810 107
914 7
949 57
825 432
943 309
964 433
950 90
973 307
947 218
838 471
843 349
855 335
514 45
984 69
768 488
795 470
515 221
903 36
970 98
761 468
520 171
804 150
700 168
635 81
522 272
939 150
967 244
689 442
907 305
979 312
652 394
548 133
628 237
883 32
714 9
928 49
727 68
828 211
872 32
726 392
921 138
860 2
518 59
507 349
861 333
670 489
741 325
773 363
963 347
904 360
632 495
922 153
894 222
744 205
582 339
770 163
644 255
612 230
683 436
964 244
666 32
975 205
940 453
811 108
737 170
999 63
848 144
626 160
866 486
998 363
756 484
939 351
657 109
822 470
980 204
653 222
869 87
946 476
575 474
566 156
543 476
854 287
664 305
764 498
796 260
707 239
545 438
923 194
824 6
900 15
881 3
731 391
819 374
601 174
693 181
590 88
575 427
588 465
992 496
895 134
753 117
616 197
515 75
582 146
630 209
541 151
860 244
743 190
737 376
509 231
862 490
800 462
513 89
731 194
983 25
776 440
555 26
869 72
832 230
840 216
861 189
701 274
700 482
974 184
726 83
673 468
717 424
968 240
930 116
882 440
844 167
721 253
652 355
768 116
826 371
633 211
713 121
983 460
838 468
580 399
656 440
655 39
890 430
701 183
817 82
554 411
565 180
660 499
970 30
982 432
804 313
830 169
956 329
873 385
556 220
520 54
840 369
819 54
637 2
601 437
945 253
637 412
963 135
797 256
923 179
715 380
612 453
939 178
545 437
589 104
691 4
590 159
831 437
502 166
928 473
763 363
817 278
827 91
921 62
994 23
870 426
913 190
651 149
711 7
696 52
935 139
674 358
949 432
623 450
516 307
667 495
529 464
760 349
624 336
918 38
519 401
701 358
808 489
838 151
729 292
862 387
726 336
866 432
923 290
778 293
720 208
637 308
987 153
990 394
512 188
509 490
896 236
826 61
763 388
914 108
772 263
827 28
1000 310
689 251
923 464
969 209
725 359
742 338
738 216
873 471
853 318
842 192
714 144
868 401
725 155
863 376
977 364
638 340
930 259
883 212
648 426
842 183
545 427
767 395
546 357
836 193
788 194
645 334
543 290
973 75
869 13
596 357
542 249
859 341
854 298
930 22
927 239
701 309
722 196
624 178
666 327
778 394
930 350
694 387
677 251
568 358
585 382
998 350
546 175
771 232
766 155
579 247
816 77
913 367
532 310
863 419
746 188
613 194
735 50
549 361
992 483
514 354
957 422
852 101
705 324
916 69
510 122
572 390
640 394
862 286
674 410
617 285
800 114
785 224
781 428
799 73
728 451
710 449
516 351
677 190
747 328
821 18
975 205
766 307
854 299
521 346
970 367
816 150
802 364
765 29
916 142
973 40
885 496
793 2
626 475
980 125
896 423
875 112
592 255
614 214
727 212
810 347
584 37
518 281
893 308
613 250
848 498
813 198
840 184
570 46
583 494
635 322
877 292
707 483
828 96
562 42
825 403
914 305
670 325
623 481
924 221
677 30
907 469
503 215
639 283
970 425
709 398
702 80
600 351
915 379
543 418
874 139
998 138
962 287
902 391
693 259
911 125
598 339
736 28
790 126
831 62
611 212
648 203
674 54
730 394
920 477
917 148
615 278
941 91
758 285
857 103
690 275
912 62
880 137
679 488
619 8
769 390
614 107
943 246
944 309
947 209
529 255
540 239
996 176
541 424
754 414
717 62
546 226
557 122
847 356
575 88
525 101
768 319
682 442
713 54
542 322
873 277
729 496
547 160
687 108
645 83
950 201
662 129
719 31
561 149
714 68
773 209
637 168
590 326
930 207
701 79
711 138
546 172
905 192
777 212
581 185
726 188
509 14
690 381
778 182
945 149
972 223
547 358
752 430
793 244
737 30
778 212
556 433
851 342
573 475
807 86
881 393
730 287
852 288
559 426
721 150
647 404
929 278
602 392
982 317
912 480
877 22
656 118
764 131
883 171
625 165
750 270
907 298
914 279
594 494
986 426
864 495
685 148
866 52
928 60
855 321
709 106
839 389
649 33
663 281
844 194
975 488
820 105
990 76
779 201
800 254
858 167
799 309
777 323
520 483
734 214
975 148
804 366
553 246
529 113
602 373
820 482
785 290
873 164
783 385
757 119
562 304
879 497
625 416
860 421
705 247
613 274
943 70
960 277
684 225
929 105
521 8
939 2
590 248
981 482
996 76
836 419
905 261
622 341
890 376
995 29
893 6
751 260
705 261
615 320
906 362
930 240
574 420
786 307
772 24
834 286
873 112
979 220
631 242
859 329
513 345
813 108
614 124
797 487
979 484
946 342
613 447
501 223
689 135
961 156
592 124
612 468
913 25
992 214
962 298
952 16
727 84
837 263
889 427
691 275
510 6
597 271
988 236
711 332
702 378
631 93
998 104
916 317
953 242
649 471
918 269
624 266
627 284
732 10
865 317
737 177
920 491
626 27
865 307
827 86
596 487
671 224
660 337
737 105
801 306
961 219
842 360
948 230
562 454
972 231
620 119
758 55
990 38
979 310
933 284
538 6
559 39
508 376
936 126
857 73
556 256
521 450
602 83
790 452
885 350
650 251
634 269
572 66
552 379
779 362
637 110
781 472
626 407
933 475
976 419
951 353
873 277
545 300
769 43
883 95
690 384
739 1
979 288
705 404
666 94
815 57
633 224
758 22
631 97
775 158
785 38
690 277
775 13
791 409
831 121
823 475
557 272
677 359
754 241
1000 277
521 96
601 148
921 500
682 201
639 98
568 433
953 85
609 25
848 485
634 232
737 228
813 426
677 70
886 128
872 399
619 380
750 479
643 118
639 157
946 248
753 141
534 456
593 66
827 71
674 399
714 146
608 413
593 419
890 33
859 5
531 210
729 456
867 317
935 344
659 11
513 86
555 122
976 105
708 326
889 208
749 285
900 392
878 468
508 136
625 372
993 96
616 115
600 256
998 265
885 17
850 456
681 261
691 455
825 116
504 274
866 404
503 223
762 122
575 486
561 414
952 422
862 24
592 123
730 430
894 361
694 483
830 330
756 97
792 409
796 314
516 251
507 305
923 315
661 488
712 403
767 384
561 447
603 473
599 45
778 112
807 464
829 173
840 36
728 173
556 416
606 448
743 382
902 375
767 183
659 436
596 180
569 204
643 412
873 151
998 211
736 200
595 89
677 108
515 118
898 286
949 226
980 53
797 168
840 482
803 128
871 204
839 374
537 115
925 283
922 139
779 471
856 268
762 320
877 289
731 304
675 205
512 472
989 88
684 262
652 439
566 371
578 294
701 309
687 442
880 457
983 73
723 175
817 203
956 295
553 373
762 293
996 99
645 281
983 82
913 255
696 144
622 43
529 248
924 185
542 412
878 384
994 493
841 187
628 481
630 176
953 179
998 171
924 488
699 40
901 451
607 341
966 183
830 370
665 331
727 426
515 198
635 123
642 376
611 202
753 98
927 258
894 223
719 442
568 49
504 433
643 243
720 471
930 174
950 192
869 285
761 74
871 399
530 128
990 414
528 128
756 373
798 215
647 386
512 135
576 373
684 437
830 41
918 363
510 385
729 213
634 103
879 197
852 147
832 224
831 457
929 340
918 127
583 253
679 360
572 153
539 14
591 289
715 153
529 288
780 413
967 232
985 346
561 145
762 124
657 353
502 351
912 435
929 62
945 29
833 199
933 407
503 201
942 347
795 103
707 215
684 337
805 310
986 20
983 228
789 194
983 164
953 48
995 413
711 496
828 249
926 444
879 93
657 236
926 35
773 4
927 296
992 260
740 439
739 31
528 207
514 200
640 297
682 41
735 272
703 244
808 478
764 318
812 164
542 253
994 5
549 384
989 202
586 196
796 213
963 259
657 435
930 377
