999 409
884 71
968 294
677 396
856 17
714 12
855 27
990 496
708 309
996 466
857 465
613 232
655 222
895 165
702 124
619 423
609 490
898 405
605 115
899 496
603 102
665 12
761 289
689 494
862 19
719 266
822 460
625 285
774 491
871 390
694 192
578 138
564 69
795 409
935 463
948 294
930 199
818 310
535 261
852 208
934 89
538 355
586 496
991 345
863 176
920 77
964 96
598 361
830 25
877 426
845 137
807 455
702 383
724 216
803 321
803 346
759 98
543 112
740 90
515 195
941 446
509 55
625 251
880 359
635 79
618 116
802 362
822 494
753 428
919 145
541 6
963 196
897 27
617 392
796 373
706 497
580 245
744 287
728 318
828 117
791 225
570 413
578 112
644 224
564 484
677 10
502 483
988 125
572 180
615 430
926 421
582 298
551 133
843 24
790 338
995 237
696 194
770 98
794 446
628 346
979 351
942 223
575 358
780 177
518 358
545 59
850 172
827 485
713 442
554 300
513 273
922 48
554 341
970 184
710 339
847 63
770 98
524 287
905 3
901 498
703 298
686 122
985 384
564 409
946 142
548 254
948 225
801 228
813 331
656 200
782 103
990 103
675 254
517 184
853 428
701 209
667 219
673 439
981 72
883 137
988 416
768 52
770 230
620 469
515 101
767 479
540 383
886 396
932 333
652 133
618 141
979 274
731 232
553 453
632 178
963 90
748 114
749 255
913 328
954 480
701 278
508 74
764 80
802 298
813 327
745 391
529 483
829 214
517 56
615 78
690 19
510 234
877 100
545 103
797 454
545 204
731 176
829 414
778 107
892 122
740 382
1000 24
925 500
773 15
716 386
616 130
968 413
590 263
901 84
696 274
968 208
650 318
934 201
567 383
570 161
605 190
540 293
942 340
955 193
687 282
582 38
844 128
682 430
883 277
886 76
802 73
687 452
805 482
827 189
792 272
732 248
845 218
674 119
630 493
691 214
915 155
549 36
700 184
870 479
935 29
808 412
750 150
693 489
692 240
684 401
636 436
841 441
526 149
818 475
839 51
992 125
718 194
963 142
503 5
565 153
869 245
947 220
506 454
544 30
549 357
735 43
966 317
678 427
886 244
776 296
564 14
642 415
906 425
784 1
596 32
550 500
634 60
861 175
743 425
970 211
902 451
699 343
629 75
922 177
910 192
895 327
643 468
700 313
814 174
530 367
959 78
515 428
905 136
544 360
798 134
588 207
548 214
732 420
635 451
972 75
518 15
721 413
713 100
886 8
645 130
803 347
577 330
586 383
657 296
553 371
870 10
626 146
690 331
529 66
953 154
522 145
872 463
732 153
740 456
728 468
536 416
726 456
637 436
866 310
676 90
867 237
502 125
556 423
735 97
926 455
912 500
696 402
672 199
560 394
975 20
522 174
550 452
751 139
756 84
735 461
542 119
921 52
813 23
512 80
924 14
590 478
835 265
598 271
613 322
913 118
679 272
818 34
771 263
561 153
898 4
829 255
989 464
582 242
958 229
766 228
780 76
927 185
582 145
589 426
504 242
909 317
693 307
729 3
632 299
694 440
968 322
564 5
630 230
628 70
929 7
632 136
608 423
976 384
565 340
961 353
656 147
913 167
907 106
513 141
696 333
587 159
849 159
581 102
846 204
864 372
883 276
607 368
505 216
655 54
745 14
731 122
622 339
547 56
503 362
652 440
615 246
738 169
924 461
693 209
556 297
613 407
626 500
639 347
802 204
853 99
506 261
847 422
807 418
561 490
903 417
770 70
572 349
624 377
843 376
674 129
835 329
661 13
633 311
714 7
926 418
903 65
679 379
779 74
514 2
552 40
714 229
563 133
800 305
722 22
952 144
969 318
775 274
722 452
757 174
844 172
671 138
758 369
704 313
508 118
920 393
505 364
749 216
938 394
613 198
1000 193
919 259
983 323
731 406
778 319
552 74
892 409
976 381
833 415
840 130
638 72
707 153
693 114
712 128
567 129
909 134
890 313
890 222
730 90
631 207
637 179
659 220
770 58
726 465
649 128
666 225
958 212
721 102
612 173
690 92
551 302
762 190
994 316
804 19
947 228
518 319
712 60
837 229
649 108
782 203
882 92
695 37
744 233
770 65
834 478
660 123
517 225
765 236
559 18
946 88
710 450
566 240
929 371
527 132
593 71
705 108
523 299
734 469
760 265
567 246
620 2
774 215
722 88
535 97
602 183
866 354
959 382
992 33
633 388
924 333
551 60
723 364
581 489
582 28
603 105
628 24
501 414
671 485
814 172
517 91
594 107
984 216
732 168
971 448
953 106
607 452
504 480
551 201
658 83
747 356
578 389
534 423
737 414
707 47
600 480
618 68
970 2
661 133
854 376
745 162
582 78
721 108
691 102
760 392
857 220
936 100
903 220
802 330
814 200
641 82
928 161
681 495
914 30
758 221
615 230
786 243
861 322
691 365
834 354
805 206
732 197
852 296
991 425
975 181
621 256
786 134
718 307
593 320
794 250
903 206
689 11
936 441
693 137
654 449
654 174
968 327
896 267
531 162
807 221
713 436
679 165
649 424
860 341
595 58
971 278
565 93
890 232
576 201
611 233
591 432
665 19
682 88
587 197
530 67
532 19
743 336
598 214
861 251
522 145
941 8
843 238
736 399
981 115
618 35
694 478
543 322
764 311
863 94
769 122
698 274
524 496
664 363
535 187
514 454
633 197
836 201
738 19
508 102
982 495
692 273
779 224
810 326
984 177
939 445
775 333
864 154
953 286
784 202
518 397
538 467
987 276
994 186
653 101
680 225
920 103
731 242
848 410
683 114
560 128
911 73
793 70
531 328
766 184
878 226
765 411
965 32
985 67
993 118
972 328
842 489
690 256
904 174
552 446
635 423
945 45
785 126
719 12
592 91
810 146
810 202
864 43
987 47
848 123
616 174
831 314
926 342
739 317
638 199
669 155
669 135
789 55
603 437
525 175
692 183
954 155
879 448
985 145
599 2
995 155
817 92
893 172
535 364
634 310
724 336
641 227
609 369
768 423
934 277
654 196
610 2
550 393
622 495
951 293
927 264
821 106
913 141
851 132
686 364
981 16
665 340
595 171
525 41
552 414
539 314
758 488
948 429
921 113
584 100
583 154
548 109
898 296
732 257
944 351
736 365
823 185
508 392
576 221
596 128
963 224
815 201
711 223
796 225
525 493
575 329
904 339
614 216
969 430
653 154
914 83
898 176
677 224
970 447
843 58
853 326
636 45
956 231
878 206
823 141
563 95
767 448
673 242
953 77
783 424
847 490
812 6
699 461
902 104
866 357
840 220
934 7
725 221
917 461
944 368
742 210
644 328
908 106
641 427
588 317
1000 413
803 236
827 253
581 281
821 219
857 352
746 101
671 63
530 429
631 469
938 473
923 335
731 101
695 249
652 297
653 495
502 289
876 212
989 165
842 52
753 236
963 342
902 341
961 108
696 286
698 303
823 406
729 455
875 306
991 132
980 150
891 498
841 445
554 214
650 485
881 165
547 385
527 368
728 4
577 387
925 490
741 350
596 467
854 195
796 402
798 206
685 444
634 114
768 282
991 415
940 371
965 425
869 455
592 384
515 173
950 13
632 306
644 5
980 313
987 339
545 266
758 196
864 269
585 226
828 373
736 483
814 65
898 311
698 107
828 5
713 418
971 261
823 148
915 281
725 306
920 466
853 353
744 138
618 416
565 426
635 438
943 399
839 90
991 101
566 27
928 17
869 59
947 249
930 110
839 86
573 26
771 435
677 228
679 240
750 442
964 124
911 127
861 132
774 390
856 142
739 477
827 129
597 207
918 244
755 404
886 240
579 267
631 202
534 389
826 224
892 63
994 262
884 338
734 137
906 56
829 335
615 310
619 14
577 178
963 204
768 308
986 194
943 356
542 132
914 85
818 238
797 238
545 438
528 61
694 26
958 354
921 148
739 31
889 95
625 393
681 9
764 171
702 177
949 434
912 454
776 337
506 303
529 407
736 418
915 125
934 248
631 282
897 498
625 454
795 281
729 333
896 242
650 182
955 34
689 433
705 242
655 421
996 57
905 391
949 452
742 324
553 78
785 498
550 126
797 440
613 307
705 426
592 11
551 263
947 52
656 127
699 252
708 206
934 264
750 51
772 282
971 144
932 12
673 231
537 41
525 9
886 112
655 354
869 79
565 493
821 115
525 72
872 429
555 136
851 415
896 248
925 10
943 247
798 207
922 124
739 497
540 340
693 251
554 325
598 8
845 139
551 394
929 162
796 202
695 389
855 7
890 113
838 368
993 7
604 293
807 185
783 155
848 473
965 413
946 485
529 245
536 424
754 31
544 420
623 396
764 348
868 365
738 474
795 202
562 349
569 158
671 13
714 411
659 203
733 360
780 73
930 414
553 269
756 232
760 99
870 208
678 232
788 77
832 362
927 295
596 120
873 237
727 190
895 147
961 37
945 225
710 273
730 450
697 123
599 21
524 247
511 15
559 74
853 499
506 334
525 486
675 291
955 140
525 327
945 441
878 107
926 217
925 340
745 492
926 6
846 117
664 297
990 126
839 436
812 14
622 282
538 46
960 492
881 491
947 431
520 151
813 329
953 431
651 235
534 388
611 449
630 154
977 70
918 353
524 182
738 119
843 167
879 500
624 312
741 118
683 130
967 198
665 218
959 366
980 306
959 389
970 2
501 174
805 102
840 73
674 365
648 261
764 83
729 257
662 372
587 379
813 144
980 417
741 166
538 288
664 219
664 25
954 149
510 81
596 414
916 412
891 72
874 13
976 168
999 316
643 58
650 35
963 377
899 34
965 81
918 149
961 270
651 207
575 336
534 8
791 121
757 207
504 254
932 110
664 377
726 391
618 494
946 359
941 428
765 352
574 91
519 136
968 56
765 434
921 252
566 269
841 430
686 355
803 75
799 340
854 229
616 336
543 244
606 40
545 332
736 479
705 77
970 357
994 444
529 280
656 2
720 5
524 368
932 216
724 258
602 40
528 368
625 353
964 174
742 439
522 270
972 35
526 280
703 146
929 25
947 431
888 135
504 176
560 313
979 48
878 1
995 444
644 214
881 25
517 180
848 116
912 186
609 213
678 129
591 59
559 415
583 55
740 470
835 498
595 465
798 272
549 78
763 271
786 431
910 454
725 313
853 268
673 257
648 465
544 221
923 140
747 121
883 319
975 282
655 467
736 363
525 429
543 42
674 68
521 80
644 94
959 207
506 259
564 288
785 196
580 371
992 278
644 499
626 473
880 267
883 467
913 421
702 69
881 495
709 354
790 454
613 57
776 387
990 199
609 143
720 459
709 218
669 111
513 298
686 235
742 443
887 143
764 458
639 164
964 469
932 119
511 307
934 315
562 51
861 404
538 402
530 96
979 466
781 171
755 50
1000 66
508 258
546 447
759 422
507 447
1000 198
916 358
998 206
865 263
542 294
550 37
765 32
657 39
820 101
537 82
846 289
645 85
734 495
740 430
943 223
904 492
845 167
960 352
980 252
704 400
712 444
866 270
642 465
814 465
923 352
715 7
597 419
779 414
808 427
655 381
860 116
827 450
819 281
910 273
870 207
751 251
705 440
775 273
652 271
845 93
963 38
614 95
809 378
518 211
666 134
711 267
992 393
764 38
518 46
612 89
511 88
782 145
626 21
560 302
861 60
973 280
771 237
667 28
585 8
996 130
853 188
658 58
503 75
576 187
757 213
795 228
616 165
723 89
997 275
527 130
930 12
731 371
741 468
774 107
553 96
876 195
804 212
688 56
696 352
996 47
523 172
525 446
551 29
823 262
643 456
776 236
522 360
931 282
561 378
703 422
601 190
584 401
914 413
892 416
659 292
970 415
989 291
703 239
796 73
505 495
831 447
935 230
660 45
1000 371
889 163
509 437
530 177
642 435
850 306
734 274
749 147
989 376
687 181
901 311
756 276
667 426
729 430
510 316
970 314
956 270
664 88
859 498
624 264
987 492
727 499
664 374
965 270
634 467
685 413
991 464
651 13
540 20
690 257
753 487
939 301
897 45
890 254
760 458
971 359
851 250
781 20
964 220
626 264
506 141
646 295
745 486
960 254
884 461
595 433
677 271
838 124
525 64
791 272
908 260
908 361
698 353
982 325
752 460
745 184
874 108
933 191
700 203
809 98
938 392
947 421
731 415
903 211
553 465
957 232
651 152
786 273
504 496
999 108
954 138
806 470
983 208
596 62
578 260
889 493
730 491
731 132
756 450
610 477
637 161
654 53
514 107
764 485
1000 468
924 364
947 300
815 250
776 184
908 390
810 437
573 478
987 153
691 417
708 364
925 322
744 70
659 334
520 156
666 197
928 165
762 310
977 435
818 43
830 257
630 370
873 99
774 25
643 139
593 319
826 484
700 315
538 297
884 193
943 67
690 453
943 252
819 473
898 412
885 385
852 474
933 35
812 118
720 256
670 3
691 119
552 143
522 15
796 369
995 370
915 301
756 259
880 89
878 77
504 110
626 165
978 178
586 457
903 281
552 88
832 198
635 269
738 1
742 474
741 205
973 469
764 150
990 61
935 338
601 213
554 273
580 94
774 88
574 116
993 45
729 301
733 379
869 249
560 278
864 123
773 238
718 207
622 383
738 192
971 344
504 380
992 165
625 81
544 99
599 413
584 349
963 20
721 115
922 99
517 172
707 235
515 88
654 174
753 23
885 449
821 99
528 328
504 157
692 315
933 465
985 298
768 216
584 232
617 216
835 236
721 48
653 19
685 79
750 134
871 60
830 446
669 463
965 425
930 87
621 33
747 477
894 187
681 13
652 117
774 29
900 372
829 298
768 456
666 62
952 413
824 189
911 381
697 460
630 88
892 138
867 4
739 166
804 433
582 180
978 304
595 384
538 220
954 156
505 214
590 276
643 448
690 89
630 297
594 405
632 262
565 149
675 319
601 69
549 20
637 1
912 159
765 16
564 405
998 254
850 59
510 165
531 138
558 259
626 466
820 316
544 353
702 293
541 265
572 124
940 435
890 53
935 439
932 200
599 44
594 35
677 97
590 55
568 112
571 229
536 277
729 366
739 432
730 2
870 256
508 225
658 214
794 386
908 304
815 168
845 163
966 109
984 292
722 89
642 44
966 480
692 483
635 113
726 184
520 420
512 486
902 314
569 25
926 319
863 113
661 368
501 498
525 264
937 219
909 307
650 124
749 14
801 438
784 305
959 143
870 463
747 341
822 71
663 127
827 482
577 393
557 150
519 360
975 199
557 31
827 229
793 494
976 378
960 216
851 40
523 152
739 266
946 461
675 80
761 436
578 298
781 26
662 397
808 455
785 57
655 376
902 77
785 75
630 137
749 445
575 234
655 127
928 449
641 432
673 405
853 102
793 177
728 82
592 276
552 334
976 147
922 471
555 31
625 416
965 457
712 61
899 480
713 194
925 184
915 74
931 298
876 49
974 36
888 253
888 400
698 64
818 128
961 100
848 429
603 327
732 87
542 285
999 181
543 326
862 245
742 480
751 460
879 378
642 7
737 84
776 4
815 286
529 130
619 181
813 232
555 329
574 171
564 323
606 166
847 51
701 29
609 335
678 73
636 415
723 119
857 386
640 111
718 48
989 95
515 150
551 354
562 173
831 426
827 444
635 225
995 373
925 10
561 335
774 35
569 179
769 269
779 188
592 3
624 112
620 113
606 45
663 430
718 442
812 128
974 329
999 354
661 429
892 169
887 387
721 112
564 207
509 65
761 190
997 194
980 61
916 258
846 201
788 411
803 177
785 166
562 85
543 378
782 265
997 148
651 316
563 361
987 356
725 453
574 340
651 243
625 255
890 156
987 302
788 222
868 239
775 351
895 235
849 36
843 316
855 250
954 195
622 260
838 424
969 106
648 154
530 97
567 451
732 46
857 248
601 207
943 459
507 50
644 174
948 336
634 245
650 319
967 425
819 311
577 99
760 426
960 24
600 383
799 93
679 109
796 278
539 192
530 344
951 495
534 330
508 195
940 57
897 113
620 103
783 117
592 474
531 170
908 37
589 332
936 284
804 362
535 192
893 314
530 177
808 417
663 159
543 369
797 292
531 27
933 457
847 184
869 387
955 384
625 70
663 266
797 362
794 145
666 283
770 166
987 112
850 351
985 415
534 403
856 318
710 103
908 378
925 343
518 411
927 13
519 448
609 405
847 181
597 241
522 69
982 343
720 321
827 28
617 27
616 276
817 427
575 264
902 300
794 458
950 240
756 82
914 240
513 35
939 105
668 114
614 400
976 68
883 214
844 149
646 198
562 57
951 289
831 282
772 399
538 382
713 90
550 40
605 15
988 100
630 412
623 180
908 335
888 373
529 59
703 214
925 441
630 263
770 68
931 387
775 180
692 443
992 294
775 335
550 360
782 254
758 40
930 155
722 369
826 325
920 277
966 7
596 363
764 395
928 48
718 277
724 142
732 251
811 279
573 14
524 334
714 416
658 280
687 174
535 461
934 195
678 174
770 213
804 13
623 321
952 477
891 376
944 63
921 251
956 93
580 429
830 480
689 3
992 150
902 152
1000 437
868 380
704 237
765 205
865 182
718 487
628 32
662 386
978 218
540 223
853 409
941 52
970 53
522 442
846 351
591 340
771 475
987 453
902 159
554 234
859 264
756 416
598 202
869 157
737 192
789 391
968 450
798 128
534 271
800 214
919 287
879 183
668 56
837 339
845 243
642 477
865 190
511 359
556 497
630 330
883 83
793 387
742 233
916 338
843 54
926 395
761 78
721 59
589 293
817 360
599 115
539 241
543 40
553 61
904 254
775 181
905 277
689 387
575 192
640 341
780 340
554 92
935 253
572 408
661 401
919 247
698 183
814 420
892 327
857 324
552 483
727 325
906 133
506 341
546 334
672 1
960 449
688 326
817 434
568 429
662 491
946 227
723 111
665 482
776 486
579 350
869 379
844 313
565 395
516 167
976 115
651 137
945 254
858 369
550 306
521 439
767 444
690 367
753 42
973 423
750 298
989 189
961 135
706 41
