639 277
958 284
968 88
971 289
646 263
958 477
634 190
585 258
531 7
809 97
957 70
706 346
955 432
664 2
958 340
963 64
832 498
546 151
967 294
689 148
909 140
783 33
956 240
690 69
811 124
959 424
594 2
569 178
953 467
670 458
521 279
858 102
550 358
636 316
709 108
984 26
528 220
587 473
873 463
690 152
509 328
732 142
753 278
810 432
539 309
611 398
530 343
607 379
824 11
885 162
693 431
976 125
730 336
645 332
706 48
729 253
985 224
620 11
986 107
943 257
650 12
754 136
923 438
724 173
850 246
684 26
737 349
881 378
763 15
520 489
987 31
587 477
565 440
602 71
509 457
963 409
865 378
916 222
509 372
814 112
820 151
892 26
721 153
851 281
764 35
787 271
825 376
735 132
817 492
593 388
704 374
644 212
803 77
591 421
901 284
552 499
976 285
632 13
567 128
879 66
634 167
860 33
633 67
850 100
816 494
714 414
502 73
713 260
637 4
747 423
697 94
874 85
528 111
644 261
564 447
647 407
549 153
955 444
763 405
537 13
501 154
504 35
996 126
939 234
974 361
820 249
529 29
656 487
758 306
983 85
631 336
534 88
839 75
989 273
740 257
858 13
562 225
538 469
707 68
695 238
937 122
807 434
547 316
822 121
807 464
582 301
919 328
680 229
763 438
514 470
944 393
725 70
937 472
558 285
587 208
618 152
752 153
831 493
897 321
735 231
986 21
993 471
949 154
540 268
992 153
787 28
574 25
617 148
885 349
674 414
565 293
571 430
576 176
965 387
516 449
955 118
873 489
635 378
557 292
606 171
553 218
945 4
558 404
734 217
776 205
920 7
567 472
520 258
663 279
894 184
1000 259
947 293
595 168
548 89
707 143
640 452
529 350
965 448
887 450
647 39
789 359
547 104
552 70
883 257
944 424
657 48
977 297
515 113
808 360
991 219
826 218
605 426
892 84
551 243
953 65
587 167
769 105
547 233
761 414
536 332
565 68
740 452
528 245
552 296
853 316
862 23
746 317
712 452
897 226
736 45
586 447
845 29
828 172
857 128
835 424
980 130
570 316
501 347
519 440
710 337
513 444
624 403
556 448
887 258
836 422
827 172
953 270
606 71
595 206
873 469
638 199
762 225
568 36
527 338
827 339
536 94
643 15
542 124
645 282
945 58
995 264
612 116
763 185
922 46
714 489
777 1
517 260
886 405
639 91
987 389
712 129
693 443
722 243
726 171
504 435
784 416
683 383
666 289
544 10
969 160
523 417
645 392
586 237
569 310
928 300
524 391
983 235
829 327
992 479
670 410
671 471
855 491
746 343
536 168
680 75
578 403
530 205
908 472
880 248
795 148
910 462
927 488
841 152
872 445
539 210
842 322
894 91
786 13
895 118
794 116
780 230
945 378
910 242
710 364
707 134
801 436
932 312
658 496
528 455
501 40
962 398
561 233
745 409
845 337
938 90
983 117
635 336
908 65
800 223
823 212
947 104
600 456
658 230
940 382
898 42
738 345
633 95
600 157
684 275
778 34
907 301
905 186
899 344
632 236
838 150
908 221
746 93
567 283
808 441
557 379
685 118
731 350
889 65
717 318
943 223
702 12
932 124
760 276
869 49
839 27
717 27
792 406
670 184
631 494
631 28
822 40
788 214
908 181
794 101
624 111
851 223
643 13
814 48
790 129
694 15
868 494
784 82
839 204
606 484
546 496
541 137
600 277
555 130
637 229
590 340
844 275
832 414
721 21
939 253
523 340
710 93
993 454
505 370
929 215
580 15
857 216
823 50
814 351
647 488
826 166
758 68
981 216
737 100
547 273
751 444
688 287
625 381
752 498
635 286
802 14
717 248
965 224
591 344
641 85
744 314
540 422
608 459
768 498
520 485
515 71
837 100
827 115
972 269
661 330
838 432
828 461
783 98
641 192
738 450
720 74
665 147
619 244
769 447
605 135
646 182
615 326
993 139
989 495
983 339
991 2
851 436
528 82
635 121
620 324
796 120
849 272
779 243
789 42
942 270
785 81
586 228
949 374
551 108
522 58
525 175
509 36
946 142
780 2
649 421
977 356
874 410
568 120
579 277
848 160
645 380
839 477
756 251
897 367
869 274
949 107
626 200
525 395
609 100
770 8
743 139
998 194
985 483
981 279
607 26
506 208
920 132
906 57
789 442
933 406
723 91
944 442
564 282
840 118
589 294
986 363
566 154
659 331
555 287
691 416
912 431
554 100
687 486
533 53
779 393
560 52
738 359
893 10
728 343
775 454
621 284
826 173
562 33
844 483
749 193
759 101
585 322
692 83
648 143
662 52
832 279
933 262
700 228
824 2
570 472
963 469
527 110
660 421
599 275
831 319
865 495
560 246
707 389
595 415
610 67
886 449
829 232
509 308
997 93
515 86
857 473
589 84
668 307
737 123
823 132
792 186
501 412
624 485
589 8
672 493
612 409
683 270
649 191
611 231
839 456
623 77
718 394
581 276
528 365
725 168
964 394
601 376
742 97
976 474
611 122
974 259
987 463
892 25
718 89
684 116
597 85
882 24
987 482
506 226
1000 57
666 227
789 420
888 367
937 255
679 453
722 121
719 195
998 485
938 118
748 32
756 465
946 94
623 484
954 249
666 66
529 354
860 140
584 30
693 287
991 143
783 58
900 228
722 241
781 58
968 399
961 98
879 127
792 211
649 124
784 31
565 258
660 369
673 145
515 493
762 83
958 154
657 224
857 481
712 433
532 198
611 89
693 189
700 3
735 415
993 257
743 471
664 78
837 446
617 165
903 380
991 90
642 131
748 60
669 295
550 327
986 232
789 275
808 101
784 355
685 23
628 72
875 166
597 302
997 254
551 353
705 341
641 496
943 70
836 235
724 246
730 275
693 129
685 300
719 162
571 500
963 190
686 319
756 343
748 170
578 141
640 418
607 156
777 482
666 150
527 436
950 384
912 292
604 496
725 410
661 97
707 57
668 425
744 134
536 465
558 114
822 227
597 171
551 153
516 406
778 55
859 248
866 129
927 214
649 66
995 61
570 247
526 450
716 306
720 421
743 220
941 174
656 165
848 102
884 334
887 338
946 485
767 408
923 328
626 139
775 255
965 441
735 217
827 469
770 223
950 479
917 446
990 471
727 57
667 393
961 381
649 338
503 334
572 195
789 485
769 46
766 435
578 111
867 117
875 269
531 312
970 184
688 16
931 347
675 375
518 112
649 336
873 489
871 368
564 407
844 284
516 375
652 487
770 368
592 340
788 223
836 45
729 474
800 268
602 4
724 357
872 438
613 229
768 4
991 310
809 244
614 167
915 253
553 466
909 383
847 142
615 496
877 199
772 94
508 339
542 291
952 168
619 44
794 180
987 253
648 39
936 216
636 127
849 169
809 481
533 428
891 9
644 179
913 497
501 217
723 125
728 429
990 377
700 313
625 90
822 216
831 233
718 336
958 214
717 134
561 299
676 253
600 481
502 2
932 327
568 365
867 162
715 298
812 392
599 477
720 405
527 415
779 300
536 423
567 175
814 27
514 39
523 204
776 118
712 285
760 469
762 91
866 498
830 490
707 42
989 97
838 242
661 71
969 230
930 29
648 292
725 338
673 321
954 7
797 498
523 327
704 91
828 132
899 309
774 156
938 14
527 235
973 185
952 450
650 370
586 435
913 234
810 420
691 199
526 399
998 132
931 451
838 35
840 449
576 5
901 38
739 212
697 302
725 500
671 260
873 473
594 233
794 229
947 427
915 222
554 493
673 304
562 455
833 62
650 38
950 39
534 301
794 487
556 29
723 136
570 446
553 27
675 378
862 91
588 205
503 226
894 142
610 91
689 181
888 264
707 64
947 218
565 480
959 416
797 163
982 434
589 161
564 410
743 315
579 335
617 111
890 474
673 436
838 456
944 197
725 132
555 419
935 102
685 66
727 17
607 378
519 39
801 321
543 394
997 24
563 420
642 369
897 372
645 262
681 17
546 358
646 387
910 330
907 139
822 407
727 41
822 448
690 115
971 414
503 261
523 209
972 285
688 58
957 497
907 162
797 208
521 177
764 360
574 25
982 67
619 312
607 369
518 186
670 370
908 236
991 432
830 247
920 216
727 382
795 71
653 137
890 485
897 257
685 355
808 33
737 196
822 114
665 107
924 235
698 270
986 497
712 68
956 356
876 457
825 112
715 51
530 179
916 11
927 277
714 478
501 80
807 120
715 397
892 328
868 451
513 342
585 3
941 273
607 232
575 277
541 404
696 173
934 388
898 359
779 127
681 429
629 235
964 379
770 4
876 289
995 289
998 2
758 353
806 420
738 256
785 109
737 482
631 85
756 191
583 445
624 391
743 215
723 58
895 205
799 449
609 69
960 481
938 486
842 240
878 228
821 317
535 205
775 272
789 22
578 447
607 370
690 283
801 46
880 472
702 487
581 174
689 93
976 415
870 455
656 235
536 207
903 465
877 273
788 226
798 356
972 500
988 425
907 266
929 193
691 381
983 210
542 472
510 209
942 310
656 14
930 91
725 94
894 441
535 143
835 391
644 321
683 292
710 420
757 188
602 432
654 221
804 349
547 411
713 477
972 272
815 486
877 243
989 108
508 477
906 7
647 5
918 341
968 217
926 311
716 210
810 477
896 52
746 196
518 417
620 226
927 204
692 157
925 293
995 307
622 412
814 143
957 370
952 231
571 296
984 417
591 191
539 130
896 485
839 86
867 224
895 261
689 473
849 486
910 176
750 397
626 67
722 128
586 429
788 42
750 28
677 133
511 441
583 188
553 479
689 211
703 485
903 169
939 378
790 138
701 318
890 234
739 69
584 62
933 479
761 113
694 438
915 400
549 77
915 413
549 395
793 233
792 192
869 130
725 349
584 50
803 141
627 224
624 338
501 255
995 151
692 355
975 366
811 68
949 444
620 394
541 484
521 220
529 269
967 79
954 167
825 416
601 145
722 43
769 117
951 363
733 165
705 353
672 26
505 414
520 183
505 233
666 369
669 372
532 98
676 282
715 210
762 395
933 286
909 68
554 96
995 76
947 69
883 357
675 17
550 392
914 386
717 29
518 10
904 283
592 1
695 239
949 473
673 403
697 399
847 74
746 295
816 375
640 341
908 484
589 475
579 15
594 238
541 75
581 105
796 29
748 85
726 197
901 333
573 464
900 216
559 238
538 476
810 348
793 26
780 427
780 164
604 479
846 268
883 483
991 60
517 102
594 133
782 388
758 286
774 229
682 375
620 34
931 59
523 305
695 388
786 372
962 203
649 261
659 476
808 143
757 205
794 244
674 256
508 186
652 246
938 360
955 75
685 19
943 140
729 94
599 220
791 247
516 428
898 419
522 346
848 163
825 487
683 61
836 63
902 392
784 489
795 54
892 254
742 73
725 420
641 364
998 259
853 197
528 267
876 435
966 62
854 208
956 212
975 270
935 492
968 202
629 322
957 283
508 427
749 354
705 306
974 175
843 468
973 52
647 427
791 214
659 440
769 84
884 385
813 155
608 328
865 41
812 124
776 430
635 102
534 115
608 301
815 173
608 352
541 459
895 287
925 462
717 466
717 358
764 427
512 469
834 305
881 19
953 140
767 62
936 384
949 165
843 95
968 180
874 36
725 370
809 191
713 176
658 310
999 417
563 397
545 250
971 222
979 200
849 180
820 245
974 117
690 467
930 264
832 367
898 131
600 334
778 377
666 175
902 407
839 223
825 384
606 277
753 448
875 209
727 340
592 440
741 47
763 459
794 281
592 347
730 144
742 488
844 199
744 420
502 459
941 387
994 263
933 77
603 102
825 66
688 321
607 280
906 113
969 357
608 355
1000 182
813 210
505 74
571 1
662 33
758 76
989 473
530 204
621 135
657 277
617 278
731 317
885 269
628 129
608 235
610 78
964 137
792 29
900 277
805 116
825 120
675 339
645 236
608 432
521 311
681 132
655 429
974 274
795 235
945 429
841 206
667 173
772 431
616 419
775 386
757 346
646 402
705 458
778 194
801 161
695 18
927 357
939 41
950 29
636 207
896 323
659 327
701 368
967 379
676 161
892 67
684 406
889 155
840 188
902 184
978 379
557 412
728 209
772 486
523 52
669 500
712 280
512 8
757 349
686 386
914 304
892 60
914 329
974 297
733 315
856 16
518 196
557 229
777 377
536 70
519 149
563 188
992 275
858 406
932 288
574 327
755 332
552 344
608 255
669 336
844 458
753 24
828 43
763 402
856 167
821 167
944 409
567 494
685 144
734 135
757 181
791 323
977 364
667 111
540 69
655 108
959 351
574 327
812 429
982 95
592 32
646 444
940 273
678 172
919 313
599 275
941 486
823 95
758 4
742 333
603 336
912 74
812 368
573 118
736 322
650 269
990 295
508 410
960 294
871 32
850 63
952 273
855 311
741 56
712 261
945 128
678 119
851 419
505 265
992 180
803 346
961 43
969 415
878 382
889 304
536 7
777 314
875 494
540 211
890 167
679 447
764 490
807 281
908 94
847 59
866 395
678 191
620 189
521 54
754 42
998 145
536 401
832 166
516 405
671 421
771 245
593 262
798 355
833 63
510 15
843 432
587 128
975 269
621 179
969 370
990 54
690 221
887 176
815 170
700 110
563 70
591 456
900 335
688 9
831 343
952 352
687 235
889 98
543 115
509 286
759 335
987 333
781 85
833 97
785 408
595 39
568 328
534 438
775 60
920 186
822 345
882 256
723 476
882 194
922 305
859 152
503 240
619 299
661 83
853 122
952 311
760 60
612 379
846 97
548 331
649 244
739 253
786 334
863 269
711 341
752 414
888 381
827 173
947 211
521 470
809 462
717 438
531 487
896 290
840 142
620 116
711 67
951 238
967 152
960 485
864 444
746 320
785 258
512 247
1000 328
694 165
998 296
945 165
999 76
701 277
767 42
979 157
538 406
657 362
714 270
966 182
808 241
503 251
570 425
739 167
501 168
539 238
890 338
587 140
568 62
551 208
849 224
538 79
826 462
830 148
627 217
592 351
939 400
894 57
608 3
679 337
934 463
754 116
550 176
553 492
817 259
689 489
795 229
758 90
562 416
791 277
574 282
662 329
585 194
508 307
706 287
949 363
539 360
543 303
799 291
722 346
606 287
642 300
787 483
586 117
671 290
570 400
642 469
938 263
797 291
974 337
524 92
974 58
630 43
797 179
506 449
512 188
661 69
545 392
850 137
857 79
847 365
570 499
900 91
554 446
819 291
589 96
889 109
859 239
994 65
608 355
856 121
906 163
843 4
599 285
503 492
990 102
777 120
841 148
877 225
682 140
511 156
683 291
646 480
691 40
751 253
763 293
985 317
989 271
839 202
762 389
758 42
953 227
985 61
509 437
844 229
917 78
596 137
747 301
966 471
681 312
777 436
858 147
986 427
795 415
881 276
612 367
556 405
938 125
751 393
511 425
842 342
582 175
976 116
784 217
840 233
897 289
957 275
803 465
925 471
592 364
863 352
919 335
836 62
825 55
820 274
894 444
744 413
602 323
931 299
732 198
854 136
802 203
885 17
881 492
926 243
673 262
801 443
609 485
933 23
698 364
913 328
733 276
987 9
976 476
694 89
683 76
937 450
987 39
936 82
784 30
759 332
585 447
919 287
597 490
503 493
523 359
645 467
795 123
608 284
593 12
551 266
956 293
622 496
912 49
541 364
774 389
591 470
567 98
797 492
560 161
977 178
845 276
526 392
836 155
598 285
758 320
967 9
639 62
722 161
965 109
826 250
606 302
701 193
660 308
947 103
910 315
768 207
951 19
865 266
502 421
561 329
525 291
735 153
737 479
774 458
890 412
928 418
636 480
757 318
663 256
744 430
720 405
610 181
707 313
892 225
889 405
690 416
761 364
613 292
968 286
707 152
949 229
794 482
741 296
756 77
693 441
793 244
856 427
773 282
682 468
641 309
648 115
954 432
767 355
881 59
888 255
716 351
929 48
749 265
657 473
931 170
747 450
800 289
561 233
759 445
592 375
526 324
632 124
694 100
913 319
574 20
673 478
971 125
709 22
915 422
874 271
532 194
969 245
783 168
501 79
748 112
603 121
817 329
921 303
880 353
917 128
958 370
739 495
690 202
636 148
830 469
805 222
714 136
839 207
799 18
986 212
925 408
579 328
827 464
609 324
934 75
905 290
600 260
747 228
911 418
893 139
567 413
820 214
604 17
642 238
707 422
655 211
992 479
693 351
689 142
985 72
684 2
913 241
886 76
757 203
686 286
646 47
841 480
751 123
963 399
651 242
849 283
876 10
712 84
555 231
806 161
955 111
756 350
846 272
864 306
691 299
965 312
687 297
927 445
989 460
573 61
623 146
551 154
950 331
763 476
818 355
898 471
915 176
560 486
907 413
835 173
869 82
667 297
930 349
555 210
678 377
536 278
717 305
718 86
845 123
967 414
869 316
717 279
655 163
720 9
587 437
877 44
958 108
821 45
544 90
505 420
833 344
982 275
881 404
977 145
773 376
583 320
987 310
893 409
836 386
537 40
789 251
601 33
872 263
809 421
557 145
711 415
633 325
666 446
801 292
867 450
736 321
901 158
865 229
962 134
868 361
883 133
938 221
939 87
507 352
717 422
615 246
609 219
551 439
811 214
848 245
514 345
723 377
988 138
569 277
625 277
926 244
701 49
746 366
710 397
852 105
575 19
744 208
561 430
772 171
969 490
813 285
899 156
894 184
895 249
904 284
777 408
858 345
805 288
907 202
907 256
870 77
805 467
918 410
976 260
630 483
844 257
888 381
948 249
673 169
845 43
586 403
546 360
617 80
679 325
855 281
964 177
518 493
860 297
575 221
967 290
571 65
618 35
890 456
984 67
766 24
779 468
857 210
947 366
726 28
839 272
957 405
553 39
901 357
952 401
740 485
559 38
945 473
798 68
643 398
869 101
648 475
756 290
635 315
558 29
582 184
773 136
531 65
598 439
856 12
748 99
546 241
897 253
579 345
970 120
890 41
859 160
730 198
961 110
697 338
