748 214
577 294
900 56
614 76
571 210
562 167
724 420
705 111
820 379
593 287
775 492
687 84
542 354
511 46
671 409
508 222
693 477
846 125
810 216
590 294
520 114
503 151
828 34
976 12
564 167
780 137
706 11
783 421
545 99
826 450
947 114
724 359
799 39
709 482
545 234
712 473
532 445
678 148
724 307
826 316
914 388
800 388
810 42
983 263
676 477
746 62
899 29
987 304
791 47
782 125
886 233
837 126
739 47
960 366
849 430
506 151
566 440
905 79
708 1
910 337
556 175
800 456
664 334
993 477
603 43
649 84
607 472
642 60
874 38
533 84
567 161
990 499
813 39
590 68
586 488
966 218
781 264
718 160
958 87
599 307
928 317
586 212
927 474
810 359
696 13
638 343
783 181
604 30
923 113
972 126
654 18
787 289
842 278
992 296
925 466
903 233
603 49
971 392
890 333
911 332
781 424
661 104
648 35
700 317
549 225
512 453
835 294
527 416
823 152
836 224
975 275
596 257
794 384
769 253
796 189
590 485
664 332
624 96
926 402
678 195
717 230
838 284
710 280
922 241
681 301
653 446
960 226
531 486
799 388
512 257
990 8
535 129
532 481
601 362
571 57
789 286
575 435
854 357
858 65
898 187
783 306
535 185
978 152
946 487
516 440
530 496
683 228
715 111
544 120
616 263
602 15
554 143
520 154
981 130
861 100
990 487
847 214
743 270
664 159
969 245
899 432
526 356
708 199
755 3
809 99
818 123
504 122
813 260
750 455
785 228
587 308
566 278
674 229
977 290
575 101
904 231
807 18
876 100
714 346
694 386
744 74
844 448
601 209
613 108
864 130
815 34
517 331
823 41
563 499
524 171
713 233
791 496
545 435
584 38
542 207
693 355
751 95
519 132
856 382
734 106
788 258
797 268
603 316
917 190
566 101
793 196
543 140
935 226
873 207
658 375
931 282
799 128
979 154
814 129
509 402
894 458
869 253
936 168
746 159
718 384
958 355
729 467
1000 42
979 181
991 323
842 378
683 250
506 345
679 370
561 156
662 320
522 288
549 321
651 433
835 195
770 295
555 329
711 64
566 98
929 268
563 419
503 334
523 273
554 295
663 381
606 282
509 57
971 343
781 146
589 42
656 446
893 489
611 487
542 255
911 183
800 159
687 456
935 146
816 186
982 343
793 184
536 429
999 190
513 168
913 394
927 398
969 290
540 224
818 93
648 126
774 318
615 370
939 281
790 159
985 341
755 25
849 111
851 451
541 180
543 209
897 403
609 239
651 477
742 342
832 145
565 32
738 241
632 87
860 268
737 64
815 310
930 187
825 102
623 126
515 262
965 113
731 120
771 184
907 447
940 227
898 69
743 118
664 382
977 191
747 339
932 271
790 90
933 185
752 228
816 395
518 192
880 174
908 127
592 278
760 51
576 185
639 17
667 65
638 92
666 5
585 465
839 115
520 91
610 94
662 262
773 21
688 255
828 168
538 161
611 313
911 166
535 51
868 66
657 125
586 407
933 75
891 102
890 31
518 332
717 492
648 295
825 286
501 418
770 107
732 425
561 474
794 296
587 424
725 267
989 57
905 179
856 212
638 257
810 433
761 23
898 228
924 30
656 419
554 375
567 20
967 207
881 390
970 367
938 281
980 99
824 5
646 209
613 490
646 377
699 369
962 15
890 97
997 308
823 220
528 165
770 397
929 113
766 157
904 365
999 134
525 383
722 393
651 476
789 448
731 336
679 270
949 322
945 490
797 146
510 445
759 106
986 342
572 85
736 28
717 215
744 197
902 287
979 360
951 203
878 134
545 484
781 440
583 166
634 238
820 27
581 381
578 57
805 406
914 58
850 130
816 67
679 139
527 171
503 81
760 208
626 136
834 96
909 64
996 103
970 476
584 334
614 335
503 394
896 185
801 491
718 315
644 236
523 423
642 100
683 242
550 18
504 148
699 154
598 329
979 361
611 301
758 385
512 445
579 95
753 286
672 391
761 64
926 345
675 373
770 291
788 367
598 464
565 340
737 116
973 343
609 199
718 265
948 109
720 368
943 227
836 342
884 297
642 201
916 260
529 276
631 445
834 352
539 88
719 275
907 239
802 419
887 130
928 448
966 127
731 476
972 261
660 139
754 199
712 327
609 87
552 191
760 24
615 490
539 366
829 47
661 129
638 110
610 193
747 231
612 69
583 113
794 161
610 168
655 136
604 453
953 302
830 236
837 155
537 202
974 111
866 400
961 248
721 111
733 494
799 111
958 96
613 399
640 301
743 455
729 357
659 86
695 173
805 430
622 352
819 465
822 444
773 272
950 321
592 5
614 94
605 235
998 143
706 440
810 83
873 264
686 115
567 259
735 231
940 418
883 222
535 221
972 135
696 305
632 173
759 411
920 56
868 274
862 207
722 459
855 408
671 438
800 382
554 207
740 454
908 145
758 305
736 207
704 37
641 473
930 47
526 7
545 497
700 312
882 424
821 149
588 334
531 283
508 112
875 94
524 85
993 204
751 470
780 101
560 38
1000 268
545 386
945 443
528 65
763 466
948 468
871 244
954 42
910 101
937 351
503 6
766 398
687 242
973 5
888 201
800 123
669 460
539 232
763 494
917 254
540 162
846 108
888 259
687 68
782 397
762 393
518 55
815 256
568 360
877 236
839 452
865 439
890 391
545 190
557 326
902 70
744 423
506 207
923 241
513 404
929 423
606 335
697 389
536 397
572 50
583 18
579 382
512 490
690 16
714 497
954 284
918 5
532 426
643 64
961 470
766 66
845 261
716 152
651 153
930 110
706 21
959 28
584 40
795 60
741 204
769 114
744 290
615 33
513 32
756 104
870 48
956 311
929 438
521 261
935 410
629 23
771 87
710 349
940 471
629 236
993 423
660 411
929 44
775 399
750 381
599 386
706 227
868 309
773 342
747 478
776 59
682 32
705 133
907 211
516 302
934 23
566 218
803 247
553 181
747 58
934 87
834 136
892 418
815 313
677 290
850 478
700 75
702 190
896 10
815 240
635 394
792 80
600 139
844 138
654 209
523 487
615 328
714 16
559 431
934 46
562 376
655 117
862 275
714 10
507 267
946 421
939 442
1000 465
947 346
593 238
871 222
676 47
711 367
836 241
980 98
592 55
855 310
641 86
905 319
724 461
746 375
896 117
841 317
655 491
527 113
836 82
768 313
603 341
825 256
760 339
807 30
643 134
897 397
763 147
798 165
813 111
865 204
614 451
812 195
917 273
870 375
798 293
557 346
772 57
587 348
818 22
977 455
901 57
733 371
616 283
770 436
953 92
876 85
986 498
926 205
631 24
975 159
504 223
920 272
835 147
974 11
651 481
845 266
528 107
650 445
772 2
995 481
777 121
999 276
992 11
901 281
719 410
699 494
518 281
535 300
661 242
645 110
706 355
842 219
866 22
796 128
781 398
825 68
775 435
861 118
624 308
962 50
631 308
955 278
576 1
875 20
823 359
516 439
812 339
689 250
816 376
887 65
656 156
748 282
690 332
994 491
999 187
531 104
996 285
799 129
796 96
928 58
548 404
815 300
803 180
953 378
526 299
744 317
979 338
899 270
823 274
932 416
940 355
686 411
536 458
830 115
831 196
737 321
945 137
760 82
715 272
517 156
579 249
967 366
597 5
573 85
975 80
553 298
668 426
568 235
794 9
697 359
905 27
878 84
841 424
710 246
711 207
892 222
574 408
900 132
890 198
696 475
815 392
821 357
861 6
848 179
808 362
897 126
864 3
520 454
673 137
722 489
995 65
960 378
609 153
862 36
755 59
678 232
521 119
847 95
715 290
694 373
684 290
512 106
950 401
900 116
843 293
824 29
985 321
879 230
897 205
930 100
572 121
619 4
607 252
950 489
639 310
731 20
786 475
886 117
516 374
692 269
708 79
876 276
801 91
513 159
674 412
529 113
733 343
885 434
539 353
733 318
591 304
969 467
566 165
621 453
657 422
734 48
679 281
624 180
520 481
819 497
518 487
715 216
505 113
610 113
577 191
639 156
502 119
576 296
971 118
862 215
672 414
947 301
784 373
754 427
933 434
610 45
916 374
962 81
604 5
665 391
929 398
952 187
976 451
736 182
639 290
991 364
938 476
791 5
799 212
736 491
652 88
777 217
650 226
703 86
949 319
558 135
571 188
919 240
775 302
651 16
811 48
571 348
628 425
658 496
573 37
971 471
715 437
794 334
612 374
904 261
782 40
782 430
631 116
740 234
994 451
962 385
696 294
590 109
726 130
671 431
712 4
568 51
776 257
761 409
680 316
772 426
978 259
957 183
757 398
804 279
509 488
729 155
998 158
594 76
893 114
638 188
708 78
515 104
961 241
659 309
517 235
728 271
538 107
906 107
933 272
782 426
954 73
628 329
935 221
531 258
730 338
951 98
769 256
721 415
865 246
952 368
971 33
782 165
786 455
933 111
672 403
938 223
774 253
652 226
637 237
628 238
756 170
602 357
675 117
949 446
631 162
501 349
861 40
558 87
570 322
591 247
878 11
689 421
882 428
928 271
831 228
958 327
930 269
574 292
507 60
590 351
739 172
941 446
731 110
525 107
680 273
764 371
777 180
739 256
886 100
743 216
904 39
909 332
965 302
613 422
975 372
841 168
987 112
868 401
803 356
718 27
949 157
729 401
823 353
727 323
924 264
715 354
619 427
931 51
783 251
526 205
870 442
817 401
872 329
619 444
764 116
610 418
874 355
807 12
560 213
717 113
984 324
876 254
631 308
805 451
769 497
785 77
852 159
864 9
729 202
613 178
660 393
779 50
969 281
540 149
746 375
848 39
540 447
832 139
689 434
906 131
847 218
888 396
774 412
524 288
560 258
966 175
909 221
623 72
756 283
755 274
594 487
980 53
754 363
758 471
853 184
928 244
789 453
895 268
755 310
984 99
521 168
545 20
706 263
902 274
526 33
855 110
796 416
883 169
725 56
504 117
810 263
509 488
563 401
629 272
526 369
818 450
917 414
702 78
613 23
836 129
877 447
778 18
516 392
563 473
852 354
557 5
539 51
672 300
817 313
767 461
750 356
565 326
890 218
686 55
891 418
896 356
601 323
892 39
931 486
642 243
738 488
549 447
608 120
687 373
662 346
751 37
664 185
713 238
781 475
853 59
986 186
789 243
624 306
503 275
825 328
652 413
508 309
967 158
567 298
814 80
714 469
510 127
535 488
966 3
577 416
945 82
965 401
712 24
642 13
543 210
575 277
826 278
800 89
935 87
514 110
721 412
925 233
849 259
615 237
960 346
537 77
553 468
916 383
721 328
735 262
618 125
881 289
604 217
737 268
839 242
701 391
731 287
891 417
689 155
774 378
991 320
876 152
980 49
966 80
530 149
627 305
600 249
948 463
820 338
630 342
924 436
794 410
909 416
912 429
842 269
969 297
947 424
908 492
662 349
796 13
597 259
924 214
534 385
586 321
557 216
633 317
505 263
937 422
832 23
844 326
752 43
634 99
860 417
864 127
806 311
898 264
597 457
852 270
955 447
761 484
784 160
666 297
698 498
797 349
804 191
584 206
632 360
829 444
765 194
577 101
581 341
542 347
704 73
771 187
996 499
642 34
831 424
963 201
682 369
856 131
948 393
520 181
646 180
697 490
588 461
631 163
938 173
923 446
842 467
847 387
583 499
898 379
516 494
772 19
585 429
507 238
589 201
562 357
637 339
576 492
559 203
871 498
996 14
600 107
811 27
573 198
707 258
644 373
577 467
756 362
682 76
930 210
601 395
778 360
666 26
992 359
999 279
722 373
652 418
795 256
794 105
826 132
651 391
538 70
970 378
864 116
747 254
506 215
756 471
569 470
648 290
898 81
705 472
688 70
692 15
505 470
725 487
749 365
546 140
657 217
847 9
827 80
518 262
508 338
903 114
734 490
634 35
575 351
770 227
868 419
747 50
947 266
867 5
646 92
532 474
622 133
827 93
901 259
883 3
793 134
795 73
673 48
756 297
965 130
854 38
982 66
694 332
662 397
607 252
720 437
704 125
703 8
750 69
746 337
561 432
679 206
629 111
781 293
840 277
695 24
511 393
898 52
896 346
788 110
525 375
859 388
909 348
803 20
904 50
592 167
981 404
569 458
620 84
948 48
837 285
997 136
830 373
849 486
711 16
930 150
796 89
923 218
913 449
991 247
881 409
904 421
575 436
986 204
554 64
574 302
774 268
869 16
942 252
943 56
531 63
887 138
780 68
741 40
826 282
959 490
699 470
956 491
596 63
548 256
752 431
957 182
829 373
634 190
968 189
826 45
595 362
641 355
712 42
622 183
647 136
634 274
699 204
925 345
906 277
923 198
989 485
782 330
725 190
513 88
775 43
724 324
892 190
630 112
861 460
852 436
542 245
692 187
891 6
981 246
647 214
531 338
654 62
742 397
880 410
550 452
813 117
937 427
612 209
820 323
541 465
920 17
902 240
971 180
614 243
538 131
750 376
832 173
790 165
759 293
726 496
521 39
781 218
628 454
851 59
805 450
828 179
990 415
567 364
602 40
853 237
641 435
775 239
641 6
631 43
862 468
995 158
948 212
618 45
928 205
603 261
657 74
712 491
597 32
992 495
947 483
811 191
824 464
973 366
581 233
810 278
527 11
698 457
952 460
518 383
865 279
596 353
773 246
908 246
574 28
763 242
752 343
802 34
578 84
611 363
813 224
833 114
584 281
644 136
501 460
963 410
973 429
711 372
563 270
843 346
851 372
782 460
881 334
801 99
934 248
517 4
752 60
706 195
912 11
828 167
830 257
747 354
955 160
521 42
725 46
952 93
962 494
622 85
537 112
871 228
602 496
610 381
866 169
519 272
982 3
773 214
785 452
767 310
577 65
877 183
596 332
623 173
755 451
969 460
714 411
787 105
971 154
843 177
620 395
665 41
893 32
659 23
654 421
849 123
729 15
992 499
513 371
748 171
748 384
858 294
742 69
996 334
561 310
984 43
644 121
898 463
769 111
813 4
789 251
764 498
936 32
607 151
706 231
532 146
685 439
526 299
572 141
533 227
763 417
627 165
670 121
536 50
723 103
879 131
673 60
788 497
871 500
562 454
905 485
921 227
638 40
876 342
542 132
585 258
939 478
664 86
599 451
563 191
866 331
670 187
538 19
766 134
750 459
589 474
731 404
833 194
718 467
761 327
798 133
674 52
743 275
875 166
598 107
991 435
515 490
955 300
815 110
545 216
650 391
686 369
963 143
772 171
983 161
850 460
795 85
724 138
946 178
551 49
889 94
722 151
902 186
626 40
730 274
888 400
882 107
753 105
976 213
667 55
967 41
853 125
613 376
675 345
563 38
939 424
674 96
749 390
740 362
863 29
528 454
983 123
979 438
580 497
532 313
875 449
554 283
647 482
712 214
816 454
817 326
853 81
694 222
946 397
900 415
671 67
922 145
874 101
511 91
926 9
714 8
943 32
797 20
624 2
891 113
626 110
751 166
907 73
535 434
579 169
565 298
616 258
741 439
521 370
624 395
992 86
778 203
977 122
545 16
793 213
932 310
598 332
574 327
776 351
908 317
882 409
521 306
954 306
933 10
782 89
967 115
971 301
720 167
685 449
599 112
720 353
784 59
555 375
702 103
672 462
521 176
929 185
782 44
754 20
714 340
597 209
888 263
755 303
864 127
603 378
969 209
873 150
545 456
971 445
750 25
829 474
971 90
604 340
659 318
792 193
939 352
939 98
708 484
600 254
595 413
514 256
947 190
834 359
785 452
700 189
934 148
849 479
807 65
738 20
794 137
944 429
821 247
892 240
829 87
608 331
930 280
920 147
798 389
787 110
609 190
641 370
552 157
860 314
952 419
886 488
931 429
889 477
829 422
813 156
686 96
927 490
507 175
578 438
635 269
705 394
827 464
930 387
669 177
948 268
640 192
599 439
557 19
545 300
956 28
587 307
742 105
894 246
894 285
755 469
849 252
624 242
541 350
637 94
810 266
848 150
834 349
941 490
968 236
817 129
601 68
910 249
537 150
729 368
806 20
655 412
879 102
598 382
792 294
968 376
642 289
640 421
513 118
679 25
920 155
626 361
999 36
640 186
758 275
616 449
974 290
981 349
503 308
539 11
546 183
776 289
688 3
924 455
661 364
740 139
802 427
902 411
852 250
537 7
714 99
721 447
652 381
929 404
659 153
903 276
669 128
852 187
850 366
611 362
533 27
613 469
637 358
798 197
674 272
679 455
620 404
832 306
564 321
679 63
1000 42
705 275
501 271
782 482
564 130
777 295
622 369
849 401
621 130
820 337
757 255
942 217
788 259
885 332
860 478
885 410
662 493
664 43
888 143
595 279
715 124
609 273
865 441
711 111
956 252
506 89
704 262
644 221
992 281
759 229
628 18
740 171
676 134
563 359
688 213
982 494
684 471
752 276
517 185
867 26
740 215
524 414
506 127
900 310
735 485
697 302
600 163
664 328
808 72
591 410
666 272
602 285
818 50
812 330
998 3
826 21
517 444
829 389
701 79
976 388
698 490
536 278
757 185
985 290
669 17
731 123
785 196
518 37
674 53
781 94
623 421
835 171
838 281
891 217
903 274
938 381
996 167
800 158
634 322
797 394
559 83
526 477
713 365
506 89
674 13
503 288
504 303
687 168
565 430
549 478
943 442
839 225
853 214
825 459
673 20
952 170
789 220
907 496
743 256
784 275
581 38
954 296
913 98
917 298
564 352
940 430
778 47
680 133
675 441
542 494
608 135
574 452
834 371
553 401
548 423
709 178
608 233
914 56
990 19
970 61
616 412
548 386
679 181
524 306
818 283
865 332
845 21
693 236
604 262
780 47
937 210
996 424
782 243
950 63
642 284
888 263
594 474
562 386
600 361
715 28
893 443
689 296
702 470
670 182
893 408
832 481
838 136
619 138
537 162
683 246
898 248
757 281
776 226
727 48
632 231
596 461
708 483
753 452
713 277
639 22
998 337
533 47
704 407
735 178
949 116
655 27
816 164
951 26
