651 41
656 478
956 277
850 458
563 472
501 22
912 332
721 383
683 61
703 153
666 471
730 337
716 213
617 432
685 231
791 31
850 46
831 293
527 133
770 226
622 388
857 49
516 165
560 12
933 34
798 433
783 235
694 170
864 480
589 45
977 37
579 434
869 174
841 157
538 217
845 31
938 80
882 25
544 285
727 253
759 104
732 234
654 357
962 43
799 34
785 137
576 292
572 214
766 104
943 436
911 321
890 212
544 359
743 356
923 474
915 295
626 61
794 422
549 318
811 151
901 157
550 237
855 448
638 309
755 246
640 89
686 45
604 30
953 185
923 78
768 182
672 109
762 261
999 291
827 395
594 147
570 164
569 290
644 355
530 239
786 97
679 4
648 245
752 51
621 229
674 336
932 277
552 463
968 111
946 476
536 209
847 436
988 364
563 191
866 360
832 91
719 379
790 275
778 193
767 84
694 63
958 138
562 280
661 252
963 46
954 105
721 439
990 133
738 242
559 95
749 251
595 456
517 41
931 298
720 121
966 437
573 246
822 455
744 225
585 223
986 121
559 324
708 109
587 102
835 381
666 465
853 79
538 3
658 312
981 101
798 46
519 260
669 373
563 348
913 258
916 339
642 410
711 307
582 210
908 372
934 324
961 472
912 388
742 391
671 144
907 113
925 414
929 478
646 67
832 406
760 173
870 152
823 61
822 32
865 248
881 469
800 88
531 272
721 467
830 28
979 89
626 339
825 146
975 95
912 60
873 363
706 185
877 74
835 325
815 448
816 98
855 197
778 404
746 409
671 418
508 457
929 493
811 204
702 88
959 479
631 499
757 490
561 280
665 256
822 289
574 61
639 7
697 185
945 466
568 345
511 225
778 71
853 412
843 33
959 387
709 442
581 333
735 29
867 63
979 359
795 440
821 388
586 415
594 62
964 342
804 475
673 295
966 79
683 174
966 36
691 82
732 344
546 459
621 386
901 352
857 91
577 6
639 163
654 330
988 258
692 203
902 398
642 399
685 113
787 173
502 428
981 91
654 89
785 254
662 208
866 10
616 447
722 234
881 224
948 374
788 362
988 275
627 212
920 258
713 213
617 499
727 248
593 236
659 453
656 303
563 219
658 377
933 175
934 125
640 156
981 211
804 385
897 1
515 466
644 324
770 457
901 343
707 424
865 209
629 57
897 219
809 85
756 254
542 47
768 417
878 287
906 459
871 212
508 370
839 476
733 165
777 158
731 322
676 248
882 470
954 291
851 8
810 431
846 106
831 137
955 396
747 387
882 243
736 155
642 286
792 430
504 8
769 43
702 300
590 440
859 219
903 151
516 78
596 370
826 136
962 250
520 375
843 48
936 62
833 258
747 79
698 457
905 413
704 9
784 443
997 403
972 453
522 460
682 376
943 319
756 338
808 486
611 333
680 287
594 83
654 156
698 365
845 191
762 34
931 62
972 91
775 388
753 342
566 277
740 10
929 367
695 126
975 329
741 229
675 215
773 411
684 49
592 24
775 211
711 424
582 290
689 228
690 472
676 241
900 421
618 76
765 361
508 63
686 307
619 303
635 169
767 169
683 120
720 379
929 132
905 457
703 487
602 45
803 430
842 135
652 286
674 142
892 77
853 416
785 195
696 273
779 18
683 186
669 461
599 266
501 111
501 331
544 75
861 191
979 42
574 400
617 261
556 353
694 350
882 105
554 347
918 1
880 197
924 416
807 412
990 62
867 159
715 283
984 318
894 292
968 409
838 441
569 362
551 183
881 382
791 131
580 91
658 275
823 431
616 18
591 341
618 360
518 352
748 489
551 205
961 447
673 373
588 182
830 107
669 386
720 444
608 245
946 337
913 74
969 379
636 181
762 337
585 449
830 154
650 77
835 259
978 304
522 220
956 24
972 300
526 443
636 330
763 143
842 373
521 209
609 407
884 31
727 25
997 176
554 53
845 482
977 110
529 465
521 446
647 252
863 30
775 225
623 263
887 237
988 233
879 422
834 261
971 425
758 461
581 137
893 453
974 23
724 467
552 64
561 306
814 159
643 331
944 394
903 136
661 228
765 83
942 276
802 451
917 21
506 407
851 229
715 432
620 84
615 42
627 430
557 118
755 500
505 446
998 40
700 335
757 300
810 128
772 376
562 19
921 500
974 321
994 230
966 422
717 491
630 297
842 470
964 294
741 248
897 332
501 321
539 196
527 290
802 491
762 316
520 405
753 297
848 317
644 486
900 335
653 16
703 274
783 409
735 222
587 203
504 28
758 113
873 431
528 28
949 351
722 74
864 268
892 72
551 30
975 192
724 317
502 81
584 112
913 401
592 111
657 195
865 302
975 26
869 23
837 417
925 15
788 282
919 219
804 226
802 369
644 390
816 137
863 68
960 229
853 320
834 409
555 175
661 217
519 153
553 150
513 362
816 478
792 337
883 17
567 308
523 18
747 405
679 120
900 49
632 470
792 356
944 304
736 229
840 500
833 218
614 351
654 429
527 312
938 3
677 329
820 491
513 365
564 129
596 292
684 235
772 169
811 409
909 64
636 325
840 225
569 351
857 67
602 183
783 288
813 373
730 217
872 484
706 327
955 94
704 106
788 467
537 158
907 431
913 343
870 248
894 62
750 362
943 63
922 104
971 368
836 191
862 92
873 174
534 1
733 251
908 271
865 428
690 262
606 318
699 446
599 298
763 460
801 32
833 119
640 348
846 484
582 212
905 332
997 433
645 128
525 149
981 401
604 281
772 237
929 14
649 458
583 488
968 280
566 98
517 80
547 259
928 194
596 244
713 353
917 367
503 402
654 235
999 241
767 425
851 295
909 42
730 474
615 283
573 133
732 144
821 298
825 361
978 468
674 157
769 258
725 65
534 65
568 303
815 46
544 112
902 416
726 108
930 342
530 294
810 489
847 101
788 217
763 162
886 499
748 213
697 451
902 153
897 449
610 456
840 459
647 464
965 372
531 370
879 380
833 445
878 112
511 153
727 297
827 177
897 440
644 374
890 364
571 100
819 69
753 419
941 131
904 47
761 45
647 342
623 278
556 126
902 248
649 381
703 30
561 277
578 175
777 161
625 252
897 315
610 207
991 203
826 94
516 487
654 447
757 413
780 381
592 249
807 253
722 236
662 153
712 419
925 42
660 59
510 204
808 42
687 431
545 428
975 63
923 314
645 83
795 257
817 302
937 452
626 295
811 490
991 285
538 46
872 461
565 104
978 43
856 473
595 9
830 180
550 89
815 490
777 392
931 397
798 360
741 357
673 382
527 158
801 23
635 215
856 7
814 21
714 300
810 2
954 150
537 201
692 192
758 65
717 347
923 435
796 240
695 39
699 468
993 190
514 358
803 386
575 127
839 377
605 500
1000 14
780 64
850 202
928 286
913 19
960 486
894 363
639 418
719 91
811 397
511 444
740 95
900 191
689 338
632 433
919 56
517 238
628 420
680 488
789 272
788 416
591 439
525 290
600 149
954 493
865 252
755 115
518 463
818 191
971 195
535 457
706 10
655 40
881 13
842 472
803 49
680 328
698 88
878 313
749 146
938 89
664 454
963 336
729 247
569 98
681 297
585 153
744 33
562 264
529 44
762 121
941 444
504 362
778 434
593 14
739 74
523 486
619 217
798 324
568 121
728 306
743 253
988 296
574 23
894 115
545 397
502 480
521 239
588 332
982 171
701 398
950 178
644 87
818 160
810 271
951 432
804 385
588 190
862 298
985 421
948 138
766 375
640 97
981 62
562 258
724 491
521 466
997 496
678 266
519 391
654 450
736 201
876 191
592 292
677 432
801 203
880 292
578 312
717 97
712 225
534 239
649 268
511 174
977 321
659 398
939 461
894 289
640 485
980 214
733 142
511 129
843 377
577 178
586 59
652 428
712 173
585 272
914 183
522 46
994 354
971 84
565 102
904 430
516 404
774 19
577 290
733 122
817 224
946 14
925 305
896 168
767 366
892 255
738 105
728 109
512 374
853 342
771 138
916 241
920 243
863 454
775 220
744 154
832 106
676 62
707 109
528 482
580 378
577 4
785 248
866 400
931 305
969 199
660 166
893 195
940 207
504 164
571 475
575 452
854 251
628 86
571 311
644 33
876 203
903 163
691 326
709 328
515 262
719 228
716 73
857 145
746 193
898 17
744 278
586 491
905 431
735 267
654 76
828 156
610 344
632 141
962 259
560 324
731 381
600 424
914 3
893 308
815 306
627 169
723 289
662 275
963 241
701 164
770 389
508 445
652 32
586 353
861 72
551 369
722 486
612 118
999 358
688 254
515 300
945 431
636 25
607 6
820 495
607 117
972 120
576 231
713 292
574 489
885 472
637 228
569 153
711 136
792 362
792 373
701 379
798 79
557 175
610 424
696 110
597 216
606 159
597 432
533 292
711 402
520 323
566 136
950 319
536 340
738 145
828 198
757 54
1000 34
608 36
943 10
918 45
787 483
887 253
858 442
756 9
840 198
693 27
630 128
553 54
611 250
775 99
855 47
875 472
896 227
738 224
673 380
597 50
574 86
564 236
804 370
950 294
991 372
867 221
857 164
685 426
965 178
618 101
742 411
731 208
698 183
835 479
691 333
631 63
691 249
698 409
919 236
649 439
525 239
952 250
807 195
771 453
895 449
583 186
721 179
687 112
514 397
914 15
920 127
614 275
648 148
844 322
568 260
715 347
767 30
910 57
875 413
520 409
937 305
854 108
846 461
760 444
931 139
698 173
613 207
858 63
515 421
991 496
621 240
686 156
746 153
695 500
667 346
694 213
914 150
999 141
624 361
510 390
800 486
734 263
675 494
613 330
952 17
631 261
816 21
696 190
715 297
800 110
781 299
744 348
880 339
848 81
683 15
591 214
784 28
713 207
948 234
761 61
544 178
515 39
941 461
948 218
564 54
611 408
530 91
727 88
603 147
736 136
786 288
630 423
663 80
802 8
582 226
581 486
857 313
797 322
630 162
564 367
530 483
557 498
571 390
836 332
783 264
831 147
611 403
614 132
604 283
734 237
636 263
813 224
709 138
995 160
656 250
946 324
699 77
657 319
962 238
875 119
676 470
920 31
681 111
721 179
536 316
779 400
971 124
675 194
637 211
631 344
692 279
965 204
517 288
852 42
539 488
763 322
625 66
739 116
983 171
528 29
502 133
887 152
642 326
696 172
584 75
905 317
606 384
632 12
646 269
902 49
790 208
897 137
679 103
869 277
932 1
923 243
623 323
504 95
790 75
810 6
741 232
619 323
573 432
886 420
984 489
993 436
875 416
821 227
556 463
624 102
930 74
591 298
965 34
747 491
883 208
643 93
908 238
613 255
624 218
595 101
871 50
673 212
900 42
562 486
879 111
818 460
843 201
691 38
825 500
571 62
911 484
868 21
867 291
504 214
552 65
936 336
717 224
590 291
969 131
560 421
927 132
800 463
961 444
630 26
982 346
595 132
995 270
711 157
906 413
628 317
765 6
626 138
793 185
729 354
733 33
841 115
561 245
575 438
895 333
887 142
610 451
957 99
595 197
775 124
732 293
982 230
540 300
976 488
640 47
604 301
702 495
538 479
667 5
776 357
622 278
946 289
670 330
632 383
527 172
934 87
687 35
713 246
822 328
947 245
714 7
904 390
710 399
864 238
895 341
982 451
671 345
969 17
506 178
747 100
816 399
700 11
980 68
640 333
695 481
917 46
664 78
774 398
637 394
935 57
885 449
670 397
567 474
549 438
631 181
665 332
641 355
985 463
591 235
794 154
687 337
814 304
653 186
839 357
982 372
811 417
566 494
531 470
508 212
843 472
716 415
650 217
985 36
544 361
800 300
860 184
679 305
567 110
934 443
846 86
586 385
845 241
732 65
597 188
660 284
521 332
560 404
793 152
693 94
708 160
954 118
884 154
723 131
951 131
670 206
554 171
847 249
902 463
996 243
991 425
890 97
886 447
778 206
598 216
624 366
836 340
544 228
684 2
697 494
811 86
838 289
977 168
609 198
880 492
862 486
809 321
931 222
947 385
587 109
917 320
692 286
1000 23
804 325
925 329
847 203
539 163
607 468
892 370
914 210
506 214
529 189
952 45
732 255
857 156
611 153
716 345
557 59
985 213
833 319
647 48
744 255
637 188
661 229
968 57
918 486
878 328
585 483
703 137
792 329
860 133
712 224
939 294
521 383
782 487
920 263
633 78
581 377
621 283
752 368
622 301
970 194
982 138
558 256
916 488
854 165
692 422
652 390
566 309
653 351
638 414
841 364
751 55
901 280
706 53
590 249
733 280
729 275
857 275
539 271
992 271
749 106
991 407
645 211
895 108
974 276
801 469
655 315
879 357
536 198
590 99
792 250
941 362
783 284
939 445
715 73
617 179
885 87
800 421
835 411
861 183
917 58
994 357
946 257
748 335
877 472
755 51
957 147
974 369
677 325
771 233
501 235
780 172
612 376
953 375
983 287
526 24
533 305
729 357
875 367
688 8
980 220
564 167
501 162
721 123
894 425
755 415
522 10
549 22
756 133
803 12
693 122
842 406
742 15
746 457
663 73
598 201
728 214
503 193
729 114
619 436
797 67
913 325
646 183
903 135
972 223
887 272
984 434
705 158
699 194
912 45
555 240
560 393
621 33
699 282
581 118
841 224
665 406
704 354
552 42
852 480
669 120
964 307
596 427
938 98
883 496
562 21
889 248
660 94
977 322
849 98
904 185
807 137
897 100
877 472
862 390
858 444
697 347
564 434
671 201
674 307
611 9
886 213
891 227
862 329
788 270
734 198
793 385
867 242
780 46
577 49
867 112
788 19
735 213
584 88
873 129
799 286
889 79
883 150
601 327
962 447
673 286
574 454
827 370
998 230
866 425
510 426
873 63
651 68
697 28
887 255
549 271
891 323
588 80
729 433
683 105
559 96
615 279
936 278
582 94
578 35
540 388
714 369
533 44
760 342
738 264
934 26
506 6
676 93
592 110
639 99
775 300
663 231
696 412
836 349
791 52
624 454
989 103
703 101
645 436
617 118
698 370
974 179
553 415
770 466
776 230
867 244
953 474
589 231
585 310
507 160
786 199
730 251
793 197
909 468
943 269
970 193
859 365
730 254
954 347
516 459
603 346
899 31
762 81
864 237
904 205
773 479
636 70
850 38
592 168
930 57
824 104
949 479
856 281
548 377
807 478
911 63
863 371
781 312
971 265
835 237
951 20
594 161
974 99
661 427
868 154
929 306
986 381
656 110
930 230
771 164
506 420
575 338
578 265
747 434
971 281
992 25
633 106
725 49
709 393
938 19
636 407
772 378
837 395
895 28
701 161
950 415
657 335
757 361
757 23
770 354
942 202
710 283
913 257
620 80
687 337
644 279
668 41
764 257
906 47
617 396
657 301
711 254
755 52
842 77
559 469
789 12
501 312
971 193
888 339
590 290
927 192
843 316
966 345
630 142
859 418
654 130
679 394
928 39
848 53
808 430
639 202
613 119
699 409
673 310
596 246
758 500
741 226
885 430
567 369
642 210
747 166
704 374
816 31
598 79
834 38
707 166
505 35
661 267
978 356
902 244
762 243
844 97
596 194
602 15
630 249
927 162
969 469
706 70
593 31
599 174
900 377
936 451
610 411
802 30
800 134
875 32
605 184
573 203
954 124
597 304
909 5
597 193
669 123
757 497
511 463
741 96
750 287
663 303
594 22
509 103
907 382
835 409
942 303
525 378
505 437
662 155
759 226
762 279
572 347
954 249
821 382
542 238
680 6
910 130
928 184
675 485
948 421
748 305
619 457
963 14
741 241
589 330
849 198
805 485
782 423
781 68
926 252
652 288
981 403
900 180
912 389
644 394
670 441
655 385
592 394
997 162
800 436
828 437
802 297
582 221
601 29
745 191
793 318
629 329
727 175
711 324
902 50
982 286
755 82
968 42
942 189
597 4
604 328
867 430
560 297
597 348
621 78
847 183
523 417
676 280
741 377
599 48
794 145
691 185
735 449
745 288
978 401
829 277
718 486
819 171
563 424
763 145
872 197
935 291
628 464
525 84
721 408
796 224
928 166
942 151
523 183
877 452
951 181
942 98
598 85
979 113
589 336
645 191
721 246
542 47
986 373
761 85
579 130
708 65
737 395
803 63
660 229
781 409
687 75
936 361
595 364
635 397
776 316
765 337
706 16
564 105
814 197
618 437
712 278
576 175
565 488
935 121
615 195
950 399
688 331
761 306
790 464
779 118
930 110
994 335
892 421
966 448
891 17
520 463
797 57
738 26
540 398
742 30
972 486
755 327
608 96
614 434
763 66
983 292
980 33
899 52
827 423
615 208
876 320
845 88
920 45
560 70
958 197
625 144
626 448
916 466
732 312
898 402
517 324
640 238
507 187
630 118
522 177
839 50
981 199
559 277
547 344
934 280
643 492
526 313
806 118
687 80
911 362
927 25
857 382
906 215
939 466
767 455
638 470
860 52
725 214
865 208
603 3
568 29
800 333
902 484
666 211
996 5
637 189
752 497
929 221
695 246
629 274
548 481
721 198
858 268
950 22
632 346
690 199
806 187
645 399
733 203
584 288
997 275
782 251
867 304
830 427
789 408
576 115
903 312
781 76
551 92
947 189
961 277
763 103
796 399
548 22
559 134
766 380
551 285
658 149
542 13
577 92
701 263
980 43
762 455
895 14
668 292
742 266
769 348
680 111
906 211
514 150
716 81
942 360
870 237
774 355
1000 21
830 129
799 413
837 65
603 237
797 385
696 443
596 333
828 412
835 399
697 69
571 143
990 460
813 23
584 55
706 10
869 133
911 71
764 475
521 398
525 411
762 297
550 308
710 203
648 274
925 96
627 200
974 304
881 260
634 355
771 413
531 389
713 189
535 451
900 300
673 430
796 149
624 362
615 264
595 368
766 98
610 31
801 14
518 296
501 361
790 344
803 179
759 483
534 50
903 182
669 249
573 39
779 351
510 118
659 423
539 401
995 3
757 202
914 64
662 456
509 293
882 18
949 376
892 47
723 214
609 331
831 313
