944 324
693 92
577 279
887 494
637 286
978 193
902 451
913 200
577 377
897 206
576 320
661 163
895 188
630 96
772 89
773 242
653 297
822 44
673 469
799 33
933 7
607 485
953 481
502 415
651 251
619 42
812 85
767 382
539 102
596 185
729 312
613 498
846 93
506 366
805 207
949 132
649 133
598 256
590 404
576 297
596 368
641 200
656 237
956 172
919 458
612 123
797 224
529 48
935 414
535 189
587 120
919 130
608 43
987 136
730 4
633 286
622 280
673 12
867 283
620 224
879 2
853 284
712 35
674 59
965 463
870 467
748 471
704 392
764 433
895 442
847 140
962 215
629 29
814 201
800 26
827 308
881 216
825 72
856 374
891 49
751 360
934 238
782 41
834 161
881 383
692 386
920 195
620 284
917 190
934 455
906 269
956 437
585 254
887 118
528 131
715 202
794 183
634 103
694 233
707 131
907 303
528 50
980 281
826 197
996 366
842 369
677 14
742 453
851 264
936 431
969 142
941 381
655 47
770 270
685 289
819 490
887 324
892 321
873 388
802 79
541 211
872 108
698 417
529 190
648 468
944 367
777 127
810 323
816 38
723 365
585 395
779 331
799 156
506 330
595 116
531 228
510 18
725 87
759 271
775 304
917 32
611 348
763 380
898 55
731 13
925 353
866 133
814 418
958 129
693 499
757 300
876 418
526 442
949 45
779 472
547 126
530 280
640 299
741 279
563 382
906 88
685 52
845 93
985 235
837 414
832 36
959 470
690 453
705 340
736 14
996 324
676 467
942 495
826 399
924 229
578 325
963 474
578 254
983 23
657 413
911 337
627 426
865 221
535 162
768 51
857 247
976 212
633 300
742 250
943 173
859 176
911 379
640 388
879 497
719 319
667 74
897 53
966 104
654 278
811 16
624 257
807 125
603 300
572 420
954 358
557 420
793 156
507 372
505 358
647 38
923 304
571 252
591 282
833 401
633 460
556 201
938 464
996 375
644 320
520 176
542 157
601 419
930 418
684 49
551 412
517 322
740 376
567 315
828 36
735 411
518 339
823 108
718 283
965 306
938 54
538 449
655 254
564 471
685 455
934 355
896 122
943 156
524 90
726 233
753 239
950 395
943 424
523 455
723 166
860 34
822 455
750 275
821 413
807 420
743 5
936 275
886 135
925 366
558 450
984 386
718 216
862 183
823 88
880 86
609 290
636 308
941 397
835 44
615 389
728 49
979 221
529 46
815 426
969 263
657 382
871 361
730 207
516 260
706 290
506 64
815 97
851 296
942 399
559 257
916 205
627 313
544 222
669 91
625 253
935 61
966 270
651 482
547 321
597 81
536 177
716 88
852 439
526 170
948 491
666 221
979 7
662 370
771 75
908 402
838 474
844 178
994 263
543 46
694 381
923 303
928 446
959 391
560 280
505 314
659 201
524 475
665 330
622 164
629 366
534 468
778 1
942 429
508 193
937 158
789 300
886 274
952 361
858 141
790 426
834 429
671 283
507 275
643 5
910 80
596 348
859 106
836 272
559 445
622 417
904 302
505 22
886 274
574 173
959 151
924 53
743 180
515 163
560 261
988 495
984 236
902 234
791 446
553 108
540 293
879 368
687 394
899 492
801 328
561 323
576 197
502 443
777 232
773 244
625 328
915 129
555 182
804 465
817 47
829 43
580 231
558 368
774 491
755 460
890 431
720 224
554 225
991 334
776 170
741 401
917 210
694 369
561 461
802 309
669 320
634 88
888 367
853 471
955 88
905 483
971 463
603 73
501 415
513 21
558 395
710 459
876 356
945 225
532 389
770 495
981 253
663 368
567 201
948 38
603 143
920 8
778 264
502 69
553 488
595 365
939 460
555 240
629 290
534 253
609 364
996 444
979 236
582 23
728 108
763 309
501 448
821 444
577 332
645 116
970 150
754 178
821 477
582 404
829 188
678 433
905 151
750 175
992 411
524 296
832 438
655 250
872 325
583 406
673 402
910 345
632 188
526 46
797 274
521 370
683 404
1000 363
986 346
928 135
698 120
897 344
557 255
845 230
589 408
619 190
948 271
611 441
551 29
727 266
632 469
699 424
583 79
864 243
674 173
638 268
785 387
739 108
614 158
588 314
839 146
858 216
1000 497
880 112
751 496
545 237
710 492
653 322
535 275
795 6
899 448
667 150
851 277
850 380
548 432
520 380
848 43
842 499
609 176
578 175
932 115
514 291
578 344
687 296
961 340
615 32
852 36
784 291
944 44
631 27
628 244
597 129
718 454
777 117
928 306
855 374
890 43
731 326
660 30
508 157
748 61
976 67
648 216
996 161
608 235
866 351
796 266
503 133
875 219
843 378
587 274
522 81
554 255
806 229
715 354
880 81
731 293
604 329
767 41
789 19
700 352
986 273
507 181
957 295
918 179
699 128
730 332
595 108
573 112
555 118
925 230
682 184
694 63
806 336
538 106
756 146
968 11
687 437
953 280
586 442
646 285
700 285
888 257
640 14
513 172
597 419
502 434
642 198
544 135
840 20
887 73
697 44
737 296
895 33
664 273
777 191
509 84
690 36
628 353
996 405
665 395
946 43
922 178
712 103
978 477
746 409
518 461
653 9
902 348
807 91
622 46
838 222
888 243
977 111
702 380
842 37
547 214
940 340
785 137
545 249
701 380
799 377
780 59
905 335
963 327
871 172
716 87
775 269
959 18
674 241
902 493
726 387
532 423
551 246
504 77
771 308
953 359
815 348
903 237
837 264
905 180
958 144
791 479
881 65
916 130
927 442
510 251
957 344
793 274
567 445
631 336
637 333
617 69
868 127
557 397
971 309
997 65
603 245
618 221
799 442
664 372
530 187
852 112
991 242
733 141
746 400
700 380
886 484
772 213
661 194
974 473
768 57
815 249
531 255
518 321
970 219
632 47
751 354
869 117
613 449
602 324
766 240
641 24
905 219
761 220
893 187
723 195
966 470
842 143
967 329
792 446
672 206
912 25
944 352
822 464
508 233
851 63
716 407
641 500
742 99
873 313
666 231
865 120
529 251
686 269
510 112
818 239
830 250
724 118
585 392
685 278
691 395
595 71
929 105
560 78
828 244
751 101
664 455
878 216
588 172
673 335
878 317
642 454
633 489
738 42
756 451
563 138
570 5
542 68
892 427
996 397
948 238
830 174
534 415
818 185
990 294
693 201
644 274
568 196
898 379
864 330
789 125
715 127
546 160
836 314
726 326
782 388
680 217
669 267
831 108
618 273
502 33
772 158
822 168
721 174
778 368
835 471
691 467
600 6
730 192
568 225
614 363
900 248
506 332
854 310
860 87
561 40
617 35
661 77
571 472
612 185
834 76
659 67
771 446
570 184
826 137
716 45
594 124
668 341
649 276
878 327
830 341
684 416
941 460
707 195
798 99
903 272
919 40
540 350
952 166
504 291
695 180
882 347
963 490
724 106
938 108
509 204
868 305
703 62
705 391
750 266
805 332
583 485
694 475
589 491
616 126
564 33
718 381
603 220
979 317
835 96
847 17
746 118
868 354
581 185
937 38
522 219
939 360
594 19
787 358
942 457
925 360
612 270
739 497
829 244
663 59
741 84
839 140
520 27
654 307
751 435
872 241
501 320
782 204
557 11
883 90
905 237
953 449
907 31
937 346
841 167
513 398
931 500
782 59
570 249
892 108
892 264
589 433
908 360
859 406
577 151
645 15
903 339
951 122
801 87
753 198
642 174
507 260
781 381
529 426
962 44
800 273
773 217
632 491
712 217
832 463
804 269
616 234
648 168
994 396
942 209
773 314
957 99
605 211
701 105
636 40
723 495
792 468
956 249
918 295
685 322
942 272
817 409
513 331
806 303
677 158
632 463
952 138
575 394
923 176
646 233
796 47
987 436
615 225
888 121
758 174
583 275
728 82
591 353
683 355
732 299
616 179
964 27
746 168
738 233
651 249
997 299
617 462
543 250
636 144
549 167
658 190
880 140
768 378
792 379
707 295
544 66
704 391
579 365
559 266
636 264
707 359
824 359
678 408
829 46
552 232
806 424
788 315
700 158
692 338
855 182
699 396
891 20
921 310
540 236
912 416
614 55
882 9
960 158
901 28
755 1
850 115
889 128
696 438
904 160
792 392
796 22
632 362
514 405
901 434
515 382
704 499
867 219
743 422
906 225
542 405
627 9
964 136
753 386
558 332
566 69
748 234
848 385
605 320
925 66
502 369
584 224
839 61
934 393
959 311
521 466
570 246
550 227
952 71
713 355
559 432
639 201
693 173
809 368
817 493
856 91
798 208
713 159
880 163
576 291
630 342
785 267
699 366
627 369
848 477
662 220
658 149
945 264
862 30
686 107
911 172
770 264
534 217
607 346
944 468
943 180
802 430
786 78
898 118
561 312
710 494
735 496
591 103
898 491
573 129
571 280
691 150
862 188
631 342
614 11
834 487
921 426
849 433
857 61
522 467
921 462
977 163
703 73
510 274
815 118
907 480
894 417
827 475
639 362
694 343
773 105
902 364
601 317
890 134
586 58
544 343
841 461
553 23
731 87
890 147
667 232
573 182
522 464
625 241
623 155
824 100
844 298
568 380
755 488
755 207
676 229
988 343
657 84
762 246
809 2
669 198
983 321
734 180
992 112
544 286
933 228
931 192
607 32
665 157
965 435
997 162
899 246
983 443
980 129
954 282
525 93
704 422
828 28
697 67
919 52
531 268
664 351
757 440
569 290
772 145
638 446
842 205
598 410
683 235
621 405
678 226
979 36
627 351
715 243
613 202
955 117
769 253
991 460
530 64
822 210
932 91
940 186
670 116
588 470
825 295
872 384
988 475
526 265
523 443
765 229
885 70
761 459
837 7
863 285
585 54
562 344
742 79
687 198
641 401
720 326
953 30
972 180
629 346
823 203
638 456
686 329
762 94
753 146
912 162
505 393
620 430
942 292
591 79
861 185
531 103
751 54
747 71
823 242
863 325
512 272
667 349
733 72
798 244
856 436
997 246
715 181
961 291
943 17
594 312
922 438
521 50
613 127
729 250
911 97
646 273
716 326
539 235
915 171
738 168
977 102
742 110
543 406
909 87
516 470
717 309
586 351
908 142
694 57
782 67
950 460
598 1
770 234
727 221
813 88
751 268
566 3
650 341
858 389
596 480
762 66
668 464
910 374
564 445
525 196
827 461
863 491
883 245
621 180
509 457
807 333
935 119
640 375
870 172
793 62
847 444
653 461
982 110
742 426
751 484
532 163
549 292
889 110
695 40
826 343
567 361
501 337
923 72
611 318
630 216
626 454
533 391
756 257
860 13
910 354
621 445
603 381
509 421
836 376
759 282
517 335
604 367
988 357
539 487
657 479
835 253
799 114
652 259
658 135
710 204
992 383
997 160
845 245
751 448
943 270
582 440
943 431
700 486
617 481
948 408
835 213
862 497
786 29
823 453
847 157
568 227
680 204
611 276
693 115
609 316
803 434
599 79
943 337
815 239
717 136
935 321
508 250
750 114
719 209
977 301
784 363
690 429
660 287
708 395
809 238
874 170
739 4
563 72
943 182
1000 450
816 6
502 245
832 108
743 20
503 125
636 120
620 110
547 340
727 426
573 177
928 122
899 142
898 135
949 86
580 18
881 421
537 203
772 254
992 253
953 324
555 9
955 160
900 372
936 483
748 331
907 185
600 94
510 79
532 433
926 456
907 9
760 117
896 497
540 378
658 289
529 85
878 489
756 23
719 357
558 103
836 155
634 223
848 231
532 61
729 12
870 274
561 101
897 41
534 479
953 177
674 424
717 410
869 76
857 251
766 186
667 127
969 389
627 282
534 190
706 414
678 238
847 311
840 322
593 375
743 219
695 410
749 114
889 36
607 476
924 482
838 92
835 476
998 444
529 273
595 12
992 152
617 288
954 205
662 47
580 466
974 369
898 224
592 187
892 481
610 484
938 117
571 426
518 136
508 115
547 478
791 52
782 371
911 88
565 448
973 488
608 76
833 71
876 435
726 105
683 6
596 53
725 190
719 423
819 251
730 163
938 86
738 178
899 351
790 118
691 444
739 143
941 412
761 445
919 30
829 479
944 326
721 356
992 162
908 279
585 464
888 485
504 457
962 269
609 429
799 343
977 397
695 417
646 391
851 387
661 307
890 270
657 124
925 385
946 140
766 31
723 285
519 243
508 262
825 356
552 474
804 22
752 364
698 371
571 455
688 406
938 484
568 416
998 107
926 497
686 203
793 366
682 72
771 136
949 146
843 345
813 177
829 432
746 366
549 420
828 365
878 60
878 293
695 483
765 242
712 324
507 363
681 392
670 154
648 266
735 341
536 323
915 353
541 92
847 361
935 402
716 230
960 238
589 449
833 290
583 119
780 348
531 372
541 363
695 214
650 499
617 381
738 442
669 140
938 368
745 219
985 139
702 411
917 129
677 282
750 223
611 383
555 246
519 199
752 174
617 206
902 216
732 130
859 382
754 376
674 495
805 61
707 334
893 489
828 32
887 157
972 95
978 32
920 357
676 10
764 74
878 336
623 227
617 464
541 87
539 44
875 489
695 246
756 189
923 250
961 192
519 91
757 282
792 170
538 308
970 144
838 485
721 437
578 117
680 60
719 34
896 399
914 249
651 151
964 10
592 400
550 294
881 253
653 270
690 321
899 45
576 448
944 184
561 195
529 299
636 219
537 371
856 434
516 91
728 435
525 263
508 397
936 431
526 139
651 45
823 336
964 74
605 43
804 453
871 40
548 99
607 410
640 332
951 6
828 205
890 497
794 173
979 371
960 482
509 277
598 91
750 139
992 233
733 312
991 185
821 84
996 108
695 81
565 149
806 207
529 497
982 421
574 109
856 475
887 347
837 175
860 373
753 483
600 62
624 450
576 5
641 176
855 454
560 197
793 74
837 61
701 42
800 414
695 495
996 74
848 281
755 477
760 145
960 246
770 176
527 8
608 447
642 97
518 84
577 372
991 105
686 139
738 19
739 55
822 342
744 148
509 118
515 328
988 235
618 119
937 201
662 72
975 204
772 457
934 485
552 64
598 194
896 13
698 458
935 81
792 437
993 425
646 436
746 167
933 210
906 244
976 340
902 13
575 26
850 185
649 478
920 420
997 429
758 357
961 282
750 278
987 107
618 19
711 424
529 100
986 148
936 483
534 192
859 223
976 498
812 139
950 340
929 386
779 191
589 396
884 441
509 460
926 377
755 299
629 158
549 58
531 63
978 29
937 185
921 423
504 382
702 317
811 154
623 336
514 306
573 22
894 223
774 117
803 458
602 388
942 149
897 379
856 236
949 245
675 84
528 219
887 107
712 384
683 92
815 105
525 425
817 296
658 491
824 148
996 418
591 223
649 242
755 286
527 296
972 176
621 280
537 214
829 235
972 336
521 23
546 170
662 84
533 4
795 172
696 80
547 346
614 301
797 214
665 265
879 181
941 453
788 406
976 212
902 50
632 329
639 447
923 194
662 13
667 241
735 390
866 465
861 433
872 394
789 179
644 73
554 323
580 324
945 240
831 192
644 339
935 484
921 289
748 226
868 442
941 422
511 463
735 460
879 56
733 362
524 413
714 435
685 193
747 85
703 368
652 173
556 28
885 71
826 344
564 387
702 382
685 295
900 144
956 156
729 362
547 104
691 500
912 29
584 451
904 130
953 485
820 475
947 71
927 251
557 378
826 498
759 371
701 480
753 141
902 237
531 457
860 355
866 384
780 209
831 473
577 477
768 417
882 338
528 96
934 13
626 380
939 429
514 109
688 289
913 85
637 332
833 182
693 378
936 255
797 168
867 197
838 36
959 179
586 471
816 315
861 241
873 450
1000 307
930 266
568 164
738 81
887 22
538 39
561 202
996 158
822 488
557 293
738 402
868 218
849 363
975 72
702 13
930 149
929 443
887 143
807 10
696 221
886 38
545 47
800 456
819 307
863 122
948 302
965 152
664 385
534 141
938 308
517 497
850 290
841 154
880 242
847 434
582 449
755 270
501 203
635 118
904 18
515 119
661 408
503 261
881 195
792 385
913 45
541 160
603 255
729 191
702 47
892 84
728 12
867 469
680 262
961 375
876 293
508 391
585 91
683 2
678 29
724 143
703 205
646 277
820 486
869 5
779 290
842 78
976 365
777 388
846 282
523 425
924 243
901 292
707 205
579 296
670 415
607 102
564 365
999 334
980 30
765 17
774 328
826 275
992 344
788 71
833 205
844 90
800 190
900 461
865 402
995 188
874 300
583 299
786 457
569 350
906 452
800 320
827 158
993 113
600 148
755 82
944 417
763 95
544 386
807 302
762 66
718 150
820 60
764 484
856 15
979 290
623 204
760 120
645 54
727 411
818 249
990 338
511 118
623 36
587 177
793 148
526 91
509 130
845 112
914 430
804 224
602 103
965 87
752 305
965 173
683 310
946 155
610 151
864 369
661 213
767 406
798 419
856 367
641 146
818 304
715 318
682 54
548 44
754 86
507 273
916 49
574 337
872 225
618 25
878 417
640 10
547 241
786 364
913 234
989 252
565 84
673 468
974 409
769 304
937 264
821 263
847 225
804 147
970 353
771 74
989 64
878 96
763 385
758 15
835 96
652 261
865 477
803 137
973 119
810 171
757 229
810 71
556 178
729 481
712 290
751 403
586 167
825 24
598 234
612 284
639 239
891 355
940 84
718 210
565 234
752 121
583 355
505 249
775 39
602 486
531 159
827 296
843 192
657 145
906 434
527 89
559 313
721 180
501 58
719 130
635 156
880 496
636 456
506 294
862 233
658 175
650 93
789 279
756 95
694 72
959 237
696 486
979 6
922 317
681 109
984 425
913 427
745 378
584 245
825 344
606 270
771 329
582 279
798 139
797 426
955 201
625 452
933 36
692 130
552 362
767 352
873 397
508 482
713 93
979 231
618 348
515 5
884 217
718 117
854 81
793 431
767 444
705 112
711 447
940 304
912 206
608 130
972 5
800 297
892 499
609 301
998 294
854 183
792 391
631 350
559 194
850 345
958 307
907 372
