734 35
609 945
809 215
100 342
809 519
893 240
274 29
18 778
213 186
721 302
148 44
94 254
550 6
601 703
640 505
53 711
419 482
341 487
235 515
111 439
288 117
219 578
842 233
36 267
128 568
939 535
757 295
330 649
28 381
988 344
703 850
982 441
69 855
331 505
606 311
96 19
250 385
496 891
914 698
817 955
541 655
175 158
574 9
769 17
28 423
937 668
19 664
105 817
368 408
74 970
161 948
908 112
233 198
324 157
535 317
833 777
569 773
346 172
62 455
316 423
937 146
5 931
10 616
388 924
760 909
453 750
46 454
592 142
355 359
681 980
545 701
980 519
729 635
511 921
97 225
236 282
67 640
426 17
609 532
278 654
272 896
115 299
566 380
639 699
536 790
6 546
576 122
5 613
960 522
168 711
657 640
883 190
318 198
418 862
574 893
532 755
199 950
384 349
616 453
717 357
976 680
643 556
72 471
643 139
295 588
795 551
938 332
928 594
348 248
900 558
622 755
226 450
809 291
711 536
137 700
650 960
693 826
218 319
827 703
104 938
331 34
661 831
294 968
185 211
686 754
199 495
603 682
719 565
264 638
800 931
621 691
931 201
58 80
944 676
74 532
248 229
551 290
888 661
976 800
941 724
68 793
738 69
826 723
721 627
948 343
193 42
201 911
261 278
895 770
201 810
768 986
179 579
639 151
282 52
490 379
547 410
67 503
576 761
19 771
498 18
247 125
368 996
212 331
668 866
172 658
296 864
545 818
6 58
419 474
954 871
365 390
550 197
458 429
431 382
499 614
647 163
716 365
463 555
429 459
698 943
731 813
751 67
431 741
789 275
867 556
624 135
328 853
309 722
524 690
489 997
699 436
825 293
623 787
305 201
269 99
949 826
506 512
505 530
751 188
851 632
178 986
575 691
772 337
802 805
321 199
763 846
876 417
774 635
790 155
484 531
332 199
151 754
249 773
933 767
221 746
664 106
715 28
33 318
827 866
543 539
91 266
967 343
453 256
633 197
603 146
971 233
947 876
92 120
502 139
363 238
849 982
570 99
536 994
779 152
933 113
912 631
513 674
105 951
735 221
736 690
514 222
417 653
765 510
871 942
863 969
279 585
764 593
572 727
864 171
629 588
355 51
460 603
232 145
259 579
492 637
499 301
30 381
761 762
342 510
351 800
425 611
484 771
333 773
773 784
351 699
256 443
731 4
281 208
717 893
235 426
522 261
415 816
616 276
4 607
242 361
718 210
271 845
540 793
81 362
676 281
165 910
566 880
218 442
957 352
663 522
597 915
996 153
411 940
58 898
768 954
211 662
408 982
100 212
718 379
364 494
237 983
961 786
444 214
436 743
606 111
734 434
656 898
244 114
837 238
787 999
309 331
231 580
113 450
536 225
379 627
935 845
36 934
761 671
505 62
122 462
521 682
480 271
475 420
165 412
214 210
366 184
514 656
972 22
243 404
193 178
927 574
552 320
43 938
377 218
319 601
638 892
598 804
510 745
180 51
103 342
947 217
586 694
643 216
126 55
717 824
882 137
552 447
631 104
210 83
697 330
362 138
91 816
917 860
268 143
675 871
607 531
272 977
249 534
508 355
517 999
489 237
622 789
808 97
535 156
455 592
691 11
645 563
96 695
485 775
983 824
473 573
919 264
153 761
313 232
437 118
971 934
533 695
776 696
171 320
798 433
424 254
610 368
477 287
19 672
72 120
57 879
802 358
220 477
477 616
125 894
167 103
103 291
952 414
789 221
319 569
304 62
913 308
148 794
268 98
485 761
414 572
945 968
204 186
651 413
257 661
503 322
150 527
952 351
27 579
102 664
803 697
460 765
671 401
194 83
811 617
291 705
75 840
802 642
796 784
149 238
957 949
216 647
920 991
443 221
538 713
918 774
409 122
651 549
338 96
479 474
104 907
642 92
510 53
432 124
390 89
739 532
520 262
598 482
730 125
847 272
701 266
219 747
107 921
681 484
910 125
961 469
153 884
958 100
584 352
561 74
497 682
455 777
426 351
944 238
945 619
784 484
557 656
175 744
808 777
833 593
580 937
349 475
713 912
797 19
95 358
830 163
275 432
541 616
427 206
576 707
12 491
656 549
527 389
681 843
841 760
407 526
219 517
740 611
860 443
904 439
232 720
356 812
784 895
816 782
810 823
901 720
157 18
310 666
567 230
291 874
9 752
323 486
391 746
585 988
275 52
36 197
893 824
595 698
273 474
339 463
851 781
920 648
510 545
841 429
599 456
293 323
20 831
69 902
336 39
824 118
242 165
949 959
656 697
399 682
466 250
126 793
879 914
594 127
749 91
998 223
862 7
46 875
190 844
915 521
779 596
1 448
210 140
151 410
113 866
912 777
154 888
460 700
880 997
923 880
202 905
247 995
363 790
178 144
442 926
654 254
973 809
910 555
102 890
235 126
59 823
702 615
472 493
365 489
460 483
498 720
806 128
114 256
808 870
866 630
962 65
871 895
793 193
9 580
512 833
899 18
119 510
953 91
941 251
710 204
239 91
954 865
31 275
50 105
366 984
105 487
301 453
448 890
748 912
613 222
579 864
593 926
615 502
6 504
199 788
531 873
87 80
350 340
355 691
428 666
857 580
924 283
479 47
521 970
949 550
571 919
748 614
388 961
227 691
317 548
433 209
50 538
933 251
197 770
786 274
118 498
279 458
885 955
793 862
187 16
815 117
524 684
971 781
578 175
555 919
708 822
993 9
894 474
261 456
364 491
488 889
620 986
368 278
76 565
526 110
28 403
312 524
72 441
80 265
94 838
452 470
240 198
407 296
964 277
696 172
507 843
943 259
333 995
186 178
912 886
995 86
659 235
215 808
472 711
836 375
290 603
401 250
919 721
889 892
856 496
765 94
727 357
741 806
670 143
906 252
178 34
678 17
174 790
530 783
378 576
34 256
738 430
633 771
546 302
987 915
153 937
409 146
240 472
81 561
676 83
68 583
500 413
782 943
321 976
328 455
149 172
424 220
481 488
287 715
29 747
847 613
248 362
221 940
641 915
891 911
42 814
104 348
399 925
230 551
355 956
439 318
581 67
944 139
699 960
655 188
162 866
192 520
154 953
491 127
379 631
54 947
373 796
134 934
95 761
455 121
884 831
700 630
977 675
633 262
176 77
412 526
333 946
332 60
910 166
21 285
363 487
362 210
683 692
585 88
334 749
195 453
558 549
311 167
496 221
508 943
270 207
575 242
316 349
57 306
890 745
546 418
230 443
905 935
297 30
689 828
324 472
844 749
489 307
189 986
908 856
572 950
140 160
653 261
955 587
70 651
664 427
94 122
633 626
56 783
888 385
848 209
505 677
327 540
247 200
990 668
373 518
858 83
860 529
221 260
551 589
814 828
7 858
589 301
66 288
827 990
975 895
330 903
1 337
985 776
894 82
119 740
444 720
801 267
353 131
891 22
609 282
824 277
259 754
686 775
757 428
246 207
802 409
709 826
537 791
535 339
175 795
718 835
613 383
987 186
623 876
805 197
67 557
530 30
92 827
907 306
658 436
695 139
379 862
28 416
475 741
116 794
674 514
172 833
706 903
326 318
791 430
224 66
834 446
341 761
543 89
342 950
545 411
778 344
244 553
254 174
615 284
210 697
645 162
828 423
206 139
150 173
958 824
765 144
784 859
334 578
379 273
236 559
715 792
904 409
312 63
238 356
885 652
1000 814
640 168
161 816
259 731
418 35
848 888
840 380
118 660
151 75
639 266
43 735
29 781
637 758
273 620
163 639
562 414
125 337
576 794
37 496
476 65
635 656
75 777
685 782
589 61
249 474
945 59
342 144
727 572
222 181
185 285
762 878
291 522
147 681
881 338
33 982
840 264
978 534
2 149
587 869
373 379
728 563
368 329
767 122
194 218
872 902
288 434
551 610
364 568
789 411
900 762
58 433
630 24
770 870
950 652
48 33
656 55
524 158
131 428
760 397
95 912
384 434
319 255
724 518
925 378
563 802
617 576
37 125
449 527
615 807
282 11
475 931
210 737
701 147
31 973
392 189
351 992
996 540
790 91
648 67
822 934
439 132
707 345
665 846
103 917
146 378
983 883
534 85
680 742
307 253
219 91
351 639
81 775
48 246
468 621
484 161
534 11
910 185
488 348
671 695
790 458
404 854
322 713
36 889
854 404
821 868
701 612
206 724
303 741
723 263
244 570
812 641
537 870
276 650
250 777
997 909
116 590
589 80
930 391
136 248
447 22
499 15
752 184
508 271
559 526
433 298
927 910
932 655
245 382
958 899
924 129
858 834
693 309
888 26
226 928
995 890
547 628
92 491
326 360
263 330
525 281
448 879
300 996
770 730
844 786
726 796
283 266
329 761
433 517
72 747
562 734
112 691
994 821
723 500
981 312
458 586
427 30
252 632
496 629
93 161
114 520
271 495
631 229
5 950
648 949
200 468
796 796
861 462
532 492
863 999
675 288
473 934
794 36
341 500
626 191
560 803
350 826
827 78
813 331
479 374
613 532
237 313
31 980
487 327
454 560
71 394
858 200
850 112
896 46
569 596
856 147
447 355
737 115
30 519
443 419
118 472
714 457
947 149
958 389
380 92
740 436
949 800
980 752
288 490
391 101
814 492
243 52
91 540
369 763
608 828
60 125
808 396
770 275
548 382
587 311
150 177
322 479
764 146
467 238
493 132
562 954
2 281
30 657
15 767
6 345
974 893
536 497
822 631
423 47
91 678
520 622
182 817
149 314
11 422
531 845
824 807
64 406
882 810
569 890
509 499
159 4
679 212
885 794
177 730
825 877
509 598
212 437
638 951
870 505
628 297
397 397
668 716
169 955
944 126
796 618
522 796
222 277
443 856
557 135
767 126
642 479
897 898
22 764
95 86
725 355
130 78
948 942
170 9
224 563
62 730
490 988
867 985
210 66
902 80
872 8
169 192
143 297
291 732
943 798
105 635
994 607
606 148
739 52
288 261
45 894
139 906
750 467
393 51
514 662
911 502
751 276
951 904
177 327
115 666
487 167
870 44
29 336
726 782
958 465
782 998
572 996
22 540
521 563
867 256
804 76
615 606
40 394
531 80
357 435
283 211
197 29
699 254
493 907
604 542
387 913
142 166
632 500
190 218
160 124
892 512
441 826
564 115
285 956
748 286
388 689
879 306
720 629
140 14
622 866
308 592
463 319
854 246
763 943
578 201
62 692
821 26
412 256
697 468
641 227
973 139
483 182
370 210
503 149
149 627
652 848
296 541
289 250
542 379
420 656
104 11
3 373
534 141
981 569
821 812
728 179
543 495
557 479
674 858
579 207
97 73
566 858
832 310
50 319
270 477
727 765
964 544
528 372
752 983
71 961
630 174
867 304
343 378
109 478
96 797
401 22
393 33
796 991
933 426
102 705
857 752
1000 719
727 601
18 920
584 928
840 805
939 456
723 304
390 214
882 538
849 265
277 687
423 630
971 673
905 779
829 856
548 514
701 114
555 417
571 855
586 646
584 802
199 939
197 164
281 773
383 351
424 167
573 171
245 270
158 707
717 653
914 608
117 591
903 620
847 843
614 84
168 223
726 279
291 555
219 406
886 216
446 756
123 602
435 551
534 908
89 83
886 187
430 969
801 533
692 935
463 962
324 452
600 281
39 488
67 523
655 626
610 170
794 258
708 175
55 799
100 196
167 688
172 14
332 219
913 228
592 916
368 927
694 879
558 831
915 955
817 319
836 615
620 345
374 53
313 470
879 806
864 725
864 975
407 974
335 131
261 461
50 854
148 555
499 722
386 463
697 435
738 574
277 68
274 782
892 421
392 793
844 849
744 820
363 586
471 146
408 515
370 633
784 653
899 93
109 109
232 815
100 679
957 986
932 71
25 472
429 920
121 403
789 213
888 405
689 420
572 829
561 349
689 318
699 952
225 975
228 501
600 964
899 458
76 507
981 970
748 570
719 725
789 588
239 829
895 392
244 692
127 214
915 235
32 937
311 945
136 439
229 733
966 186
303 420
232 22
196 198
683 124
597 604
327 658
971 743
828 909
462 657
172 879
695 833
744 655
532 531
987 393
736 63
757 886
384 308
472 531
810 441
777 479
322 604
855 753
294 963
211 325
685 936
557 155
78 813
399 614
815 373
509 82
987 446
128 566
587 801
722 265
963 970
791 506
456 305
492 204
484 409
695 866
683 599
993 175
307 387
490 77
379 421
523 400
695 389
630 387
774 306
334 934
946 10
128 100
344 784
128 201
931 804
64 390
887 293
732 492
464 970
432 948
136 850
327 409
845 105
98 62
172 461
693 652
887 978
743 107
997 826
211 648
486 332
805 412
422 632
206 51
268 64
78 568
509 780
981 107
992 148
156 288
239 177
809 884
918 202
422 153
912 645
148 150
172 895
705 171
151 678
678 534
915 675
631 330
52 324
947 823
75 579
864 80
253 403
528 312
345 626
765 736
875 409
110 611
968 996
742 339
549 647
400 965
256 635
86 564
161 951
216 46
552 552
149 457
267 262
198 975
945 597
280 385
298 758
87 668
536 244
993 303
872 742
863 380
375 864
883 787
819 230
117 428
937 415
635 662
529 780
753 960
207 781
932 165
266 263
756 482
517 511
886 89
381 138
625 822
987 511
203 400
717 146
952 999
172 36
54 622
907 165
658 395
659 801
840 167
993 639
201 904
559 790
437 249
997 131
713 827
502 640
494 709
621 202
786 460
850 903
872 225
736 266
575 520
175 439
199 602
755 95
921 911
475 898
187 215
753 450
665 692
603 622
572 627
832 784
340 65
871 595
109 553
637 730
361 828
994 618
561 489
558 615
939 50
658 585
153 610
864 178
517 517
831 714
35 689
230 209
624 577
727 105
683 220
248 980
19 137
944 942
607 455
377 35
629 709
57 980
764 692
638 189
919 641
774 507
828 624
328 780
37 131
57 433
862 777
238 361
295 237
646 177
376 814
768 442
562 140
967 121
2 3
72 968
146 427
231 501
347 396
662 655
285 291
570 661
202 405
682 542
944 177
283 936
384 733
993 805
95 286
561 787
730 542
996 764
706 392
593 59
42 246
792 143
231 589
494 219
228 62
443 497
564 979
493 26
353 639
545 834
349 732
825 193
520 627
11 939
667 498
541 965
815 248
441 319
632 813
590 941
921 775
807 332
115 338
371 167
281 312
465 33
504 662
49 852
5 758
444 746
477 235
196 234
76 407
894 979
290 18
826 89
780 448
414 868
210 589
25 347
312 286
913 769
173 815
162 308
336 362
243 802
405 140
632 154
164 680
426 953
229 211
821 23
78 64
824 718
495 588
61 524
352 840
566 938
849 757
424 479
321 979
77 868
138 872
902 670
350 561
773 666
848 569
96 371
74 123
332 121
794 50
734 569
113 643
628 276
249 228
27 758
981 170
255 968
220 776
925 947
666 746
757 277
777 988
917 719
749 99
579 193
879 276
487 728
594 387
806 942
730 158
657 190
651 18
203 154
750 66
399 818
593 725
361 507
914 217
949 869
614 22
111 628
159 839
321 969
281 169
23 311
284 50
967 940
975 419
94 419
248 81
561 852
985 384
875 173
593 274
672 633
28 440
523 551
673 962
886 150
203 154
935 413
19 677
290 141
542 585
310 300
841 139
597 776
740 969
50 93
600 385
362 943
201 351
245 797
62 107
355 102
213 613
66 951
659 364
59 40
961 133
463 940
816 300
793 827
239 757
588 369
603 111
335 741
788 368
872 122
139 915
342 600
662 706
978 589
839 766
434 278
791 174
494 985
177 450
854 537
684 13
205 106
663 183
531 586
87 95
381 171
463 954
389 604
922 291
128 775
309 59
540 197
594 121
206 491
806 239
641 178
924 872
712 316
850 922
963 471
164 596
406 582
167 240
636 523
753 816
362 806
783 132
341 707
664 337
71 459
341 472
244 310
611 807
860 277
263 503
751 687
335 210
674 254
484 387
162 64
175 86
638 338
476 89
264 992
295 477
921 19
479 157
383 431
800 656
943 216
862 947
689 189
957 996
129 809
583 184
444 429
554 296
222 721
757 556
258 100
506 530
466 418
850 757
861 829
87 971
105 642
805 490
595 931
390 244
795 787
122 894
799 76
781 434
69 192
996 798
678 501
841 141
150 654
860 526
534 480
118 561
505 517
83 360
487 965
658 782
585 716
88 870
18 355
972 422
818 567
379 40
308 381
983 42
184 427
894 426
446 628
606 214
863 615
135 251
15 951
257 844
248 399
283 145
369 384
937 878
71 128
580 923
111 564
951 152
463 617
225 723
913 937
51 934
937 511
948 455
331 283
929 745
124 711
290 449
430 19
292 486
30 417
239 141
482 811
236 307
670 421
517 621
30 113
116 299
107 486
600 701
827 871
842 894
254 756
336 248
357 918
720 278
227 594
498 605
530 345
26 37
168 735
377 21
335 119
734 900
561 228
910 182
645 426
422 164
671 491
724 747
41 678
747 318
580 892
444 186
811 664
787 911
97 487
737 862
789 288
628 360
928 685
890 93
149 904
686 204
227 274
316 901
640 663
667 954
136 240
488 761
626 283
956 865
528 577
517 740
795 870
29 954
355 329
270 3
339 113
557 874
108 531
230 104
19 161
439 312
369 351
716 114
870 562
144 250
691 388
613 660
555 772
698 700
812 411
166 943
968 483
562 382
736 192
721 55
766 271
109 886
578 684
653 575
999 809
935 865
288 925
152 308
922 744
533 198
914 800
877 180
460 383
976 562
167 26
388 659
835 555
121 566
986 255
100 85
773 665
706 610
963 552
286 318
523 502
258 807
89 402
551 678
573 280
663 942
946 527
501 285
651 669
538 187
311 306
731 422
855 580
894 21
426 347
911 490
717 215
984 844
904 239
152 371
415 981
32 583
451 146
767 541
333 392
68 223
296 694
595 112
39 775
288 65
89 286
205 783
601 697
891 443
718 973
321 521
171 102
185 138
265 436
719 419
60 401
42 569
717 455
738 130
417 970
545 757
377 54
950 749
310 206
102 997
