929 420
612 58
779 146
681 168
546 219
883 84
918 408
716 478
924 79
626 370
842 300
579 239
946 89
744 106
883 182
501 53
910 123
913 36
940 174
840 371
756 397
916 7
671 421
888 488
826 134
976 465
555 285
755 385
880 33
682 359
702 86
878 470
886 319
846 46
649 23
678 333
583 182
504 406
740 139
692 155
716 253
704 110
915 242
983 26
505 472
670 117
916 52
710 144
985 38
876 68
523 149
976 293
916 32
923 131
658 415
601 476
591 354
845 335
717 231
646 176
799 2
518 134
577 85
738 110
990 390
588 208
633 349
722 493
889 102
826 401
503 231
540 140
581 78
565 313
928 177
914 250
810 454
914 347
636 110
552 282
511 476
956 446
580 418
504 106
728 396
797 351
641 270
714 193
725 39
944 188
673 311
723 152
717 433
734 353
771 136
609 245
855 323
800 322
584 156
877 144
928 493
832 334
630 96
697 437
622 448
809 110
580 141
812 95
740 55
945 20
789 361
639 460
763 390
773 453
981 1
602 72
664 281
798 297
766 400
777 76
806 197
509 384
772 155
608 21
596 312
587 475
962 243
976 478
938 127
941 362
855 343
670 341
798 178
761 441
888 393
871 383
956 310
538 14
620 98
770 156
953 377
963 479
778 104
625 332
835 365
655 149
833 365
864 319
856 433
997 115
855 368
624 450
960 41
678 108
734 268
847 425
936 353
788 31
508 475
915 359
564 415
645 422
946 36
811 421
639 307
983 125
975 34
985 283
791 480
541 160
581 249
841 190
641 394
590 200
969 448
571 190
774 319
803 54
735 495
981 245
692 114
908 454
849 195
508 418
947 323
782 230
774 369
843 37
921 96
740 361
709 419
983 348
610 238
745 294
704 293
614 380
910 227
528 36
627 358
509 50
713 353
680 446
627 451
964 418
795 17
523 197
808 405
938 268
964 329
942 434
762 319
547 351
942 270
947 226
812 314
662 305
568 120
945 458
530 237
883 451
804 181
632 433
986 244
888 125
536 184
669 465
710 277
865 23
625 81
947 376
637 240
856 203
818 321
596 55
560 237
775 46
900 38
576 459
736 164
854 189
788 344
911 154
974 485
816 69
826 187
511 261
818 46
972 353
620 426
760 478
611 264
630 248
663 243
542 193
506 155
916 363
771 242
514 50
633 101
899 407
986 285
853 339
853 116
692 324
691 92
552 76
800 90
874 216
964 369
534 315
893 487
818 315
783 429
542 194
889 475
690 35
623 404
819 127
515 49
656 286
841 191
646 93
659 317
781 490
709 192
705 43
974 304
504 435
517 500
570 32
683 85
602 98
703 170
839 145
629 298
653 332
646 283
704 303
517 433
829 131
783 455
703 81
503 6
754 144
569 59
881 137
884 476
598 373
825 73
790 177
675 141
641 284
841 238
636 229
941 367
969 251
504 348
695 378
900 44
598 78
870 266
971 131
822 370
753 30
575 82
590 380
840 358
793 78
564 354
601 415
783 93
651 472
685 160
776 357
893 472
549 46
928 241
900 487
636 408
607 195
664 172
936 268
661 274
575 188
655 349
786 18
729 196
921 245
582 290
957 412
749 14
662 427
552 168
590 227
944 201
843 21
879 104
845 377
784 210
942 285
780 447
752 319
819 152
761 340
900 142
537 186
650 28
888 304
658 392
941 449
845 285
789 137
862 457
634 149
957 8
784 17
723 7
807 296
805 295
933 350
937 84
688 335
999 488
899 162
709 327
932 215
813 179
787 46
959 209
524 77
649 118
596 102
790 366
697 148
846 420
676 399
935 403
992 452
659 442
878 226
627 446
707 7
546 363
880 229
586 338
813 380
879 185
599 318
653 347
740 89
813 207
904 39
677 55
523 301
760 128
656 360
750 26
528 449
864 250
918 60
623 203
681 136
843 354
699 410
938 114
561 301
594 34
630 289
834 117
906 182
973 27
993 60
664 118
743 197
920 13
847 90
542 425
688 354
597 327
975 61
503 329
814 496
532 440
700 17
681 202
768 402
573 284
888 391
547 464
664 352
900 237
565 68
830 388
841 357
679 12
934 460
542 44
938 174
540 364
604 181
628 145
862 254
539 93
555 197
607 93
916 414
684 36
684 240
620 266
580 216
718 285
941 130
664 100
864 160
603 340
749 252
741 354
702 228
547 105
924 473
914 384
926 328
801 333
862 424
876 194
803 111
696 373
659 493
962 234
667 396
700 237
613 448
795 407
693 215
815 164
760 65
571 486
958 376
756 249
947 254
594 113
796 230
722 235
936 239
532 219
592 470
729 138
917 159
577 343
948 339
789 29
920 375
635 376
859 396
777 270
550 210
744 434
501 57
850 63
996 98
858 411
852 99
1000 452
804 96
676 4
681 166
733 462
599 470
966 104
564 145
821 468
690 42
799 91
606 63
636 8
695 342
834 402
572 157
914 142
722 350
732 123
976 294
575 61
988 189
702 210
729 423
967 409
751 450
511 350
831 148
785 325
598 60
654 83
648 358
548 128
812 308
883 498
524 363
680 249
515 425
932 147
769 441
632 438
955 268
804 102
595 373
922 2
596 390
597 356
986 477
951 131
582 241
730 429
831 452
991 164
713 388
577 387
772 336
743 305
933 309
803 185
603 29
816 138
550 203
921 27
802 199
514 159
815 224
998 366
841 267
530 342
544 196
886 488
569 334
546 107
533 77
784 196
650 473
936 63
855 206
921 461
615 447
707 377
945 43
914 257
531 91
653 244
896 192
555 247
991 241
967 265
743 497
544 300
624 469
952 167
624 321
700 455
612 71
635 300
575 371
925 131
763 290
892 465
511 138
632 285
822 427
526 108
547 263
651 208
591 69
988 42
766 266
711 340
863 314
650 28
702 128
875 301
745 7
533 284
997 271
525 194
697 289
993 375
519 182
882 78
805 240
550 79
992 374
712 361
902 142
621 83
998 329
676 415
881 407
615 16
753 121
535 441
702 391
746 86
636 233
806 200
992 305
646 233
857 433
945 417
608 91
683 72
992 270
987 278
801 204
630 367
801 363
897 390
712 421
803 201
727 17
855 449
778 471
675 123
513 224
924 450
777 217
657 307
969 339
774 19
847 465
814 437
549 148
985 475
566 291
755 117
822 236
952 123
609 182
632 84
866 136
833 275
662 178
858 406
592 223
597 141
807 304
882 323
929 226
616 172
762 142
807 427
711 83
740 410
672 274
900 125
824 52
755 152
998 461
807 39
515 166
612 88
673 283
659 455
627 156
835 77
608 275
754 429
827 430
892 71
824 234
512 416
771 386
733 283
523 15
606 82
947 138
694 381
787 489
933 46
859 121
523 9
532 415
724 4
849 342
678 423
603 63
604 246
729 293
949 146
953 266
866 203
838 478
587 9
502 409
934 491
687 232
811 152
866 311
938 29
729 482
581 223
803 155
643 1
793 416
818 222
647 93
871 355
780 90
559 103
831 314
957 193
801 114
939 116
817 27
649 74
929 75
899 434
780 114
649 424
701 455
889 335
754 425
678 139
931 144
662 185
613 337
563 339
570 444
783 237
546 50
942 327
968 176
988 231
988 304
658 117
832 71
788 266
841 382
524 122
788 49
598 131
871 86
830 269
996 385
564 83
635 484
781 69
952 149
623 130
976 360
834 439
753 429
628 199
741 139
558 154
598 65
973 426
874 42
556 9
744 400
751 202
663 347
800 440
608 452
794 290
552 61
577 375
980 253
797 385
937 377
830 179
953 448
869 272
614 177
531 253
722 154
533 198
647 4
543 331
675 318
816 97
793 9
775 379
922 204
622 86
612 404
864 164
617 55
567 17
543 284
597 459
827 321
778 463
998 103
809 165
615 59
697 111
688 394
805 131
584 374
685 344
929 351
914 286
855 110
709 418
632 20
574 32
965 192
565 221
671 150
945 54
795 55
894 395
587 204
823 151
900 347
604 19
525 56
891 225
922 337
786 106
712 39
810 125
866 263
555 326
554 11
898 305
686 427
877 47
908 28
591 224
922 88
719 336
660 74
994 454
774 325
613 43
909 65
961 22
528 217
551 425
795 446
735 172
877 331
767 233
523 32
847 99
899 9
580 291
793 303
813 286
516 166
641 397
634 418
854 365
524 276
902 494
950 135
781 406
991 441
516 35
590 342
566 299
634 105
507 88
923 248
756 304
810 364
802 106
523 42
660 268
680 477
516 209
757 469
716 136
969 214
535 274
522 3
604 220
563 224
922 336
819 220
950 43
714 204
602 200
807 132
503 286
768 98
503 384
708 142
616 360
522 458
986 210
912 120
919 373
950 330
505 204
948 301
637 413
877 467
598 62
554 461
711 152
943 63
931 128
605 266
542 467
517 240
778 62
827 102
778 274
711 165
565 297
535 326
977 7
774 380
727 60
685 41
756 297
555 43
646 227
998 341
645 117
676 274
642 184
689 386
514 381
821 16
879 375
615 261
926 309
560 28
529 169
953 201
774 300
944 373
797 433
591 143
874 258
573 55
690 109
522 229
953 374
506 148
666 97
852 465
817 385
587 76
504 343
867 49
729 322
852 499
649 6
533 348
780 279
817 239
669 141
527 108
708 350
569 174
665 394
678 124
644 144
969 58
804 90
667 77
832 127
837 14
950 444
688 128
778 151
882 77
587 343
854 497
574 210
623 434
686 444
966 299
564 377
882 76
670 211
895 66
605 275
707 460
821 100
557 344
656 298
683 346
639 176
711 443
856 84
999 184
777 418
648 384
513 17
632 221
934 88
583 213
716 80
650 380
598 161
613 270
569 395
611 288
949 68
900 423
684 224
646 118
909 152
833 481
929 160
634 100
936 333
755 386
775 181
858 409
751 155
992 349
541 72
536 405
748 99
807 194
790 108
726 212
853 167
689 307
815 402
710 174
755 212
860 201
815 114
905 185
977 277
556 404
518 90
702 372
655 80
615 153
919 363
840 453
949 487
546 216
569 410
979 388
984 284
915 490
740 368
858 369
843 200
796 88
578 82
835 11
571 472
779 427
785 297
998 296
595 54
951 235
549 145
854 446
657 352
607 187
643 196
505 462
728 428
836 31
650 182
662 301
904 84
986 81
821 396
994 390
825 221
562 401
852 310
525 203
645 184
601 386
533 347
897 381
870 198
548 88
694 375
856 424
633 262
998 420
902 467
797 221
813 435
621 34
909 343
560 270
750 362
905 328
811 56
708 82
853 235
715 113
914 129
757 210
640 387
980 403
837 376
967 373
861 335
701 338
529 92
922 297
923 415
517 162
866 200
906 235
555 416
723 402
587 287
715 407
787 439
805 129
578 35
736 315
977 197
944 471
842 17
596 271
555 217
579 264
937 368
520 160
572 52
728 441
896 462
904 284
513 231
735 385
531 10
907 236
817 326
786 185
570 457
605 268
805 407
985 380
958 395
581 18
849 232
585 352
923 135
953 91
570 143
555 261
928 363
815 85
506 437
804 224
583 409
952 254
525 462
870 140
842 226
741 372
558 157
632 297
786 269
577 276
685 484
899 351
924 86
621 212
888 248
806 450
585 270
746 499
612 173
780 16
986 8
918 359
740 188
937 456
992 454
752 71
596 247
785 278
884 18
976 319
777 342
942 430
728 20
669 428
888 479
503 279
858 453
529 56
605 320
735 416
707 369
721 165
975 112
527 401
716 33
691 97
967 196
793 110
987 206
894 150
797 9
921 182
798 215
709 234
504 63
963 251
645 441
744 222
915 382
925 447
717 142
855 279
638 401
536 171
517 286
907 305
771 55
702 471
610 34
505 262
822 369
788 230
657 232
617 337
654 444
859 30
811 310
637 348
592 387
547 157
874 431
689 149
737 250
757 469
567 72
552 174
614 423
666 495
874 452
762 233
804 456
547 326
693 392
815 364
621 110
704 372
716 67
612 492
677 61
635 212
996 434
741 336
529 203
665 166
839 347
922 172
754 342
703 481
871 279
610 254
767 119
933 277
582 221
644 402
975 53
998 494
859 424
998 94
517 388
876 171
681 363
539 26
906 146
916 232
744 28
800 366
993 352
585 158
671 242
599 105
538 170
917 372
928 209
635 69
504 420
553 254
513 269
924 385
562 401
647 200
631 3
825 455
574 423
641 53
683 433
988 151
745 42
671 445
911 433
597 471
668 426
839 266
535 477
989 148
910 175
705 140
691 93
728 51
676 235
823 446
881 499
875 180
990 44
804 149
616 302
759 181
608 112
533 195
785 52
669 494
803 282
864 209
623 4
932 401
641 92
921 104
869 110
836 240
617 111
846 494
824 117
638 60
666 460
581 175
901 420
894 398
865 235
661 342
867 44
859 369
559 301
925 468
937 241
743 76
539 246
738 92
766 474
523 10
897 102
798 408
839 211
553 256
672 445
720 211
579 413
541 440
750 377
732 395
672 60
572 235
785 177
564 448
603 232
649 44
851 211
575 456
803 249
528 296
657 350
971 68
803 370
910 144
747 418
894 446
983 101
986 297
918 147
625 439
585 377
654 424
693 96
647 142
835 334
687 349
676 69
896 324
565 204
709 290
779 210
984 312
754 329
527 111
888 347
592 50
614 299
723 49
968 380
970 289
847 334
795 426
791 260
888 421
915 489
736 119
970 264
841 436
612 320
611 161
814 380
782 17
726 259
882 366
588 175
914 141
972 94
582 319
930 146
504 250
719 223
846 41
594 29
906 345
555 341
959 74
618 482
870 289
864 9
797 170
939 476
849 327
569 245
731 193
909 317
516 138
598 290
685 46
899 138
575 289
872 154
773 400
800 177
658 132
708 42
677 137
776 385
815 495
952 268
798 146
913 489
779 313
773 27
818 371
631 398
646 240
870 471
618 192
590 229
921 389
585 238
657 199
763 8
875 459
970 138
718 224
570 419
687 368
733 478
947 82
703 61
798 407
968 219
513 29
949 298
781 118
997 61
759 478
695 223
992 467
844 252
540 65
745 337
812 286
658 95
545 138
913 19
653 287
781 357
580 366
955 6
991 44
673 413
704 113
758 395
525 436
615 3
775 295
766 387
832 388
858 434
864 184
987 67
513 485
650 166
996 87
529 429
875 281
891 311
657 130
615 44
663 4
926 281
722 110
624 132
554 380
780 250
777 437
821 136
892 147
977 9
739 315
742 490
576 32
915 121
538 239
585 367
967 155
589 199
940 375
568 43
685 377
776 38
850 367
653 328
933 232
521 472
849 32
720 450
999 466
655 208
920 291
509 67
892 447
815 353
600 295
997 140
668 140
894 311
619 147
794 161
864 319
859 63
681 126
667 149
782 461
897 326
807 243
919 430
813 10
1000 471
600 103
660 291
749 269
558 430
865 269
796 202
590 433
774 53
665 73
673 15
859 431
708 261
578 59
665 493
1000 463
518 281
559 393
758 466
695 216
774 313
556 489
789 496
926 9
857 453
707 195
547 475
783 430
925 54
593 370
667 454
794 144
566 106
820 272
950 248
523 382
648 472
682 140
737 141
543 221
828 219
966 231
600 158
921 449
849 161
580 261
673 51
572 174
509 134
676 284
784 113
954 499
708 166
930 177
978 493
539 495
762 403
547 146
941 141
575 25
533 479
825 471
531 213
628 363
636 289
880 239
765 314
855 442
695 344
752 274
526 365
743 243
805 435
911 250
569 243
666 234
980 438
947 209
552 88
917 488
572 299
732 111
619 330
542 134
745 383
735 439
887 75
587 319
603 82
685 373
693 298
707 345
911 459
826 183
739 229
784 212
792 101
750 356
967 199
986 16
853 410
764 207
663 285
707 9
740 410
878 351
671 270
863 52
556 77
969 82
825 464
858 159
913 87
681 159
907 349
971 168
648 73
911 198
778 385
571 358
642 399
588 182
942 418
975 283
767 237
666 295
741 399
924 239
868 485
524 317
689 58
993 293
754 35
601 228
859 137
658 407
941 314
523 42
608 182
512 82
955 282
958 216
939 62
831 5
606 231
988 158
949 194
1000 373
553 218
652 379
645 272
501 475
860 338
529 306
758 155
806 488
807 212
633 454
871 327
673 239
561 273
647 406
966 462
872 267
570 473
629 63
662 244
918 13
785 329
901 258
818 285
745 205
819 253
804 49
649 261
639 108
552 369
573 332
924 190
545 159
879 142
687 187
898 78
743 436
619 115
746 480
933 330
722 239
598 498
743 500
695 172
888 145
548 255
654 7
615 259
825 473
556 313
538 190
951 250
947 349
636 412
586 125
575 90
821 208
782 226
582 12
981 491
678 114
724 309
994 260
519 239
637 40
665 344
520 238
837 276
954 56
525 47
544 420
712 234
511 473
949 204
996 500
660 371
524 177
573 248
861 198
757 194
735 380
848 130
730 470
614 174
793 123
781 375
619 338
933 230
585 88
924 399
626 285
678 43
526 21
642 286
789 23
769 469
753 187
816 199
572 76
606 88
620 378
574 274
534 173
791 399
544 417
605 221
588 152
909 167
580 25
786 215
547 45
544 179
622 157
623 62
809 88
573 313
664 347
851 386
604 96
769 272
836 386
713 151
1000 326
511 289
703 20
962 227
937 420
797 400
979 264
954 289
975 278
718 462
721 205
658 223
781 396
686 59
654 355
877 477
630 434
711 145
525 47
765 32
877 37
563 288
845 46
982 88
772 335
519 452
612 463
519 296
545 442
721 474
670 47
986 277
836 107
707 71
754 161
692 433
871 242
743 394
554 22
829 128
804 182
515 5
619 366
596 212
626 318
595 44
818 433
782 134
529 28
696 315
654 120
683 112
604 182
689 101
953 306
906 358
987 115
920 310
981 103
567 227
806 330
777 89
888 80
678 342
823 269
970 261
708 344
880 214
878 155
598 439
798 237
944 73
531 127
823 277
724 310
934 323
815 154
936 496
920 491
517 396
976 100
703 356
598 434
686 159
889 40
952 93
579 64
586 16
965 480
861 377
555 322
682 316
886 383
523 68
879 280
669 203
710 474
782 55
792 6
599 372
600 426
758 224
616 147
744 406
925 73
994 240
772 239
1000 158
725 78
862 304
906 240
501 344
896 490
