989 260
846 17
708 285
753 303
866 234
895 309
836 351
830 73
610 437
952 52
687 419
715 419
974 299
948 174
847 316
813 459
506 182
737 335
752 193
964 152
725 456
543 426
851 441
887 450
646 437
524 32
723 449
912 251
984 355
812 206
583 175
683 138
948 203
975 249
677 214
840 138
710 465
650 355
774 199
897 328
713 364
573 103
817 445
990 77
728 491
564 255
826 103
577 149
527 58
504 79
737 140
514 162
607 95
529 291
798 6
582 443
654 496
773 363
925 15
627 179
813 317
687 241
884 212
921 258
891 26
752 279
837 316
981 420
941 488
772 105
547 163
523 372
626 25
598 137
913 346
904 177
615 283
865 337
607 394
604 359
759 24
515 168
667 256
892 168
837 184
982 476
752 28
614 239
619 283
643 1
892 120
743 379
632 397
837 403
765 209
671 16
787 355
574 102
884 303
526 239
947 25
611 43
609 295
671 282
620 272
516 329
760 470
848 373
935 48
738 151
630 439
760 315
509 282
685 327
698 157
716 481
994 408
828 429
712 424
555 443
792 236
758 308
726 293
945 500
799 301
869 373
695 160
926 203
911 289
852 139
661 421
958 177
812 89
765 410
690 206
854 221
553 369
624 152
665 337
587 110
771 23
673 410
815 297
946 303
647 383
529 415
624 21
581 394
959 367
684 470
884 261
627 4
740 316
916 167
564 477
693 159
739 325
830 217
551 297
818 127
679 312
765 213
606 181
778 119
740 69
949 207
853 397
655 462
508 263
832 262
627 497
961 186
739 68
646 66
578 185
967 449
744 409
508 291
821 170
759 251
869 354
793 197
862 199
780 113
760 243
561 284
954 294
983 234
832 387
521 497
579 295
790 398
538 384
634 253
562 192
961 278
729 89
525 456
757 362
568 220
689 360
514 273
866 448
978 132
934 62
884 64
716 138
725 390
644 173
881 438
775 383
907 247
628 335
627 166
821 365
837 332
516 433
740 311
741 3
677 171
640 304
818 190
543 493
916 487
890 445
897 367
522 217
749 37
724 381
815 144
656 200
519 433
851 494
678 213
927 420
867 142
829 400
743 401
768 160
638 338
603 239
858 295
562 85
731 462
502 35
766 233
752 470
555 29
958 422
618 460
973 390
528 329
702 136
808 282
633 96
999 365
525 127
993 100
722 371
940 290
733 52
836 353
653 320
532 477
660 78
569 411
834 493
810 380
821 105
613 106
724 254
575 429
885 392
685 222
950 111
975 148
552 165
901 469
749 327
762 141
586 55
826 147
868 25
562 414
865 173
977 168
537 34
592 236
852 384
516 395
965 255
859 163
687 167
698 61
889 336
635 23
854 492
591 279
707 207
727 369
933 422
916 173
657 255
775 211
711 439
922 94
929 240
753 163
850 346
877 169
624 490
891 362
574 279
745 257
575 160
696 6
771 55
692 448
748 121
542 82
928 274
565 143
675 251
745 164
1000 111
834 396
950 73
764 269
919 70
573 425
794 256
700 245
826 384
568 24
638 389
993 390
856 108
662 258
557 481
801 3
663 13
796 248
971 478
775 246
516 7
888 404
592 445
667 149
916 160
671 176
894 229
564 8
567 229
502 374
804 21
695 364
963 319
598 316
797 287
794 360
851 305
815 206
652 155
722 88
783 52
525 433
731 106
823 362
970 471
950 155
781 57
760 499
501 23
717 454
972 405
872 321
691 249
897 451
782 456
605 173
724 232
563 274
816 405
757 46
747 244
713 486
562 52
638 321
505 108
884 113
962 17
622 149
999 406
622 225
775 219
592 102
936 3
889 376
531 92
894 321
815 441
939 398
524 178
738 150
715 166
726 480
927 401
747 349
956 298
521 259
997 132
959 210
952 49
892 60
740 399
552 431
952 381
990 193
884 117
504 270
813 65
640 238
504 279
746 381
583 429
992 236
901 372
946 498
593 441
774 274
908 273
698 325
839 449
590 245
816 438
604 367
834 353
982 205
635 155
690 368
516 205
886 111
578 295
860 47
875 30
794 162
786 76
701 449
965 376
692 475
702 75
515 5
889 442
697 91
908 367
560 190
951 208
541 448
670 218
791 78
996 135
853 491
911 39
571 214
503 187
607 303
521 318
590 307
985 428
965 51
546 478
792 375
555 458
552 490
983 494
920 424
563 393
644 134
937 267
893 241
1000 393
956 485
838 467
849 427
990 268
697 30
947 231
596 70
916 425
824 458
627 35
953 77
734 251
966 156
751 456
522 121
558 437
680 365
792 446
691 474
989 221
784 107
637 300
553 214
527 283
699 182
993 426
628 160
682 324
706 397
712 160
984 433
940 30
848 285
916 13
650 297
840 31
668 105
615 446
745 469
506 188
607 318
827 96
814 90
815 340
645 242
588 57
783 219
861 149
860 290
773 312
577 35
835 2
729 475
664 58
581 475
584 466
706 422
896 178
526 246
693 358
791 387
751 379
776 283
681 338
547 187
764 440
946 34
527 203
923 121
887 393
666 168
897 437
801 306
895 224
991 293
827 438
567 24
558 345
536 403
952 190
683 310
617 283
520 432
712 170
695 155
608 39
546 350
691 448
659 276
937 308
898 245
945 339
658 25
682 490
812 429
822 409
902 484
845 136
887 368
708 447
679 477
668 100
926 287
994 230
784 23
892 296
680 133
893 155
750 384
933 470
769 199
746 239
657 448
997 137
981 130
540 13
503 246
975 142
634 125
588 347
981 110
562 362
749 306
553 464
888 144
509 417
650 278
503 5
855 56
508 189
989 343
718 423
680 222
780 70
740 126
954 284
776 276
943 466
590 410
546 246
908 350
839 39
866 302
645 297
893 456
590 447
999 460
572 252
789 383
940 31
779 11
980 126
788 494
528 116
591 182
602 304
835 3
877 81
662 482
841 228
919 222
623 79
892 168
590 33
720 256
867 432
778 393
677 435
688 155
745 489
716 423
719 372
570 490
610 407
714 492
871 360
647 449
834 349
649 325
951 221
943 99
873 428
753 150
825 343
814 477
562 286
685 312
574 180
524 488
757 450
793 358
967 330
803 73
543 455
913 201
726 393
527 272
635 496
794 286
607 9
539 294
690 159
569 398
879 387
913 449
806 142
805 252
911 81
543 262
929 407
806 19
892 499
865 396
560 458
984 141
878 69
928 41
891 245
658 178
977 166
774 287
985 77
503 60
519 29
708 411
887 159
643 424
915 325
622 88
862 319
860 6
873 217
601 16
506 172
689 264
988 263
886 473
947 98
921 493
796 419
802 320
675 301
916 280
772 137
613 190
918 18
577 71
711 283
595 404
811 368
513 123
542 3
594 465
681 98
566 157
638 424
801 63
543 158
585 162
805 367
565 4
786 249
561 96
569 340
829 200
762 435
561 348
599 46
957 138
976 344
769 471
526 326
793 118
876 227
533 57
973 189
559 131
578 225
524 302
862 130
830 126
550 202
831 250
826 33
525 477
505 1
505 54
573 443
842 268
591 146
707 458
714 148
950 4
682 468
730 135
748 52
707 391
558 113
794 451
648 105
987 92
887 137
529 126
700 465
823 178
721 375
527 380
598 388
779 71
603 495
501 316
973 94
982 161
833 274
958 444
981 337
648 179
821 105
725 65
531 145
591 175
835 324
567 416
529 4
829 294
638 40
669 373
583 291
973 94
804 274
509 308
730 113
792 443
566 316
680 71
806 313
892 271
915 8
977 368
881 88
633 269
875 201
891 44
961 390
696 6
571 354
971 165
801 120
653 436
558 122
502 454
697 102
874 76
643 385
501 211
870 159
749 398
792 453
965 104
789 149
838 472
606 173
963 38
616 341
803 428
805 340
719 414
507 296
712 449
820 281
563 353
956 263
675 227
689 259
541 268
988 402
609 84
922 83
554 355
593 151
609 143
568 333
944 400
513 385
917 285
682 25
864 139
997 227
993 78
913 477
944 446
517 280
635 372
555 255
565 170
997 84
956 124
919 436
525 266
538 133
709 108
730 61
859 71
740 341
678 493
995 257
991 218
794 175
784 479
807 156
611 109
966 40
858 189
733 230
770 109
837 458
1000 308
824 234
827 478
639 276
569 52
718 149
509 374
522 320
691 362
991 332
921 267
625 50
674 458
927 310
982 242
530 279
653 182
629 487
897 193
913 418
737 369
943 96
900 99
799 66
901 69
619 383
590 25
799 314
923 171
781 500
627 311
949 106
671 55
696 236
742 110
513 135
928 401
652 247
568 268
973 393
615 412
824 68
996 210
599 218
575 370
698 425
873 34
653 429
579 159
533 273
564 220
659 115
610 235
616 174
962 490
541 364
934 291
959 78
976 156
819 294
758 482
745 241
767 444
620 266
655 170
738 264
985 500
885 64
541 473
723 111
849 160
825 487
674 236
909 465
839 272
630 268
911 31
868 89
539 169
528 193
913 70
998 152
906 476
617 49
904 190
585 132
578 364
770 458
629 118
905 316
884 440
570 373
978 7
932 126
533 412
963 223
546 222
723 336
623 135
505 187
562 280
821 322
883 159
770 444
811 196
548 484
900 84
953 407
749 334
836 429
754 247
545 303
852 379
614 222
808 205
778 493
873 453
927 86
505 338
717 435
790 187
976 10
777 445
767 32
817 283
703 232
673 377
749 106
706 10
981 470
928 298
722 160
587 474
512 287
833 50
664 420
535 128
750 484
907 428
629 385
635 276
505 302
876 20
578 36
672 302
860 189
812 377
764 36
803 184
821 356
550 134
750 180
511 129
645 335
667 353
530 442
635 64
977 390
682 147
808 484
991 70
562 113
623 471
544 326
508 338
840 232
605 494
792 170
638 231
557 198
744 133
516 171
683 352
672 258
508 298
569 362
651 320
706 70
762 75
864 62
955 287
852 87
869 273
510 339
506 33
589 170
604 400
982 8
930 471
1000 339
891 311
821 430
970 13
574 5
992 31
668 381
899 345
739 369
661 274
851 276
876 334
511 204
527 295
927 479
547 117
854 100
572 178
748 181
536 75
698 337
951 406
924 60
620 56
502 149
874 370
558 335
637 4
981 156
554 185
743 324
556 161
958 313
848 389
608 141
758 310
598 213
994 430
917 8
661 341
748 193
582 146
534 251
907 349
961 274
975 166
930 433
565 498
606 254
681 96
930 334
956 322
535 424
941 35
846 27
779 388
527 444
598 289
563 381
768 351
571 463
732 211
750 24
741 412
713 379
655 232
742 424
948 319
650 139
954 404
838 428
541 295
637 438
557 117
764 302
654 482
504 325
913 487
954 299
787 60
780 99
881 138
562 184
827 229
749 327
658 353
549 13
823 160
630 144
768 477
721 88
655 369
802 98
547 214
862 99
813 243
908 400
518 482
934 477
921 295
740 268
580 392
624 213
929 437
759 64
669 282
528 348
927 366
866 404
559 271
664 81
933 431
691 319
962 181
892 293
937 395
692 443
655 275
643 176
903 367
630 160
523 337
676 32
795 52
616 309
894 155
881 250
510 211
614 472
897 169
995 278
686 363
978 42
788 372
527 197
720 342
672 234
774 57
945 138
932 31
753 420
601 295
807 397
843 424
502 48
710 377
838 17
643 162
744 40
782 148
577 4
535 453
644 51
973 232
789 211
798 468
952 139
873 440
703 313
581 49
905 485
601 205
841 167
548 115
876 487
941 51
828 135
694 272
682 142
876 381
663 490
558 130
882 107
901 131
546 253
803 346
960 140
604 455
670 22
722 115
832 438
908 104
966 220
618 324
667 370
588 373
810 312
540 331
934 449
774 339
795 203
859 55
973 60
997 360
709 174
764 143
737 161
667 477
559 435
895 293
989 493
563 489
513 346
922 269
971 39
987 392
566 393
730 421
724 496
574 475
515 497
657 116
631 156
941 151
580 423
972 102
878 55
701 287
962 278
657 230
936 473
954 96
634 102
714 305
781 466
806 196
778 85
926 473
799 499
823 329
924 57
891 411
627 358
831 398
982 92
984 366
872 378
705 495
670 279
852 235
990 9
876 213
593 390
570 139
961 457
715 121
915 326
514 54
654 344
937 116
826 473
922 317
799 282
745 149
893 289
907 62
823 489
840 466
951 313
501 65
846 114
993 297
883 460
747 151
898 330
686 245
987 80
621 227
706 443
903 172
749 368
672 48
838 62
582 20
504 4
838 184
720 451
642 262
523 95
784 295
942 466
810 371
575 210
632 44
917 404
861 366
855 389
570 207
948 244
588 421
544 211
618 297
693 108
826 169
802 164
505 355
658 314
829 307
679 256
591 259
775 229
901 149
988 101
773 172
933 126
899 285
932 270
849 473
537 316
874 170
861 171
680 229
880 340
707 406
603 130
553 241
667 165
926 194
840 303
842 287
860 130
698 327
734 231
658 42
741 499
995 478
648 438
723 232
621 72
859 359
780 315
728 138
902 477
947 340
1000 470
709 447
777 320
895 84
765 132
666 88
922 273
876 123
565 1
885 7
516 325
819 206
777 182
650 363
928 185
937 41
718 402
665 441
650 128
630 275
872 144
727 461
783 213
898 432
917 86
793 491
807 135
936 324
829 213
547 287
513 325
523 54
638 198
834 231
822 114
929 20
949 272
668 78
695 469
641 310
892 437
974 236
969 260
834 372
566 77
999 130
853 454
715 335
557 59
805 53
595 230
806 242
916 338
749 477
977 238
959 73
783 80
738 39
957 450
935 204
972 424
585 408
597 44
528 64
884 127
690 27
987 298
794 356
638 464
593 52
793 81
547 304
694 263
603 86
684 9
868 376
641 409
896 73
830 125
545 461
642 12
743 435
618 425
859 217
852 347
635 178
808 467
716 13
712 145
852 473
928 223
691 425
812 22
539 97
802 135
727 424
792 154
782 141
539 137
945 138
775 485
550 272
936 56
872 437
913 334
644 304
986 209
526 460
568 372
511 48
881 148
890 101
912 13
762 397
593 306
839 376
591 65
505 203
889 193
809 237
684 339
824 24
508 268
531 147
865 320
852 208
943 76
857 68
584 385
614 44
965 34
652 428
621 101
599 192
994 148
902 375
531 173
835 442
508 326
609 1
525 188
982 246
634 375
691 488
845 389
679 297
617 469
643 187
823 279
572 317
560 168
721 458
669 210
675 324
832 56
836 281
597 479
774 6
692 149
632 398
948 217
681 314
978 149
866 415
980 231
633 290
504 364
766 354
551 370
697 356
793 5
873 119
576 193
783 484
932 101
501 52
681 115
911 25
846 422
949 439
608 31
617 163
655 373
922 66
587 482
589 260
809 15
976 240
764 316
843 5
825 30
656 484
621 21
779 67
501 431
923 455
686 459
863 178
656 481
761 216
523 338
986 356
663 288
596 285
761 372
702 320
988 275
568 67
683 495
917 264
543 200
580 443
873 438
899 297
707 100
708 499
992 93
943 111
961 25
738 55
869 203
930 207
941 336
939 475
846 26
641 385
867 269
577 89
942 401
897 64
504 391
716 311
633 339
811 380
722 450
573 134
780 128
882 151
948 45
999 393
570 260
875 60
541 239
508 380
814 75
896 444
994 419
874 129
683 9
933 266
998 206
511 114
623 291
805 37
531 15
855 360
962 218
822 209
934 321
936 49
643 81
981 478
812 117
801 429
944 210
605 143
833 407
607 40
671 310
804 157
966 40
850 97
529 82
726 469
886 192
890 32
501 375
985 46
697 251
619 246
777 253
922 362
610 360
610 126
978 195
797 312
880 182
985 265
712 45
823 455
965 53
782 107
971 277
882 23
841 344
925 40
696 315
940 140
681 311
814 49
535 21
630 169
981 372
818 486
574 57
787 30
669 378
706 295
726 168
845 335
838 240
503 361
569 167
569 404
582 373
570 5
560 162
763 470
898 177
642 341
779 194
763 410
758 355
900 425
596 455
717 456
828 336
942 402
837 375
744 16
843 192
811 68
966 434
780 126
557 69
763 141
674 472
678 38
573 440
706 329
821 144
795 62
925 429
781 373
944 46
785 396
851 486
663 315
771 201
534 484
838 364
547 144
809 67
838 126
914 422
900 327
542 494
715 348
991 230
953 82
816 11
541 39
736 196
564 260
576 267
543 17
791 267
713 231
905 491
536 60
637 356
773 295
697 266
582 49
584 232
573 57
812 174
965 252
668 113
961 221
518 168
607 401
848 252
608 20
525 146
805 251
996 252
831 439
685 158
833 194
901 186
896 492
827 196
834 455
891 51
767 238
942 489
911 26
725 208
738 387
874 281
523 126
563 207
535 84
921 315
764 199
505 410
564 444
524 297
572 374
822 23
575 110
946 371
658 271
566 274
812 258
841 79
559 233
967 359
608 51
611 390
610 223
683 453
961 133
809 394
990 452
511 412
926 141
588 34
909 108
678 380
596 392
831 272
525 273
885 381
893 112
949 392
560 260
677 437
978 346
745 440
669 373
740 342
582 55
930 109
608 362
720 136
528 111
877 342
718 498
739 173
909 304
897 235
860 5
507 459
887 385
700 105
990 169
573 364
644 256
886 433
904 397
938 156
615 10
502 355
647 380
614 365
914 212
644 8
592 196
504 30
763 155
599 263
726 436
895 139
582 322
554 203
567 70
903 380
632 244
657 229
784 186
776 406
620 405
898 133
773 419
558 365
918 373
658 355
952 124
782 339
602 460
660 75
807 500
612 336
856 57
868 359
513 309
577 122
895 208
519 498
774 421
546 423
776 256
613 223
619 461
914 271
629 45
852 230
990 481
971 411
704 148
582 200
911 234
530 404
677 358
504 290
574 489
799 457
629 492
835 471
777 46
614 290
603 133
802 346
835 213
976 361
701 145
703 476
879 327
501 72
786 294
575 167
654 438
612 73
895 181
716 438
904 426
730 460
856 317
983 105
516 132
695 116
840 231
873 478
898 275
681 3
570 36
692 390
546 311
898 412
611 163
818 368
870 73
987 394
837 228
698 330
650 394
816 196
512 178
857 58
748 191
898 177
827 94
793 431
963 8
965 4
1000 362
926 413
864 142
606 81
522 387
515 470
800 427
701 279
815 450
607 109
928 296
954 476
835 464
