818 266
819 429
542 369
660 132
598 317
848 445
752 140
741 344
597 423
992 301
526 403
724 310
904 494
535 37
578 196
944 74
503 424
653 376
940 459
837 156
689 9
749 344
991 489
571 332
615 112
749 441
659 367
680 299
890 1
942 108
648 298
629 324
527 4
765 62
670 484
765 196
950 371
976 175
613 304
893 329
660 359
917 367
890 306
858 220
647 105
529 90
852 334
602 139
501 494
932 8
879 70
843 73
749 262
843 214
676 217
588 449
837 459
963 120
588 48
709 149
736 280
940 371
872 315
907 367
938 156
786 168
514 173
698 140
842 289
534 88
580 357
531 469
918 351
985 302
908 169
714 432
901 476
877 201
998 160
547 310
845 347
602 203
598 110
964 41
647 203
812 250
618 213
926 326
938 297
540 141
582 178
942 500
751 311
650 51
542 453
875 372
682 476
524 46
970 288
827 402
670 398
828 228
609 87
897 451
675 117
850 439
565 497
706 343
932 138
840 34
741 368
696 162
731 376
602 112
908 461
762 423
968 417
721 19
571 325
821 270
679 381
686 158
740 96
916 65
833 62
618 146
582 184
754 49
661 235
656 253
683 491
894 67
964 343
991 97
613 176
926 240
786 83
539 140
504 428
899 225
549 132
987 239
998 187
944 118
587 54
674 77
642 96
584 202
715 435
797 40
564 46
539 484
613 171
977 396
833 497
543 411
966 100
864 348
882 211
617 281
922 326
704 435
691 80
683 496
607 397
778 333
537 147
846 277
772 118
900 332
883 456
951 120
688 314
976 390
521 131
746 210
930 253
939 461
544 386
680 86
937 89
844 267
592 255
968 330
585 48
867 90
847 319
655 147
949 291
734 14
762 430
613 315
805 18
744 80
944 377
674 80
695 308
831 282
862 55
949 131
595 386
644 459
941 185
909 245
969 208
713 172
965 367
935 320
519 82
858 197
621 163
778 419
530 93
709 122
845 174
566 273
862 3
885 209
841 312
800 455
843 406
815 385
687 30
816 382
618 219
997 492
597 192
557 210
879 84
776 407
987 225
914 37
755 364
946 116
576 224
978 475
988 80
618 419
967 68
845 351
831 285
993 295
983 423
799 449
717 238
815 67
724 240
814 400
544 149
607 237
735 257
848 245
834 245
632 147
968 403
753 151
975 198
874 74
941 414
724 195
589 467
619 270
605 105
610 231
937 343
652 289
978 375
814 39
521 84
986 169
828 131
643 348
717 377
908 109
786 4
535 54
744 310
741 32
642 360
723 302
580 267
703 374
856 179
740 186
849 314
739 485
619 293
540 19
842 99
590 162
586 396
622 407
627 259
644 36
573 12
969 433
670 62
627 275
709 347
668 55
612 450
948 305
534 399
507 212
515 248
921 424
907 317
695 149
688 155
652 418
668 490
795 29
591 230
809 243
557 122
634 88
827 368
637 34
700 266
544 215
867 93
895 56
749 131
670 41
864 188
504 252
573 155
887 273
784 282
632 380
911 231
765 6
864 110
899 458
727 473
512 106
562 8
776 248
854 491
693 16
816 482
527 341
533 356
830 189
657 294
883 242
840 299
682 312
751 158
559 123
721 292
850 88
610 132
545 61
537 12
516 22
823 239
834 246
707 145
792 86
966 358
515 274
853 286
942 280
584 117
535 412
546 321
943 132
954 268
812 225
864 495
570 238
695 349
530 499
585 322
802 241
828 64
594 279
955 42
914 324
770 385
939 290
945 239
834 460
899 93
605 400
624 106
803 166
621 496
686 13
926 186
971 41
863 137
883 102
592 363
609 459
990 15
601 64
939 186
911 439
794 283
744 205
756 281
642 7
796 136
687 90
934 453
834 109
940 33
647 191
799 15
507 3
723 321
661 355
854 288
937 72
520 19
758 242
787 354
954 287
727 56
874 211
662 397
715 200
953 324
571 258
633 326
813 187
542 302
503 320
574 325
999 316
811 458
847 373
662 304
809 459
701 399
760 424
602 413
570 276
971 290
813 325
712 369
759 458
696 129
901 445
609 427
755 468
908 344
697 425
622 138
896 405
646 370
581 2
960 406
872 196
840 40
520 39
664 10
577 10
949 61
890 298
970 426
918 300
860 87
807 146
606 6
538 167
827 367
597 66
897 44
895 295
661 439
810 427
693 260
886 164
829 455
690 113
862 306
874 181
627 425
698 258
719 44
992 489
600 277
842 69
567 202
626 147
814 494
630 49
865 467
952 381
808 45
564 397
812 343
502 7
744 219
965 145
803 163
602 313
588 249
620 402
595 496
893 344
965 141
974 74
649 181
532 266
757 484
549 479
933 351
672 387
960 479
942 459
734 310
878 402
879 460
866 73
910 248
590 292
913 404
608 114
847 296
838 31
865 72
781 423
696 161
778 343
610 33
889 149
678 389
689 324
937 67
616 306
550 277
588 145
685 466
526 260
613 451
667 410
595 182
731 486
735 326
519 24
896 281
574 311
515 287
996 402
588 201
543 349
664 169
538 387
889 96
752 6
862 174
760 481
542 298
760 72
650 252
645 59
575 33
651 465
948 377
514 172
837 373
962 289
628 410
552 496
956 271
913 147
770 221
618 258
643 304
693 449
642 395
736 65
816 73
602 251
705 435
851 466
645 148
940 302
962 490
888 422
688 464
761 312
949 46
888 468
591 293
960 458
520 380
842 260
601 241
784 430
702 457
692 271
531 10
968 401
790 456
607 336
916 27
928 302
540 468
983 226
769 352
610 300
530 98
859 423
778 265
981 130
930 455
611 151
677 382
939 397
792 492
614 471
604 244
859 177
911 237
875 61
948 323
704 189
765 26
543 490
822 141
712 255
635 488
985 210
913 162
527 336
686 320
716 322
577 277
855 145
560 332
966 85
777 248
614 69
931 360
531 441
602 171
738 140
713 296
695 426
805 302
906 267
796 350
754 385
751 151
647 280
601 358
863 362
790 317
834 46
886 213
679 120
979 302
805 203
563 450
995 381
600 386
749 9
866 469
926 297
679 5
856 217
614 436
853 492
956 91
997 35
950 313
986 207
846 157
935 396
674 89
739 494
984 312
900 235
631 97
735 293
821 481
994 237
772 13
996 92
503 430
768 427
626 35
664 396
724 141
572 379
868 488
989 251
953 272
815 453
911 218
518 125
918 87
640 116
795 277
788 230
591 108
802 119
590 286
805 245
638 354
826 484
528 6
511 108
624 182
1000 247
878 284
753 380
662 171
810 361
934 373
533 177
854 257
894 111
991 496
615 52
625 484
669 83
650 4
849 267
559 493
584 458
594 332
798 458
638 296
522 271
566 411
747 470
662 412
666 270
911 384
666 458
731 149
813 498
506 380
857 406
550 351
936 72
945 339
887 32
520 308
699 65
624 352
728 63
819 78
535 253
597 133
771 160
829 296
829 62
890 136
711 306
540 72
748 231
837 384
778 289
834 19
710 104
714 333
547 15
539 319
770 254
890 297
845 110
742 205
697 17
817 5
550 279
518 103
653 389
816 32
892 196
925 300
545 360
798 346
786 441
667 269
885 395
874 47
532 440
893 396
578 400
804 30
881 119
975 34
637 387
734 396
519 138
628 307
734 242
813 46
996 274
652 452
784 400
662 413
509 479
508 374
986 253
513 205
922 194
942 366
583 13
904 344
619 223
560 275
769 359
637 480
934 301
624 386
954 72
624 117
973 25
860 133
898 284
982 100
889 150
580 322
992 486
969 113
560 498
778 62
939 53
524 382
927 156
768 197
745 476
599 303
789 171
583 158
682 314
800 470
989 35
810 28
769 205
937 409
658 461
770 324
544 379
650 15
767 310
501 95
826 285
727 157
938 427
868 403
679 195
937 420
777 346
721 129
841 128
627 30
581 2
867 297
764 29
730 468
988 91
565 81
630 293
894 184
910 338
724 498
529 230
660 180
603 286
806 304
935 336
657 477
671 227
770 127
678 271
804 438
857 106
976 442
571 253
515 161
997 316
887 462
702 390
927 448
644 206
878 380
897 323
873 431
617 75
568 110
547 246
664 435
637 79
899 296
889 389
986 248
975 124
503 233
950 262
620 21
693 295
592 130
740 73
831 479
531 383
655 272
517 366
825 149
772 457
524 417
687 163
838 256
704 73
535 112
555 332
681 297
887 303
518 182
839 309
607 41
568 425
901 182
996 87
816 383
581 25
970 418
692 431
770 330
901 261
753 140
645 366
979 339
851 75
956 166
652 361
576 271
558 457
653 282
849 47
608 29
517 49
803 148
697 52
828 68
612 122
805 214
851 243
729 57
935 479
925 254
680 206
517 215
530 205
583 446
739 351
561 109
797 238
968 419
564 33
890 491
791 111
947 247
747 463
787 250
978 152
555 494
753 421
509 423
920 471
649 302
792 378
596 352
917 182
907 355
813 482
877 49
684 447
722 22
773 283
587 160
632 189
686 458
827 252
621 141
568 478
704 45
936 257
553 139
660 293
943 180
705 227
597 76
648 280
998 465
967 378
773 460
704 78
572 324
646 453
664 462
682 107
819 329
758 239
728 420
594 448
850 274
995 106
686 164
888 238
688 25
748 411
947 293
907 254
963 361
649 375
935 399
696 251
825 234
843 442
595 460
896 63
841 495
575 399
859 412
821 341
817 126
698 424
894 353
973 468
858 356
579 74
739 268
858 367
792 28
589 436
628 401
891 117
633 303
731 146
508 442
912 308
695 256
519 103
887 46
688 171
741 255
769 357
571 417
720 111
768 9
674 482
894 491
668 74
869 410
828 121
620 347
966 168
971 483
834 183
644 72
990 290
511 336
945 88
913 30
983 193
535 142
727 420
562 15
918 71
764 98
830 284
544 390
842 363
578 200
807 314
808 349
847 446
662 332
595 318
778 419
756 108
705 429
747 72
743 164
619 72
876 138
546 185
836 218
973 224
574 321
567 97
520 456
657 148
529 93
834 246
641 209
870 146
705 433
767 410
863 194
769 296
946 183
553 226
681 157
932 429
790 385
846 352
768 39
909 428
900 434
830 361
714 146
817 119
530 497
635 65
547 288
559 415
951 282
758 123
951 199
841 247
632 190
667 203
573 6
507 455
922 93
584 89
604 363
788 443
507 296
789 213
708 51
659 40
687 210
873 239
633 258
518 190
843 408
619 354
732 108
536 180
763 326
712 346
564 79
836 432
850 492
987 355
730 102
519 252
892 236
722 470
581 465
829 5
633 115
837 317
782 310
953 269
837 332
979 107
781 119
666 398
808 69
564 239
780 185
603 321
501 237
628 281
781 427
783 80
610 251
803 28
829 232
888 169
580 158
671 353
807 12
945 22
643 455
750 118
909 164
824 79
934 24
729 231
648 1
764 125
645 280
946 8
578 88
920 311
552 396
579 339
952 5
845 362
781 82
516 388
623 156
833 88
523 426
808 149
989 325
807 49
992 345
866 268
591 333
584 300
759 86
909 255
650 321
589 406
956 282
995 409
624 237
724 495
820 386
687 416
568 35
707 148
633 438
834 320
910 208
871 309
830 265
986 131
785 187
922 434
862 271
992 410
695 168
717 500
676 389
518 84
636 173
954 426
849 88
603 143
618 232
765 445
614 82
510 204
712 329
959 135
981 153
648 187
765 39
535 344
734 492
641 488
784 233
829 323
745 255
958 312
617 438
647 312
747 475
816 435
781 468
858 313
670 118
670 143
523 301
757 185
645 35
920 433
720 232
936 88
892 80
683 349
762 410
699 446
894 70
601 388
827 461
705 148
958 378
685 278
735 366
578 376
641 359
538 338
565 31
560 107
578 146
768 41
840 142
944 150
588 393
914 212
702 387
683 155
849 358
933 81
525 261
819 276
946 267
655 102
895 498
542 298
738 460
910 13
610 117
669 32
563 361
874 396
956 87
916 18
533 7
706 285
675 416
933 223
854 328
987 320
595 382
957 210
987 196
963 105
992 494
571 100
806 423
938 131
935 398
982 343
951 84
559 418
938 484
976 263
672 215
582 209
631 155
583 417
989 54
816 160
601 150
952 56
614 374
736 99
634 208
699 185
824 270
895 73
566 225
716 118
565 395
548 475
520 491
897 281
871 389
850 314
681 44
790 245
807 419
778 103
890 281
596 278
588 329
542 267
837 317
596 291
910 413
839 335
705 497
987 139
992 319
647 140
554 332
812 184
857 145
834 208
872 240
831 215
578 138
839 256
608 181
724 484
890 189
559 249
504 189
973 412
607 454
786 485
981 362
829 459
696 118
521 81
718 147
913 68
878 96
567 285
841 388
809 415
647 401
543 47
866 307
697 408
671 65
968 10
775 67
803 382
567 402
719 23
538 476
502 101
848 438
848 4
730 158
776 397
564 493
748 212
690 380
937 83
661 232
816 439
921 117
876 331
962 370
962 82
502 379
799 52
853 353
944 112
760 285
802 23
577 145
901 232
523 384
554 168
695 139
646 16
920 459
701 218
797 303
695 393
540 350
827 429
598 199
880 36
839 52
900 121
800 99
969 99
932 1
534 18
670 249
514 213
708 112
684 36
593 382
833 331
988 275
564 137
672 320
627 77
918 4
993 80
874 399
730 211
573 497
985 219
854 185
780 385
606 233
658 35
567 38
527 377
523 243
671 256
627 221
875 397
538 242
883 441
757 290
663 393
661 260
558 269
830 25
980 22
874 273
650 150
952 174
601 341
955 185
788 182
555 285
979 281
930 155
752 49
955 259
648 168
528 59
869 384
953 110
906 70
573 353
628 335
791 102
729 252
578 313
723 429
866 62
915 11
637 154
928 104
999 322
523 229
875 286
736 188
649 22
774 351
710 240
503 375
768 57
891 32
922 463
797 448
940 171
952 228
583 473
752 464
927 247
625 245
722 258
752 497
696 160
613 213
882 402
995 40
902 403
627 411
586 328
513 349
959 129
807 107
795 447
800 235
623 384
535 259
884 295
691 251
953 275
814 488
632 120
559 402
782 81
906 313
931 203
665 412
825 166
864 243
997 9
779 459
993 458
589 196
795 381
733 164
510 190
569 408
897 18
751 276
602 410
531 7
856 175
702 243
580 157
524 369
662 107
592 122
737 281
505 408
855 286
897 451
719 305
813 286
995 382
943 476
680 214
761 219
792 469
787 312
835 379
791 313
946 461
664 330
969 149
903 441
843 24
691 334
828 265
583 450
590 262
725 62
783 278
616 276
648 396
976 265
594 85
902 300
879 282
603 27
938 479
743 240
977 127
907 88
715 391
606 353
910 105
739 137
775 172
513 491
627 351
734 466
859 25
597 274
747 214
722 34
618 129
600 24
700 245
908 341
511 414
545 21
507 288
569 80
867 346
844 493
919 261
971 105
696 14
537 207
576 56
935 70
981 350
932 335
886 82
649 342
960 422
718 446
559 442
889 336
639 198
590 117
858 62
884 224
548 58
901 241
827 223
641 427
745 31
893 480
789 66
700 10
865 493
659 457
940 232
564 287
703 454
866 421
804 389
776 227
963 436
821 341
596 328
828 381
992 129
952 206
595 463
707 443
717 473
662 283
915 197
680 176
889 424
507 23
839 47
854 345
704 387
872 383
626 228
593 366
817 396
839 356
836 335
804 367
938 446
540 23
927 214
524 445
580 9
589 127
925 130
995 121
757 412
819 288
848 235
830 496
521 372
949 248
914 209
821 232
896 462
626 193
989 35
825 497
798 19
635 177
671 496
863 41
600 261
807 121
730 439
768 172
686 499
811 267
919 287
553 334
883 66
579 56
594 378
844 459
969 314
622 278
836 473
951 57
966 341
751 256
943 126
612 163
756 353
563 463
707 258
534 396
989 381
687 129
888 338
579 340
970 241
761 300
531 311
642 435
517 194
802 32
859 409
710 276
823 98
670 43
578 137
845 446
604 168
506 70
727 341
778 373
536 382
904 171
733 158
704 167
782 434
931 24
557 482
603 308
635 165
507 207
741 273
590 34
779 479
727 412
541 82
832 405
934 137
675 451
621 300
940 15
762 342
746 224
886 101
543 10
988 355
754 409
701 258
883 481
826 388
778 233
589 370
558 444
548 375
793 147
517 419
888 302
701 14
761 43
637 14
588 124
982 248
622 322
506 213
983 315
800 450
951 125
863 70
999 184
968 151
941 435
574 258
976 47
728 234
890 205
814 388
829 416
661 150
733 333
800 352
830 46
655 60
755 22
951 395
760 211
555 158
998 189
710 379
595 260
645 48
893 41
611 167
669 221
531 153
845 217
994 463
641 36
943 373
952 56
855 190
789 145
944 353
793 355
541 375
859 120
881 491
528 192
704 168
769 315
955 345
512 407
705 124
966 136
552 202
655 219
548 229
587 2
675 301
770 419
863 205
835 108
516 127
692 110
663 173
614 49
861 77
952 295
789 419
501 416
932 355
682 290
677 433
961 446
822 49
683 158
616 257
713 13
974 93
980 76
539 346
971 338
960 86
532 264
513 303
909 319
576 449
692 467
862 80
707 356
556 362
808 116
926 483
758 5
707 25
754 221
776 424
819 496
708 5
599 382
947 200
969 186
787 215
765 467
864 57
986 354
797 178
961 112
951 408
744 263
552 423
886 234
657 494
945 235
887 104
856 165
891 41
940 173
867 393
875 407
976 195
822 133
673 285
845 99
636 231
581 115
593 120
538 289
812 123
548 45
946 262
734 44
570 251
680 285
948 312
601 498
639 368
686 120
780 303
721 214
939 47
689 110
597 237
872 360
648 184
673 88
909 6
640 491
650 373
795 214
752 324
614 406
757 357
688 325
549 372
672 87
931 457
910 489
998 321
605 370
737 481
559 421
981 140
535 125
898 260
509 112
717 180
990 81
742 139
940 401
877 58
724 148
989 390
547 285
638 80
820 99
938 101
573 139
907 19
526 346
583 355
680 444
843 318
914 200
848 39
728 153
567 311
633 303
826 83
887 460
799 264
831 92
947 9
885 154
606 336
952 484
891 21
532 485
917 192
771 164
847 242
801 190
919 64
727 407
680 217
663 206
995 262
923 242
787 158
810 217
625 187
965 371
721 366
578 15
