667 146
753 395
868 135
817 402
865 306
720 494
912 363
529 222
610 421
819 222
891 103
524 386
558 305
602 41
593 48
660 37
549 71
540 251
917 30
672 268
501 279
757 471
951 206
722 8
888 127
963 401
743 23
761 281
546 63
618 367
707 31
752 422
845 289
502 106
701 147
744 220
856 353
552 396
508 15
668 491
707 372
908 466
961 240
837 233
837 93
878 113
775 57
724 491
502 335
662 469
578 182
706 63
676 458
521 190
548 16
670 493
647 401
716 239
580 329
887 48
899 63
593 435
880 384
746 451
503 119
792 121
1000 325
999 215
872 10
600 345
849 500
868 125
659 67
726 344
646 121
503 63
591 241
948 275
895 253
883 295
926 224
999 439
582 105
592 372
571 80
677 362
787 137
510 431
576 327
510 298
927 63
967 161
924 491
715 85
917 330
576 103
528 104
899 16
595 405
588 388
674 82
825 346
676 354
668 382
947 2
610 186
627 94
722 168
595 180
686 400
635 20
962 157
818 217
898 435
996 204
848 373
765 48
732 387
615 393
663 62
533 268
835 112
576 32
897 471
787 253
546 86
778 204
923 33
806 92
773 411
619 372
502 328
805 314
854 420
808 161
699 450
554 413
649 491
941 63
688 67
610 98
819 293
643 352
820 183
579 52
516 216
793 52
986 166
511 2
623 334
769 169
674 379
943 331
678 246
652 490
743 291
868 241
888 336
605 296
828 308
595 403
745 157
809 99
680 262
614 309
605 248
865 86
560 383
595 420
683 215
967 427
554 498
746 187
643 325
911 177
907 187
577 307
675 229
524 211
783 379
552 384
992 84
658 438
877 254
747 451
879 205
563 2
928 21
689 265
792 144
995 116
783 205
730 298
830 167
610 107
631 34
540 307
883 406
957 467
607 286
520 103
891 345
895 73
955 77
709 169
821 334
540 118
951 490
883 343
936 188
564 269
783 305
501 438
955 487
762 269
679 307
780 441
566 42
896 130
677 168
847 227
792 106
836 238
553 339
632 325
607 384
884 247
996 102
607 382
715 66
750 209
990 60
775 185
944 176
836 131
851 467
919 92
913 374
615 93
910 357
750 42
531 48
582 427
976 116
960 234
912 437
704 499
703 229
913 36
678 315
885 264
749 353
952 86
818 293
831 141
847 180
991 424
712 206
666 324
613 11
908 121
579 86
760 88
936 283
848 374
823 348
993 128
790 443
585 389
986 140
949 326
873 438
571 270
562 20
548 403
931 426
666 41
632 322
520 127
912 336
914 456
809 29
656 376
884 448
680 379
766 160
769 344
732 82
875 473
814 242
682 268
506 342
947 20
914 418
763 445
593 11
925 206
932 363
664 363
658 423
952 193
820 351
835 264
802 420
723 102
996 266
854 251
714 393
744 261
952 459
739 171
984 447
882 453
750 37
836 112
576 338
762 120
766 62
527 475
838 264
531 412
737 90
756 102
957 158
588 336
505 92
531 470
637 281
746 190
835 26
713 228
988 381
853 351
653 132
663 219
660 277
680 59
967 320
905 397
635 316
852 457
591 141
965 499
705 425
586 374
618 167
951 498
702 292
765 458
679 72
766 498
895 339
532 314
905 319
701 192
978 423
571 60
884 469
517 239
981 224
551 306
854 14
768 1
911 128
783 158
768 296
881 112
547 217
664 170
632 190
515 412
876 302
639 113
503 300
646 113
759 268
532 386
990 188
964 32
583 423
711 146
901 331
910 494
754 451
696 233
595 466
509 464
613 212
907 159
921 175
530 237
663 12
877 35
539 433
571 45
810 232
889 366
995 346
577 154
692 442
888 346
559 253
629 460
737 27
506 457
666 131
624 80
897 312
865 91
694 225
943 447
808 384
548 185
604 260
843 12
819 214
795 465
772 29
867 496
746 416
919 208
538 474
973 430
917 205
842 141
678 302
558 21
621 433
572 280
513 21
826 242
632 388
649 459
619 29
627 80
845 156
902 151
757 76
882 300
737 18
633 398
509 481
937 427
706 101
618 259
897 257
995 456
918 440
824 369
520 140
983 137
987 331
653 42
523 317
995 177
654 99
677 442
689 397
681 160
985 492
698 329
851 302
636 155
680 363
754 159
781 475
969 347
577 187
1000 195
912 156
830 279
982 412
529 487
742 319
987 179
837 365
997 405
710 196
554 412
719 493
612 163
647 348
537 327
503 117
606 155
968 11
637 97
633 379
505 62
524 105
933 401
685 377
684 364
926 200
778 239
652 432
658 99
826 340
710 374
744 148
684 369
861 73
787 24
780 129
851 202
598 257
821 436
734 86
908 432
569 400
507 314
518 437
617 215
821 33
504 351
648 15
505 39
927 461
760 136
838 2
947 332
729 238
608 365
813 452
882 433
684 31
907 179
686 275
902 213
713 410
566 250
510 494
814 404
647 19
654 51
928 158
707 249
916 422
542 159
989 209
643 402
891 161
608 394
642 319
547 287
565 304
792 155
871 263
736 464
841 40
682 347
871 73
848 239
960 255
843 433
917 195
794 356
970 52
730 440
832 60
989 98
843 108
697 381
713 272
825 210
948 118
804 117
969 411
737 494
631 20
551 399
858 193
598 224
696 245
524 181
812 209
584 159
551 465
759 159
639 420
626 357
687 392
656 166
545 259
951 182
977 440
663 463
660 452
764 179
640 496
548 19
652 280
1000 122
685 120
667 256
624 37
671 53
970 296
660 434
811 257
667 423
944 50
633 500
578 412
780 57
899 414
514 292
685 221
912 286
771 270
671 439
925 326
965 157
808 245
812 278
686 431
665 109
993 123
753 420
896 391
937 166
536 457
639 473
838 401
871 389
826 77
577 203
899 331
928 131
555 84
968 250
683 376
576 393
619 211
623 86
661 376
949 198
825 478
739 176
790 410
522 357
539 217
934 430
606 434
533 482
781 17
759 458
626 201
930 331
767 327
541 234
592 345
763 330
738 350
883 276
595 220
505 170
927 248
938 212
833 294
873 298
805 66
775 351
523 454
997 290
931 463
734 439
885 143
983 122
977 487
603 242
698 283
715 193
659 434
762 459
839 407
597 149
781 228
828 198
834 286
695 429
869 353
564 218
832 154
537 203
611 123
872 345
729 226
686 179
889 63
809 114
779 301
999 355
609 443
686 429
957 453
733 252
695 215
765 267
943 221
758 144
597 304
910 441
648 236
723 482
861 181
749 314
619 467
816 88
872 51
517 354
646 141
518 278
879 425
879 264
802 347
971 266
622 380
689 125
542 497
951 207
568 127
858 237
662 496
981 112
627 366
877 290
587 205
738 420
715 179
508 184
928 9
898 8
689 15
911 38
544 478
650 485
635 435
514 469
802 377
692 455
539 295
501 280
974 185
868 234
531 124
704 165
550 201
844 164
853 410
647 163
729 150
686 218
641 262
635 279
755 291
912 215
541 353
534 26
701 308
599 499
937 286
860 332
901 199
980 398
776 415
830 239
891 185
962 154
525 363
789 281
595 306
521 352
878 196
698 63
510 160
816 344
751 207
603 129
735 328
602 349
817 397
635 486
674 464
899 382
512 223
621 392
665 185
852 265
781 231
905 123
547 474
981 189
905 274
511 217
968 45
779 382
983 246
896 464
537 252
697 224
968 102
655 119
680 267
503 115
596 403
682 354
922 99
584 218
522 318
977 126
962 473
991 495
619 94
961 254
878 368
828 408
519 192
639 211
824 310
568 59
811 124
737 194
737 343
875 208
800 465
735 430
872 338
535 138
515 83
816 486
571 244
568 290
959 309
567 68
624 59
722 354
874 259
791 216
812 22
883 362
698 335
540 401
802 177
510 84
960 269
998 69
827 148
617 59
720 248
720 436
512 451
593 442
786 237
542 282
503 218
910 105
995 467
880 230
670 406
607 291
567 46
513 399
742 471
996 87
596 77
872 241
652 481
919 347
627 6
526 11
641 148
969 272
526 412
513 311
756 400
518 44
707 33
701 457
535 171
593 103
932 192
978 10
897 77
702 25
924 400
589 136
793 271
636 414
703 374
931 218
793 2
923 297
558 185
897 500
519 470
964 406
979 429
984 162
677 455
542 132
665 389
599 267
606 320
722 223
950 93
574 218
531 93
979 141
558 113
996 266
670 266
860 338
888 366
763 158
928 255
602 355
942 285
877 455
920 199
913 336
514 84
929 231
676 42
575 374
544 19
737 80
679 140
824 398
554 25
882 121
705 353
920 99
792 485
727 471
799 162
678 412
862 246
791 172
683 183
600 170
951 353
702 351
978 143
520 114
501 451
851 258
526 468
518 418
728 252
637 285
911 343
841 165
775 17
598 307
717 354
906 355
618 139
837 267
599 472
532 159
622 307
658 389
527 126
952 68
862 300
756 334
741 328
819 64
892 250
618 315
529 378
986 64
907 419
642 158
927 239
562 175
882 431
541 27
639 487
646 368
997 259
625 306
869 154
530 18
963 67
542 22
675 494
955 335
778 414
545 79
887 227
704 240
746 339
651 43
811 53
611 180
638 136
628 239
779 497
594 92
707 333
798 496
864 450
975 208
562 153
867 82
688 420
661 19
536 220
673 481
744 283
760 109
749 474
857 208
809 161
626 283
650 313
567 2
519 339
753 338
804 411
805 212
949 360
633 69
501 221
627 490
607 363
875 10
999 220
504 447
566 236
794 46
860 491
514 74
643 215
996 257
600 241
812 259
743 325
770 325
935 390
752 244
986 359
755 423
874 119
831 448
697 207
925 22
562 76
642 193
771 73
881 104
776 330
915 97
653 122
717 66
815 411
811 10
733 116
700 288
963 355
932 339
873 117
589 168
748 454
857 84
702 66
819 358
760 352
858 159
557 3
570 258
986 283
858 173
835 431
516 301
534 5
987 415
922 377
625 105
572 487
550 363
811 286
935 429
632 327
984 484
590 328
984 143
764 48
941 195
703 251
995 106
902 15
829 348
772 178
877 4
905 324
568 406
636 411
961 244
907 58
609 467
926 262
539 344
829 97
982 202
743 404
680 154
534 435
952 320
638 35
672 41
602 339
950 249
640 184
992 9
700 477
996 354
571 363
926 303
685 13
936 305
624 367
714 50
803 278
545 306
845 44
903 429
909 79
581 452
700 302
591 49
553 349
544 218
564 495
774 424
836 287
646 442
808 45
909 483
988 292
720 4
678 335
562 410
978 415
706 54
743 35
846 446
672 327
885 450
593 470
532 162
541 22
732 433
681 55
738 279
992 172
625 114
553 262
748 166
659 150
913 143
700 407
526 33
886 72
892 157
656 289
622 247
746 499
828 356
609 72
549 67
761 318
779 22
982 38
900 458
690 204
986 290
960 480
952 222
843 165
646 187
713 214
528 414
714 352
551 56
938 104
785 497
641 53
841 199
585 437
611 463
976 457
976 262
930 499
668 123
511 376
581 51
602 72
728 99
502 208
629 325
766 122
561 489
563 357
847 386
598 53
568 493
637 361
527 195
814 316
696 257
922 25
764 409
885 292
913 400
821 113
516 211
913 389
643 451
770 496
947 28
771 192
913 173
916 403
757 166
703 79
866 495
749 448
545 310
540 35
903 197
941 239
679 67
929 411
646 267
792 350
603 122
762 472
574 314
624 266
518 419
741 394
898 469
566 366
932 300
770 452
886 418
615 474
577 367
698 226
809 422
638 481
790 323
991 71
805 452
601 198
679 409
526 411
579 457
781 499
668 385
839 174
609 418
801 435
997 246
907 161
911 341
512 239
699 196
513 79
785 71
835 402
537 108
651 306
558 343
512 232
875 446
600 143
970 3
958 226
826 336
770 226
949 349
901 497
536 209
966 32
908 303
696 354
532 230
739 281
614 252
983 200
517 263
610 473
641 483
977 278
787 271
996 121
994 488
825 189
596 478
828 85
532 197
997 260
687 120
698 272
843 403
971 485
904 65
813 84
637 389
608 40
636 447
585 2
760 168
501 264
591 333
616 445
806 318
689 197
761 272
876 453
891 27
571 227
790 296
545 76
740 124
649 73
903 70
622 76
784 264
851 213
700 259
917 416
522 420
999 142
715 93
914 360
591 300
538 361
851 464
804 204
596 45
530 342
934 379
725 311
594 81
954 215
661 332
874 225
846 89
625 479
626 78
972 470
979 9
634 136
709 102
957 455
561 141
866 472
996 60
755 327
548 352
525 463
631 230
565 80
653 330
963 353
758 394
669 292
895 31
988 488
993 266
649 257
853 480
853 336
707 31
521 264
729 396
649 293
876 281
805 188
881 310
783 23
682 143
545 478
624 64
861 83
854 290
768 63
501 261
729 116
993 358
884 306
600 17
778 227
545 378
615 40
576 177
818 4
832 479
777 235
562 490
629 272
776 83
844 348
953 96
519 23
836 30
786 208
799 75
860 223
909 423
501 60
871 302
924 273
684 248
766 87
577 471
984 343
764 484
809 253
591 472
755 366
600 487
742 59
512 63
526 78
918 286
645 164
704 378
953 16
591 227
617 252
792 347
809 281
786 239
907 398
855 430
820 272
928 365
990 417
622 140
872 311
531 493
969 3
758 381
671 443
917 464
628 366
625 163
546 93
625 229
673 66
825 143
863 137
748 497
865 240
677 493
972 447
552 158
900 155
505 162
543 159
755 389
625 327
515 328
860 401
667 103
874 270
826 384
916 227
520 402
645 500
770 481
609 88
764 10
774 147
638 284
566 136
751 377
594 105
506 244
771 137
804 122
976 116
523 127
539 318
717 22
829 24
953 267
671 55
959 50
727 148
596 406
981 235
604 117
602 5
711 213
936 297
912 484
523 177
504 178
995 440
575 356
753 223
515 410
664 495
600 303
985 120
774 185
862 452
945 292
677 230
553 396
513 92
906 339
954 95
752 258
889 203
712 19
990 159
667 292
611 400
646 268
691 221
708 273
518 237
571 244
504 433
824 196
874 6
560 453
984 193
844 46
936 361
931 359
708 136
595 197
779 435
983 107
525 155
935 347
725 173
992 454
755 118
754 51
502 277
947 225
795 212
731 454
998 30
885 228
598 102
512 361
915 87
538 204
794 77
806 486
632 448
830 94
940 238
941 449
880 32
539 222
872 386
863 182
945 310
862 170
788 111
802 293
897 313
983 345
798 485
777 99
589 328
908 465
556 347
951 413
860 497
679 385
823 487
552 429
672 18
906 7
501 260
915 124
565 151
985 384
553 57
641 495
922 59
930 144
623 119
794 52
891 340
665 463
687 410
753 348
935 441
796 314
694 36
601 202
912 192
516 261
537 132
556 430
777 338
823 302
961 439
918 226
996 186
886 438
703 88
503 159
940 450
722 418
577 131
891 410
719 353
755 33
502 249
781 318
756 445
558 248
687 272
881 245
759 421
558 344
720 45
572 396
804 444
996 232
665 31
961 61
620 314
548 25
988 371
821 260
861 282
936 231
907 58
533 308
950 60
516 319
870 474
638 50
828 172
963 245
552 190
555 109
865 292
649 40
934 357
685 409
520 81
689 343
868 185
729 121
577 386
990 435
743 158
908 395
934 108
976 136
652 28
908 422
830 110
607 375
854 451
974 191
517 141
762 179
874 159
565 134
532 160
696 48
750 425
996 378
661 377
753 138
770 3
806 140
797 159
817 73
988 349
694 117
654 110
942 137
586 182
529 50
623 256
520 456
599 309
807 489
987 496
520 219
510 76
686 387
812 219
766 132
947 67
775 450
526 60
963 163
954 133
657 284
679 183
995 135
868 288
790 80
519 361
601 375
991 416
645 491
720 109
806 26
738 206
733 205
893 395
766 406
700 406
718 203
593 290
654 373
861 176
634 296
576 455
536 56
658 181
550 280
936 411
887 306
786 184
698 238
589 235
718 339
878 263
967 346
549 426
794 347
930 386
888 327
920 173
973 358
662 340
785 310
728 171
655 199
699 201
813 339
557 249
738 426
647 129
545 61
681 475
539 67
884 198
577 351
995 365
719 97
791 379
571 359
770 189
801 329
590 460
642 105
649 417
832 140
915 489
769 171
884 186
548 268
670 371
533 303
715 246
977 304
924 359
809 333
550 412
950 241
654 500
836 486
606 202
703 172
944 441
574 312
602 333
603 74
872 71
816 399
962 130
864 23
580 461
775 101
605 488
813 52
1000 303
686 206
642 283
774 349
945 484
830 342
589 238
666 148
625 429
874 270
609 419
873 56
816 257
692 300
699 411
989 71
908 114
997 430
937 11
770 214
529 487
780 391
653 222
860 305
595 305
628 11
968 253
987 471
782 119
625 458
645 160
563 86
935 35
980 422
512 329
919 203
653 249
604 319
672 312
972 252
532 295
764 467
1000 273
672 280
672 264
510 500
783 226
978 392
684 326
745 365
931 266
604 372
765 35
950 104
675 465
815 385
557 465
622 9
510 469
952 427
898 211
725 445
814 453
941 367
835 258
538 265
767 305
912 76
675 406
565 90
767 487
701 280
688 166
537 372
510 158
673 373
995 438
528 451
639 272
627 410
557 293
988 372
871 182
791 290
807 79
665 171
761 461
859 312
513 140
953 337
669 491
501 137
934 430
919 173
731 37
558 254
844 24
694 274
984 428
722 479
694 323
697 160
894 408
794 191
778 439
909 384
553 319
714 17
700 472
565 210
1000 471
747 342
572 337
981 320
793 370
737 104
532 163
957 159
751 499
768 5
634 79
746 217
528 207
955 64
545 7
857 425
705 341
649 388
663 417
967 496
875 35
650 343
600 280
853 97
725 461
893 137
968 368
554 165
556 22
704 236
643 343
987 83
857 332
622 236
943 318
755 384
929 385
918 180
823 42
784 226
587 425
907 115
510 347
886 75
845 121
839 470
730 415
585 63
809 326
710 245
632 315
874 282
602 444
903 274
897 77
611 180
542 224
699 143
952 218
608 384
784 67
945 301
573 387
749 485
507 453
845 280
763 140
603 137
604 416
694 208
561 463
975 280
882 279
708 426
565 111
950 404
677 387
579 149
831 224
570 40
953 150
745 357
713 445
730 114
623 45
796 202
967 258
863 143
590 321
507 410
570 120
