782 27
653 133
781 82
776 170
662 91
782 496
681 146
600 263
798 376
645 107
785 22
658 119
761 450
631 272
914 381
953 299
889 85
641 185
727 179
641 309
912 466
996 54
687 78
626 109
907 161
638 420
600 265
970 371
591 152
890 76
840 252
638 323
864 5
544 39
911 300
836 233
580 143
678 135
558 164
601 416
667 99
716 169
694 418
700 477
922 120
534 211
830 251
780 285
916 443
504 350
971 481
550 315
679 415
614 421
985 45
962 209
541 300
921 34
820 18
852 451
777 158
643 406
580 56
537 351
537 175
522 280
541 56
919 292
900 48
594 198
597 213
550 219
928 342
812 445
680 161
932 488
865 183
681 211
980 296
814 182
542 264
884 58
610 451
918 465
964 22
544 296
646 67
791 337
741 263
525 392
994 429
994 295
557 19
622 486
845 353
637 219
715 113
853 351
958 19
501 176
927 458
808 40
601 67
637 264
929 411
937 466
999 16
750 229
955 321
501 374
556 106
802 457
961 260
782 104
827 246
825 483
919 301
968 362
849 211
940 371
924 8
763 299
889 413
932 426
551 110
822 458
550 288
603 481
948 17
915 21
625 354
830 31
644 324
522 326
502 286
871 386
544 482
509 224
809 45
644 56
799 325
762 296
793 124
982 390
935 439
712 221
666 206
941 360
956 216
875 147
508 138
789 47
738 376
896 30
902 64
858 458
658 122
715 175
503 266
830 177
757 287
874 498
564 341
593 175
519 11
556 418
563 415
930 433
980 264
872 484
958 332
597 451
597 148
773 137
988 126
802 53
605 449
549 23
797 480
780 76
751 129
864 499
751 32
858 58
839 437
521 426
804 217
511 414
599 350
571 262
530 405
727 104
899 156
969 493
955 141
585 417
921 249
759 39
780 352
957 62
978 237
595 312
529 34
702 431
602 300
630 108
589 209
520 272
549 316
709 86
939 270
869 431
833 25
575 53
833 392
519 276
549 257
857 361
684 196
954 496
834 457
803 438
695 102
720 495
936 483
933 177
783 119
633 315
788 498
933 135
948 323
920 52
892 302
932 288
888 288
757 345
528 223
517 343
983 144
986 41
610 260
792 481
562 194
764 497
619 387
782 468
945 468
825 326
801 235
559 121
893 311
792 201
946 346
644 113
671 348
911 298
605 99
716 191
958 203
812 275
602 260
603 257
699 432
849 134
574 321
528 332
581 332
625 254
647 2
777 122
774 55
545 156
964 9
778 91
955 178
767 393
768 378
933 28
515 372
640 317
752 394
671 130
523 106
757 321
592 497
782 198
536 374
837 464
592 461
994 11
887 255
729 11
810 418
582 100
959 275
622 208
906 76
540 2
562 321
829 20
780 62
965 451
929 270
821 1
815 112
867 145
510 459
517 260
518 493
720 475
934 398
558 332
536 102
501 65
574 451
717 11
541 260
904 179
769 276
683 200
842 191
537 295
982 31
888 147
867 103
925 377
928 228
591 32
760 446
652 432
928 385
848 363
693 416
856 146
521 57
576 138
638 475
508 118
774 40
920 181
833 334
818 389
682 351
647 336
812 84
712 147
659 104
578 447
650 184
912 471
822 350
993 111
849 203
611 50
592 84
944 369
560 354
934 116
557 384
555 455
792 376
578 389
775 310
947 215
748 435
848 195
551 254
509 38
521 411
620 291
940 76
562 13
713 6
897 172
825 221
844 379
880 330
685 105
567 338
716 370
990 418
967 470
756 129
541 172
862 372
848 194
782 388
636 497
825 344
829 275
678 17
601 76
589 499
825 80
979 224
855 273
790 366
981 377
767 242
843 33
971 214
502 56
591 13
801 475
813 317
605 110
520 344
638 300
644 338
926 405
999 468
823 153
944 285
906 432
520 210
915 44
692 77
551 488
859 257
980 287
781 448
863 186
856 220
700 140
524 176
908 470
737 73
681 293
820 266
781 307
533 241
532 390
764 34
923 348
788 67
655 96
574 53
865 13
819 19
525 336
1000 283
623 304
759 209
614 110
514 439
623 127
797 194
750 342
625 55
839 124
682 410
748 286
615 206
890 3
934 92
553 23
522 182
892 454
967 151
653 409
859 17
760 10
906 243
975 177
791 237
584 240
594 182
550 114
647 420
572 130
805 69
681 152
873 235
790 405
927 44
625 375
753 265
909 408
734 391
930 331
999 340
679 260
783 97
513 229
818 256
958 170
502 371
916 238
924 336
638 370
843 19
714 191
874 58
541 405
990 397
594 478
939 191
756 185
536 274
932 95
731 238
605 340
926 276
726 120
830 444
754 246
749 16
525 431
798 146
788 285
961 95
549 119
900 381
724 242
605 400
748 28
852 310
728 483
784 400
760 134
505 403
954 326
552 8
994 500
788 339
681 7
581 164
912 82
545 427
690 454
851 330
755 389
994 290
575 453
739 216
722 108
871 435
954 172
831 426
548 337
789 309
688 402
792 245
610 423
996 23
933 178
836 472
574 146
924 493
756 165
740 336
837 120
923 288
689 112
580 93
972 54
999 198
629 454
766 5
995 138
651 255
919 323
800 68
713 449
737 93
618 338
745 77
598 228
662 451
675 467
760 42
614 225
669 220
619 472
599 301
766 57
620 157
676 304
904 435
961 305
841 207
990 281
634 95
907 415
953 482
948 269
989 62
751 15
571 364
560 47
539 108
713 92
620 343
971 311
737 105
673 244
526 143
941 256
970 392
764 21
669 340
900 370
940 426
800 279
695 191
935 258
501 82
799 213
557 212
987 200
754 15
684 407
790 122
929 316
505 434
827 85
831 3
866 378
730 484
911 244
509 269
652 243
509 350
732 260
721 169
998 163
549 170
996 41
690 258
808 111
746 497
784 485
816 269
581 339
870 140
580 219
771 212
783 50
588 134
996 85
755 102
622 492
844 383
501 302
902 65
783 398
757 186
665 358
521 475
893 208
722 412
626 232
830 477
989 447
643 252
733 142
701 243
680 202
848 199
572 33
745 176
932 135
807 368
977 190
912 281
920 171
704 439
972 274
635 109
928 269
709 355
963 323
806 288
828 393
850 265
978 22
890 277
924 144
964 233
747 383
944 241
665 19
596 454
612 106
581 417
823 452
916 36
905 319
859 236
700 214
830 381
631 475
843 153
668 471
685 229
762 288
595 192
739 301
846 173
843 303
840 181
542 4
867 205
917 461
664 396
554 156
720 218
931 373
562 402
850 408
591 103
924 78
686 70
649 283
954 138
884 128
875 231
926 149
762 138
681 257
508 211
861 340
804 170
953 67
699 62
831 411
887 65
879 226
547 408
802 162
788 109
944 359
940 310
855 440
914 400
601 486
953 185
585 257
751 199
508 71
877 212
995 469
516 313
977 295
760 2
763 399
597 243
720 372
867 176
509 279
552 121
823 234
994 278
853 111
533 32
933 207
876 486
526 380
707 434
535 268
544 273
669 231
708 321
632 369
962 310
607 178
809 237
629 404
913 376
502 348
935 92
905 274
811 439
822 398
719 77
556 88
925 388
698 302
532 354
575 314
597 277
994 374
615 356
952 228
963 9
856 68
792 85
749 435
931 454
913 25
731 313
882 249
657 59
824 314
988 143
870 336
769 105
650 49
880 353
796 445
687 202
555 192
860 369
935 387
936 349
844 115
804 403
623 247
680 498
983 223
768 449
503 408
551 452
831 9
774 12
571 135
701 368
606 390
789 273
712 356
956 481
835 125
705 446
949 164
900 315
672 74
552 455
721 40
850 72
703 270
903 377
918 380
994 452
570 182
673 340
960 321
927 195
896 330
733 126
727 246
919 278
945 129
743 75
520 77
705 332
981 201
958 136
686 247
899 193
593 128
708 418
865 129
878 14
924 488
983 335
946 50
584 340
982 186
883 475
606 118
596 259
965 499
882 360
680 328
638 290
911 17
514 108
904 265
530 127
677 366
825 226
714 79
977 7
796 115
752 208
857 337
615 64
747 388
503 495
965 25
915 180
751 436
676 50
873 413
862 20
816 306
606 319
775 70
543 344
575 30
625 448
988 449
595 360
603 18
717 32
936 349
544 261
959 140
946 12
859 438
803 14
988 17
544 13
561 310
838 140
958 197
603 365
901 227
602 140
931 300
888 473
567 175
927 23
993 390
633 158
505 22
850 417
645 106
887 24
928 112
759 275
832 293
934 398
917 473
914 169
504 407
922 205
643 63
706 103
816 16
906 171
531 7
610 5
807 258
695 322
777 103
551 282
917 330
978 476
664 494
551 482
653 473
501 33
701 426
603 206
522 370
890 20
915 377
700 254
952 124
864 332
688 385
697 497
971 472
989 310
523 307
788 259
972 343
764 300
884 386
684 81
965 450
772 325
738 441
923 423
535 247
569 101
963 356
560 23
828 402
658 290
975 432
914 252
509 146
918 148
836 201
865 377
699 208
627 162
669 308
926 90
564 108
966 394
762 275
712 370
756 35
996 277
612 467
600 343
666 498
522 255
996 57
524 383
794 473
696 415
739 135
924 293
628 7
849 158
944 367
571 309
683 289
801 443
983 356
668 1
993 303
975 298
618 456
721 190
958 475
808 28
857 228
507 330
937 392
937 161
938 93
573 95
738 378
762 1
766 371
772 444
907 189
674 132
552 490
537 323
657 150
642 364
838 263
641 348
565 485
832 488
624 373
582 103
860 226
753 26
981 445
899 434
517 466
777 304
623 187
511 183
990 275
769 264
804 16
593 409
683 427
940 238
982 127
768 167
599 201
508 120
815 407
820 217
634 122
717 338
758 15
704 92
832 323
770 201
828 289
807 453
829 101
868 134
636 313
558 444
805 115
965 52
551 444
971 233
810 325
720 317
514 241
548 266
770 241
814 290
748 473
537 203
576 46
650 285
516 59
728 347
830 180
665 134
904 205
589 288
651 427
558 309
625 345
750 470
979 108
913 451
564 387
745 487
839 280
682 152
816 95
866 26
836 500
948 295
649 291
935 22
831 76
715 79
655 113
981 65
634 466
850 8
757 225
864 359
768 121
1000 7
966 500
503 460
571 237
528 238
855 291
655 132
655 289
885 247
841 388
507 485
777 94
559 240
670 210
594 66
729 169
911 175
645 131
682 389
897 130
782 343
690 431
627 168
716 217
813 33
860 286
701 167
539 212
903 392
918 481
677 42
898 164
677 439
699 366
858 18
961 115
727 492
986 226
822 79
587 210
995 435
645 230
811 229
857 295
885 27
656 242
833 389
952 331
600 176
746 149
909 424
609 84
715 190
869 451
975 207
693 121
623 243
502 440
637 159
699 94
893 56
829 286
897 232
540 492
812 327
835 29
767 223
817 298
616 37
769 55
874 450
949 205
684 424
508 110
936 86
689 229
746 437
551 414
782 238
539 376
724 391
852 207
505 448
631 464
874 499
564 363
546 237
677 192
911 302
775 287
705 153
525 306
826 2
920 238
831 229
574 285
540 159
561 19
570 497
655 461
797 105
696 201
923 410
707 136
868 468
993 344
846 225
776 335
772 117
763 164
580 217
660 261
994 291
977 344
657 87
548 347
665 63
805 110
718 78
945 499
714 268
857 417
787 369
502 326
812 249
588 485
630 171
946 26
617 125
683 482
863 221
604 102
572 480
681 152
694 455
768 253
719 300
695 344
734 426
728 145
637 197
531 77
838 263
755 78
599 54
600 383
843 393
584 50
942 227
863 275
641 205
961 339
733 454
969 9
971 368
542 415
829 450
920 62
724 210
586 242
521 392
830 351
957 214
840 167
924 246
520 39
853 408
894 385
555 463
685 282
726 395
950 482
626 471
638 453
931 303
647 452
771 385
635 165
541 43
656 131
873 397
763 89
501 481
899 127
838 387
645 24
561 112
916 286
653 431
922 374
725 456
674 280
761 382
544 277
858 496
651 196
642 284
638 194
548 72
908 148
811 450
715 445
891 484
723 385
918 75
556 21
902 339
866 131
807 146
981 309
785 175
984 178
950 209
649 144
942 66
641 240
528 245
847 176
610 236
713 423
698 99
620 192
846 405
780 62
593 214
510 370
523 437
798 407
795 157
817 490
668 47
590 157
790 489
864 64
599 68
693 211
625 439
800 363
979 368
778 48
836 455
752 79
516 24
816 448
940 88
970 31
719 314
845 409
961 37
886 89
765 5
844 413
502 381
823 168
730 395
791 156
593 205
533 27
573 418
941 129
811 350
824 193
786 267
965 289
834 4
928 288
887 343
504 459
562 233
774 341
835 457
738 83
658 136
899 211
852 218
610 275
993 422
770 97
855 453
624 37
864 314
708 385
770 478
702 240
857 195
830 298
869 135
617 66
678 164
735 294
806 149
977 54
565 126
671 433
757 310
611 247
820 359
625 73
635 20
808 200
684 271
666 454
818 40
648 246
571 216
602 310
546 109
824 205
542 244
901 449
613 378
625 160
667 324
560 159
873 210
570 421
858 12
727 496
862 111
763 190
980 343
909 217
590 283
594 124
659 134
561 383
753 279
567 101
584 184
856 298
830 223
649 336
570 31
753 77
585 336
692 223
611 56
506 187
855 427
677 84
733 159
939 173
964 21
632 14
635 497
999 439
881 381
940 281
994 2
567 87
900 129
538 199
907 2
655 363
711 282
595 440
922 245
600 297
859 284
600 245
722 81
869 191
542 479
586 402
936 247
967 230
883 26
976 17
663 424
779 486
737 461
692 282
646 212
600 340
652 381
502 410
706 134
953 337
733 330
948 346
705 34
692 402
696 182
947 207
902 304
902 153
628 118
804 129
604 199
917 330
505 372
994 243
870 153
943 497
659 187
883 247
532 125
697 41
922 301
892 152
723 73
523 161
586 133
991 304
597 448
861 491
570 430
503 65
875 312
875 402
672 355
721 77
852 328
559 359
764 90
724 259
665 355
811 48
692 109
669 29
721 57
736 100
513 254
657 428
748 12
577 71
888 184
949 467
840 174
988 125
996 28
958 292
981 320
802 170
627 159
984 111
719 251
937 452
934 28
733 15
865 262
837 221
843 499
868 249
858 250
618 99
735 396
972 362
540 259
882 441
787 343
782 67
907 415
979 202
614 269
652 21
670 243
535 273
546 109
979 231
1000 46
935 187
853 252
611 250
736 31
816 139
603 329
538 399
634 317
521 440
798 300
690 482
764 304
816 343
724 365
811 499
802 166
967 112
591 174
532 444
678 389
662 70
906 71
761 355
972 277
525 362
687 248
966 331
898 36
639 262
979 284
870 320
731 291
873 266
830 246
853 379
602 223
535 153
790 128
550 97
823 437
875 159
741 352
742 315
620 341
873 369
965 308
835 468
679 19
696 364
874 287
866 150
930 29
706 428
876 225
844 279
527 427
696 146
667 472
588 312
720 97
713 87
910 255
748 276
765 237
912 63
842 220
542 472
869 358
750 299
650 84
691 29
581 286
791 424
528 145
750 143
620 198
631 112
520 438
925 255
721 236
641 466
689 72
555 85
800 347
715 222
607 200
746 94
722 79
947 207
901 130
641 240
667 257
541 244
753 454
940 225
970 332
855 59
853 483
727 1
577 110
826 271
613 181
771 31
517 299
933 454
644 49
751 416
780 309
659 171
990 95
737 304
811 22
739 127
946 387
736 213
875 477
676 236
516 136
908 275
691 2
661 474
989 273
606 82
717 53
967 57
601 462
884 136
985 177
654 25
567 165
887 62
785 292
990 6
722 420
576 222
911 294
988 323
984 38
724 176
526 73
950 391
969 3
795 44
805 496
859 307
703 111
897 167
624 397
538 482
759 472
720 99
652 252
516 500
670 202
859 146
904 389
663 157
786 3
732 143
622 384
884 65
759 235
630 188
976 185
987 10
947 412
593 394
866 328
562 436
618 73
896 395
532 211
925 443
685 79
615 423
828 345
741 115
622 39
850 358
860 88
765 427
940 76
685 388
763 403
895 354
775 308
847 269
594 33
776 190
628 10
550 98
779 261
574 22
732 172
981 48
505 57
971 232
523 469
566 82
508 76
823 205
987 241
514 253
706 261
736 381
564 390
908 289
628 328
578 63
864 270
522 301
700 360
778 192
911 95
832 251
681 434
783 164
620 273
587 355
564 336
759 282
526 416
540 249
593 414
587 300
532 485
952 348
516 258
666 10
844 189
921 100
920 286
682 368
829 37
979 11
569 399
945 90
844 101
526 281
637 40
680 301
580 464
671 118
520 255
770 256
887 14
593 258
589 228
579 35
768 313
706 454
996 105
783 373
518 29
961 118
685 476
716 47
912 447
576 498
638 375
722 239
508 145
816 228
816 314
534 101
886 136
891 226
874 52
666 474
719 416
586 153
509 278
577 43
805 473
972 488
540 471
838 495
950 250
542 124
897 240
822 370
722 59
922 30
645 92
950 133
501 239
776 329
812 49
765 344
675 103
900 214
682 174
843 207
625 173
641 382
674 4
638 487
683 414
595 391
842 344
677 135
702 212
565 164
621 311
534 105
528 199
532 321
779 262
621 55
937 367
772 369
964 329
642 271
885 252
508 75
999 278
827 229
798 236
958 81
935 434
653 284
588 443
627 383
645 291
822 257
717 48
956 45
840 93
643 19
811 476
892 291
846 166
617 415
799 461
706 282
771 304
920 294
855 389
649 157
930 402
749 481
601 218
926 419
555 128
501 46
773 101
712 275
748 409
811 102
736 406
515 48
773 230
632 474
799 246
770 399
736 251
662 204
989 415
866 394
506 205
594 349
712 186
801 106
714 131
937 381
527 189
532 52
684 169
889 177
614 158
719 187
614 7
505 475
644 280
704 277
573 55
785 382
888 379
776 397
891 27
847 276
597 151
506 34
635 310
919 429
772 96
501 367
517 383
683 104
614 98
672 196
956 294
980 318
768 442
884 356
635 162
632 174
554 236
952 21
548 13
967 327
988 107
792 432
845 117
565 393
587 395
610 167
609 304
886 459
809 241
884 390
901 180
602 24
988 490
683 258
600 414
982 479
942 139
674 111
960 427
537 175
553 159
864 327
821 7
663 343
724 240
756 485
954 439
614 307
