594 250
807 122
637 380
922 162
812 257
765 38
778 452
594 10
722 332
786 111
940 82
894 37
739 3
545 139
520 401
953 292
603 327
756 55
682 66
772 257
768 158
632 38
897 318
697 31
899 459
685 282
772 243
787 345
805 109
886 56
884 182
792 209
886 458
765 459
983 449
682 408
548 128
683 483
968 45
781 363
990 442
771 477
907 485
790 11
902 298
653 81
581 203
792 482
978 114
985 421
756 338
792 438
519 420
987 412
953 118
782 56
532 386
795 237
834 478
919 375
552 193
579 62
927 134
574 164
794 108
818 247
916 365
802 114
641 244
950 283
996 381
607 264
824 213
962 278
572 375
880 280
593 79
703 398
778 366
863 331
862 457
911 210
725 101
874 304
570 171
996 492
753 130
850 11
866 134
644 159
677 313
642 460
827 396
746 304
811 71
535 139
751 199
590 189
511 116
950 488
618 341
837 312
794 393
952 205
746 86
768 482
694 212
795 241
686 469
940 259
597 459
653 458
868 437
675 420
609 248
798 97
623 281
820 182
726 55
681 500
554 90
724 474
796 326
922 252
953 357
628 417
640 203
617 162
506 379
780 311
581 209
651 105
915 338
836 421
921 120
804 67
840 448
732 168
573 88
725 433
725 18
732 360
631 75
737 355
1000 397
584 209
975 276
685 101
781 69
991 183
525 294
692 426
701 112
711 392
575 114
982 117
953 132
672 97
885 484
685 488
707 41
951 76
671 63
742 250
506 323
780 188
531 483
830 29
506 429
751 391
917 328
620 179
638 269
861 400
518 76
665 414
877 199
783 248
776 410
695 82
684 32
539 287
850 218
899 450
854 229
956 175
861 192
541 399
757 30
557 351
610 395
614 113
838 343
731 348
630 109
833 406
798 296
767 420
901 356
916 288
572 419
727 26
909 111
577 352
893 101
835 11
966 276
619 194
540 358
919 105
867 461
772 132
661 314
734 100
502 365
529 469
882 50
588 95
857 220
670 78
900 352
978 361
870 41
988 456
703 492
827 90
716 134
934 39
692 377
664 364
556 121
861 248
832 118
750 70
542 154
987 108
684 213
585 433
752 151
883 233
605 118
566 92
697 176
671 462
936 476
524 406
747 157
841 377
599 347
678 283
854 435
938 86
767 334
730 241
735 264
639 323
918 487
895 185
517 268
885 472
845 392
831 74
859 117
879 290
770 351
653 233
654 75
609 224
729 176
517 232
867 44
987 236
506 443
708 273
957 56
633 333
599 68
608 196
592 369
864 45
931 462
539 491
904 191
590 426
561 473
848 224
584 106
702 173
767 309
847 401
975 472
589 404
739 419
671 2
748 196
883 465
982 294
623 59
858 17
670 86
535 300
618 35
696 123
509 317
545 397
740 59
805 251
659 312
843 150
965 74
949 46
862 440
799 6
846 144
850 364
520 447
696 207
916 84
621 444
807 185
541 373
693 367
536 123
821 474
856 14
555 73
822 476
848 131
890 147
663 69
697 419
725 85
681 493
817 455
762 292
913 33
685 349
735 32
892 227
826 223
626 141
978 192
508 199
653 313
761 48
1000 3
677 241
741 328
690 18
594 63
776 136
695 74
684 275
553 158
820 393
911 305
746 232
807 453
566 343
788 86
727 446
509 464
669 398
895 52
787 421
716 118
661 313
860 404
831 382
648 244
994 415
873 33
810 426
865 290
708 100
729 481
550 258
679 291
937 18
953 465
728 265
957 315
774 277
545 486
954 337
829 9
552 134
969 149
976 255
523 30
986 471
538 133
950 467
642 145
973 446
759 317
805 169
686 500
784 395
893 205
747 458
967 384
681 31
543 346
678 111
736 448
744 83
759 174
834 446
792 364
712 51
833 343
521 61
984 433
926 386
716 162
936 69
608 303
841 85
562 342
990 86
931 71
549 12
641 173
988 157
644 53
757 349
660 273
963 382
796 8
668 105
590 142
829 198
793 146
944 367
968 206
915 243
817 333
615 78
923 450
789 1
818 95
967 342
683 219
877 259
996 95
545 354
867 216
857 295
705 471
638 235
780 51
817 100
746 440
948 127
528 373
796 187
962 399
543 358
959 475
736 190
926 410
672 20
532 479
876 389
717 100
931 425
892 403
953 2
900 117
993 462
924 390
798 126
725 475
840 286
960 131
687 156
941 372
631 148
943 345
943 274
960 498
771 321
938 325
579 381
621 195
623 193
627 27
951 491
884 79
944 172
869 374
809 17
819 488
996 458
967 24
841 302
599 467
683 39
769 377
807 47
612 390
892 237
825 103
885 315
901 461
518 72
552 227
879 235
832 493
850 163
678 352
986 14
660 369
753 461
936 373
928 131
803 242
810 450
943 192
952 271
627 305
953 151
860 331
1000 378
965 261
647 434
950 299
538 90
807 26
802 313
907 57
933 192
544 349
780 37
965 259
939 451
674 399
502 3
593 195
924 133
861 383
858 286
709 330
696 206
637 271
668 315
851 379
805 260
549 386
819 378
831 335
816 406
507 50
745 409
1000 220
964 440
983 390
983 165
741 184
864 107
633 238
985 101
910 184
972 209
592 339
680 24
751 145
513 218
870 396
927 89
567 192
959 146
743 249
554 132
519 222
936 469
656 399
523 422
581 478
993 490
884 136
860 211
862 385
775 402
585 66
657 73
803 56
950 298
644 167
836 59
520 436
978 211
759 188
582 284
831 423
613 16
696 20
578 86
503 120
596 483
889 163
790 74
547 191
738 275
708 327
965 314
861 412
794 31
723 343
605 156
846 483
608 31
941 181
768 223
991 431
645 57
927 488
888 201
582 497
838 420
794 254
505 417
744 419
789 24
842 455
819 351
634 441
584 316
638 391
836 394
851 455
857 142
605 306
840 340
732 209
640 491
996 452
593 198
906 165
828 356
929 92
866 78
761 97
922 44
801 117
737 287
956 249
922 299
579 197
948 317
846 11
688 465
893 5
519 358
552 147
803 498
659 387
986 351
753 5
853 349
559 171
758 188
903 387
870 133
950 490
691 263
663 351
912 353
818 310
615 407
753 187
793 69
821 443
508 126
763 462
828 428
544 440
990 389
640 268
624 127
820 329
892 175
542 13
680 288
685 398
677 298
571 350
563 84
872 185
888 228
564 326
548 149
615 395
602 321
680 60
640 150
741 55
662 55
674 83
660 275
839 373
904 153
594 117
868 126
913 323
966 220
968 429
795 185
565 433
695 204
808 473
796 98
764 375
688 395
504 273
771 27
749 297
814 291
843 375
922 188
674 449
717 210
634 339
768 370
552 307
868 136
656 37
871 107
702 216
701 468
568 117
838 489
830 134
600 310
859 59
963 53
934 184
589 317
980 135
969 317
747 477
780 343
678 391
899 284
988 206
673 82
997 463
675 216
718 96
802 467
894 257
847 326
993 383
930 435
973 242
522 108
713 31
916 364
940 80
619 136
981 129
719 208
846 490
713 10
582 393
816 107
905 294
691 432
986 297
714 34
742 171
563 362
833 132
804 261
881 426
892 163
526 234
954 456
637 29
805 80
764 268
699 129
917 419
878 145
800 183
721 477
855 375
802 277
759 69
884 453
995 476
770 363
645 179
699 75
863 40
749 462
974 166
709 332
525 425
842 200
916 371
967 139
580 215
725 333
736 188
632 2
540 471
735 477
737 118
933 24
721 305
800 439
815 476
923 28
575 430
729 142
783 74
574 398
971 133
757 94
903 408
623 83
535 32
744 195
567 404
639 275
813 116
978 416
808 76
759 249
840 328
511 444
874 269
533 237
862 227
579 471
686 316
653 127
586 406
686 58
527 499
624 173
545 60
834 287
633 414
762 349
910 156
900 84
662 62
772 486
731 291
600 235
567 146
946 258
807 440
925 66
913 422
876 301
688 32
869 343
712 262
507 67
547 16
730 168
971 6
613 199
666 269
637 338
572 189
537 123
797 459
791 346
687 259
689 349
709 444
566 217
814 317
530 106
504 419
625 55
786 134
595 325
642 471
708 264
688 426
557 377
741 298
686 332
978 218
714 134
625 366
565 201
715 268
933 187
924 48
504 389
623 315
935 33
585 405
970 68
604 76
825 59
558 32
544 163
748 391
606 38
609 99
599 125
979 268
735 71
677 63
661 143
979 244
841 4
941 147
695 415
915 18
695 40
838 313
579 391
884 234
942 119
657 118
738 484
550 483
559 468
687 245
686 147
895 453
863 15
568 376
529 262
834 347
897 86
863 169
554 357
530 30
703 76
651 89
661 134
819 210
517 35
532 193
768 318
968 284
562 97
955 356
992 443
535 16
819 492
961 172
654 305
623 133
543 128
828 351
989 268
928 390
774 159
788 16
958 2
963 67
755 238
661 396
850 245
665 49
730 93
947 374
883 24
928 280
648 471
558 126
552 403
863 208
851 267
674 284
525 284
542 11
799 283
834 61
581 5
759 213
569 194
950 364
691 311
700 11
769 283
912 34
746 401
506 451
666 68
708 257
600 316
522 321
880 295
712 329
640 406
837 367
998 8
910 381
928 45
984 134
599 459
877 461
585 94
659 76
775 347
628 258
947 375
654 174
839 65
638 356
869 206
630 143
576 140
685 194
912 488
826 215
713 419
654 348
593 308
756 131
617 358
705 487
904 439
517 410
599 280
589 52
990 275
993 20
911 123
505 453
668 275
755 142
649 479
974 445
556 123
952 164
747 271
741 403
811 322
992 294
655 400
910 339
879 410
951 111
545 87
740 23
952 453
744 273
560 303
503 438
714 23
553 407
914 28
796 404
959 91
951 109
588 78
569 459
849 332
858 64
992 33
702 123
605 170
930 433
905 239
724 83
890 218
978 353
505 252
762 226
700 56
669 256
518 385
574 482
757 228
996 204
781 68
906 234
682 61
686 10
592 55
824 15
767 105
699 393
658 333
633 130
814 340
732 89
716 86
598 19
934 68
825 406
765 146
767 204
728 441
763 283
862 449
602 11
937 201
763 438
505 119
955 286
792 96
583 309
658 29
662 34
611 100
875 29
921 292
970 215
685 371
858 109
894 237
950 447
849 374
552 25
818 37
512 208
793 466
788 30
754 237
622 482
671 306
826 269
881 58
710 93
841 112
633 269
744 124
955 83
804 311
501 409
956 349
515 417
619 32
984 325
969 371
531 397
764 31
995 468
682 47
754 45
508 83
979 401
904 86
940 100
535 395
851 299
797 120
810 384
964 369
997 290
990 154
774 156
705 4
900 480
917 82
595 369
914 53
953 196
868 11
802 151
920 493
739 94
748 199
887 173
525 15
884 315
600 83
930 211
713 213
687 122
800 284
901 302
851 91
768 344
961 81
961 272
926 208
689 452
810 413
708 292
722 151
687 302
688 461
567 405
797 223
788 266
587 5
825 197
944 244
770 238
829 377
612 267
847 316
978 232
531 4
602 63
803 410
612 422
723 160
759 14
927 193
896 56
787 158
583 442
981 99
746 222
603 471
731 352
800 383
933 473
801 356
910 355
564 31
906 317
518 282
752 190
834 423
686 329
696 15
959 219
566 288
671 104
997 398
890 459
885 483
554 10
539 451
928 491
715 354
799 344
639 192
525 138
848 238
659 22
746 100
623 222
875 403
612 495
976 265
513 233
501 271
910 353
678 123
687 249
915 383
632 177
516 38
927 478
679 486
508 469
705 85
722 228
598 25
920 45
982 296
917 318
659 475
929 449
955 339
924 279
586 71
686 324
699 207
709 375
856 459
865 445
842 162
775 462
737 282
900 428
672 154
689 201
561 187
806 309
827 396
617 332
716 71
688 409
916 334
825 290
773 35
612 408
993 260
767 203
710 388
610 360
816 317
750 81
830 130
950 327
947 413
650 270
814 280
636 460
660 45
738 29
519 91
920 458
632 493
517 212
938 55
798 329
550 347
992 358
591 41
557 300
849 255
535 114
902 87
984 352
629 359
915 466
927 109
706 127
707 353
760 384
516 237
980 362
804 273
799 257
651 499
568 106
993 252
805 396
753 306
797 57
575 193
771 376
986 5
782 358
570 108
788 332
682 328
654 492
743 304
674 118
700 323
887 431
913 496
559 244
905 454
694 379
685 126
694 291
659 43
553 433
701 26
726 155
966 277
758 2
860 180
747 437
923 232
735 107
581 487
562 131
757 283
812 317
798 156
833 437
868 204
801 402
708 69
790 462
830 262
966 177
771 368
765 435
777 252
761 425
910 194
607 407
519 205
594 474
904 273
546 411
622 419
565 458
750 39
633 441
883 223
602 220
970 191
695 388
581 126
773 201
784 340
668 184
681 107
710 364
561 97
762 429
973 168
547 398
682 140
943 92
961 415
979 274
875 416
551 254
957 45
710 429
902 334
896 222
993 317
999 451
718 335
579 133
854 180
611 19
535 498
886 17
683 427
662 53
546 482
720 192
702 427
791 3
726 22
798 377
503 2
984 156
820 266
544 89
713 390
994 138
595 164
838 497
863 195
501 39
776 211
531 34
526 391
591 499
617 174
713 1
989 12
896 276
716 261
699 200
895 399
504 433
623 42
621 80
640 28
747 320
781 201
677 403
509 328
667 231
744 422
838 301
521 88
836 222
872 54
745 375
735 307
751 422
517 242
767 421
739 478
896 54
518 324
592 436
957 201
854 27
709 454
588 258
943 494
522 367
804 48
555 3
982 188
687 470
829 398
632 74
938 427
722 343
852 121
665 367
695 148
927 340
886 272
728 332
830 173
834 194
829 169
903 195
541 320
532 243
631 497
766 55
788 199
710 84
710 449
940 112
963 366
637 339
705 350
843 158
807 302
692 490
650 278
559 356
538 38
820 141
768 330
933 321
847 265
680 196
697 367
620 88
686 91
841 400
806 316
603 451
812 72
993 460
955 50
719 401
715 458
551 347
604 292
727 51
602 339
825 422
827 355
875 205
550 29
815 483
844 288
913 412
640 296
810 288
645 129
959 233
829 294
699 264
519 112
715 456
559 234
772 156
531 350
697 320
939 428
757 226
603 339
758 135
806 108
789 221
583 149
635 114
953 64
882 153
601 68
919 204
733 186
828 393
945 297
983 300
517 435
872 302
997 129
823 365
560 293
631 417
689 262
616 491
727 228
719 103
674 491
519 71
720 421
801 117
848 343
867 286
838 468
809 96
707 154
596 414
522 494
970 451
516 87
559 445
634 327
555 307
539 378
956 278
970 467
538 398
668 356
629 231
950 347
657 221
513 227
879 75
881 261
535 20
846 431
813 135
646 67
825 16
642 386
950 413
691 170
756 125
828 327
654 318
763 22
753 377
807 249
659 338
783 277
675 410
580 154
867 347
909 468
754 215
831 247
985 175
587 467
859 2
505 256
643 107
514 247
666 149
511 215
531 343
675 182
611 404
730 363
921 30
552 24
710 26
941 74
683 407
634 304
795 306
505 55
703 400
633 385
539 442
530 188
875 292
513 370
549 228
863 436
966 347
904 444
732 30
745 311
698 73
645 186
607 22
973 267
763 471
754 421
994 317
984 343
731 345
688 462
905 28
801 105
507 437
533 442
652 402
601 140
651 437
700 315
698 134
841 434
530 3
673 139
526 17
605 217
723 155
546 292
569 223
953 126
853 81
561 67
999 361
723 381
728 179
541 58
979 254
631 411
834 375
579 417
806 384
753 110
723 47
718 247
813 17
778 397
862 457
680 169
576 100
756 392
634 428
619 60
841 494
519 20
737 474
944 147
755 180
783 40
884 67
923 204
593 171
583 55
882 114
804 36
681 14
577 309
929 177
799 399
654 280
789 293
904 488
1000 299
646 308
642 65
611 99
874 220
512 25
519 301
778 43
602 53
724 376
780 341
892 256
578 150
792 265
849 464
657 297
648 381
596 428
558 435
556 1
674 151
784 26
763 125
985 98
985 377
971 290
887 174
716 105
619 350
742 285
661 325
885 67
685 247
654 303
561 217
532 444
567 67
575 319
729 244
788 339
995 484
925 499
570 269
977 255
868 338
612 474
803 165
539 15
672 127
730 89
938 31
988 28
875 284
596 243
996 189
974 165
826 114
934 168
787 18
510 136
529 225
760 231
648 293
683 214
539 158
562 16
753 150
826 299
556 179
791 331
645 103
828 8
523 351
558 316
689 330
917 49
782 185
503 213
887 170
662 113
718 221
703 498
853 426
865 385
551 158
933 259
642 357
658 158
670 369
884 130
746 64
543 333
611 256
763 442
602 285
854 345
524 488
746 246
543 453
508 473
940 290
717 227
660 25
568 128
674 321
921 152
605 145
926 239
631 498
624 330
793 27
627 12
969 392
828 400
973 67
910 82
877 173
856 318
947 75
731 377
804 28
756 195
541 217
746 65
777 320
764 417
625 173
989 478
766 57
560 320
685 167
678 82
958 319
704 134
564 262
517 57
764 157
696 304
748 422
980 467
875 328
577 55
686 90
947 195
785 45
948 28
613 75
882 111
606 200
780 178
810 68
951 264
833 139
878 467
727 8
842 419
660 387
506 385
621 434
918 156
841 488
951 485
745 84
811 397
880 452
1000 163
634 307
744 486
836 490
921 409
842 244
881 405
731 363
525 237
737 237
619 241
948 89
543 262
787 373
840 156
911 266
789 45
709 182
883 204
581 190
960 302
514 167
508 124
867 357
820 145
715 457
665 429
588 307
778 238
801 319
640 185
506 276
997 36
909 327
850 191
914 217
555 258
716 337
853 162
938 210
666 296
809 401
553 491
752 210
542 187
620 214
766 441
623 44
506 389
973 284
556 104
521 239
968 83
553 185
585 378
957 448
669 469
635 170
833 121
613 157
831 195
713 231
853 10
781 193
531 67
808 268
704 467
645 315
970 297
922 441
823 366
834 232
793 14
614 283
655 480
654 360
726 335
911 72
542 246
973 488
832 89
569 230
575 193
746 261
875 280
956 55
596 221
512 301
802 155
532 299
747 77
786 162
529 344
885 309
530 376
616 427
535 156
816 64
585 277
827 374
926 452
515 226
806 71
525 255
637 472
636 297
532 6
931 389
637 434
756 33
981 318
