976 327
927 454
675 128
748 346
650 118
595 20
784 459
649 127
760 380
953 144
997 399
911 197
955 119
815 452
711 127
759 164
974 291
924 470
591 21
608 393
548 446
635 340
611 230
893 468
762 498
824 456
873 137
558 24
785 423
925 237
597 390
844 270
1000 299
636 427
548 161
916 125
735 249
925 199
882 320
679 470
918 50
786 330
818 378
905 410
586 92
583 225
625 77
503 449
716 159
810 201
710 465
676 311
582 419
513 449
774 319
580 90
542 370
989 278
707 75
948 273
869 142
712 45
730 479
558 283
710 109
670 182
535 446
899 83
760 149
746 353
666 4
994 249
938 8
899 193
982 160
728 37
943 467
983 386
560 404
923 222
682 263
686 63
933 132
517 126
746 340
995 426
790 389
751 61
823 46
942 310
711 438
974 328
814 231
614 427
530 333
813 474
666 37
941 329
603 299
640 207
951 178
641 187
918 368
999 67
641 162
865 257
683 98
967 190
743 174
996 246
760 298
679 457
524 274
831 42
779 213
976 365
839 114
949 463
720 299
782 228
672 7
775 411
507 365
903 144
881 401
619 415
847 67
542 312
614 391
923 189
654 48
632 178
968 197
743 360
878 495
850 172
518 392
507 230
556 70
653 126
524 382
832 462
717 58
520 85
682 307
779 397
934 238
843 163
642 140
925 463
535 58
636 432
997 297
888 138
544 305
766 428
879 499
529 5
509 371
886 52
685 417
820 24
622 218
965 259
853 378
623 404
793 45
944 258
793 180
692 350
512 224
504 364
719 33
639 231
506 320
706 343
976 421
531 497
820 337
956 277
519 107
601 123
502 141
864 316
844 440
951 66
708 77
813 251
889 408
768 353
784 154
850 174
639 122
611 228
517 168
731 179
537 188
511 252
916 233
802 200
505 387
580 394
576 79
851 4
894 357
967 457
722 361
904 456
581 122
933 224
826 238
795 258
558 185
584 481
628 300
881 128
687 4
744 461
808 478
815 37
741 153
948 195
540 67
899 50
739 184
522 364
537 7
540 289
639 253
518 55
794 459
747 54
779 185
629 422
511 221
860 272
869 81
565 140
953 159
799 290
857 380
760 487
830 24
789 142
579 457
889 260
617 273
754 169
889 208
693 223
765 269
683 275
756 56
698 443
696 33
637 451
763 306
606 177
504 63
995 123
992 223
859 436
739 342
987 56
832 256
669 460
844 278
841 355
843 101
806 307
618 225
950 387
561 46
635 22
921 245
618 309
711 308
534 237
965 135
718 330
698 143
894 431
580 457
984 358
832 211
508 221
822 62
572 154
876 3
940 89
516 230
938 467
858 321
514 468
549 166
627 164
739 120
879 101
922 23
846 30
535 8
942 128
973 143
770 122
562 484
881 250
934 298
962 351
643 144
791 414
567 102
876 492
809 101
912 410
536 6
944 444
606 3
642 290
839 303
699 263
544 50
734 8
750 263
935 111
764 492
683 194
679 158
892 320
566 317
839 487
631 84
767 87
847 370
758 98
928 305
674 84
749 251
547 426
796 344
550 251
864 38
854 121
866 177
678 129
987 437
714 61
614 61
814 142
574 457
920 97
735 362
507 436
985 39
966 434
713 441
788 306
797 498
899 246
949 132
922 467
708 162
795 441
890 405
591 169
1000 61
830 21
949 469
783 368
841 448
749 319
725 185
543 120
946 67
504 394
606 497
507 182
831 253
694 437
974 206
557 294
583 444
713 126
640 83
904 486
572 433
747 14
589 109
749 445
785 68
778 408
790 30
768 328
940 233
964 211
709 105
874 360
618 216
986 60
761 350
597 358
550 398
505 60
938 177
921 16
594 373
746 51
628 32
528 455
677 443
662 326
739 317
691 131
798 246
850 356
724 31
702 173
516 227
943 181
756 202
885 310
801 169
731 408
640 43
877 366
621 448
947 399
713 439
940 183
951 447
856 333
709 393
537 37
644 142
678 349
624 67
727 14
977 444
825 284
760 446
656 205
527 172
828 411
916 171
592 398
774 433
747 9
718 413
507 493
619 486
850 432
628 102
508 376
833 360
836 41
667 169
907 266
915 108
921 324
648 149
921 191
974 89
853 470
736 85
638 29
582 17
807 205
610 266
814 194
501 266
986 8
534 28
822 232
750 397
935 63
961 103
882 187
690 402
754 74
606 279
880 344
799 224
689 392
932 93
730 79
774 238
766 39
662 95
860 469
739 218
800 317
844 17
575 195
543 197
861 34
697 294
760 476
651 334
923 187
931 326
975 370
798 56
716 427
618 111
982 211
946 76
990 249
611 156
620 381
794 158
668 463
649 82
882 428
933 285
951 462
532 237
644 16
802 40
971 164
564 139
695 434
810 372
943 15
1000 274
800 434
679 179
782 479
893 59
654 500
740 160
656 42
575 277
919 395
661 233
949 195
763 3
763 221
732 357
942 290
898 265
713 116
648 16
958 486
924 348
968 295
661 493
580 290
932 222
968 209
925 295
642 228
985 400
765 312
655 360
523 192
666 131
971 118
540 347
619 270
948 292
917 355
593 255
756 49
869 362
646 277
618 317
599 81
816 105
961 338
851 94
938 83
527 32
542 220
903 117
733 107
629 413
689 401
981 190
695 56
743 338
618 305
734 236
777 206
673 280
504 18
733 414
915 278
632 396
888 333
740 89
818 236
589 186
748 488
550 199
769 172
962 296
608 469
535 198
851 19
601 203
847 384
578 268
647 378
790 188
711 220
710 311
610 499
593 347
755 188
519 118
924 60
928 41
845 155
779 313
509 491
796 359
743 338
813 243
856 36
956 454
818 477
883 450
964 297
635 456
758 187
946 101
950 229
904 470
659 25
516 107
834 447
763 300
853 481
793 482
644 200
536 227
992 251
901 237
858 473
680 118
757 12
567 431
956 148
904 19
540 424
886 26
957 471
543 133
632 175
968 160
740 85
788 214
637 399
947 24
620 136
868 18
765 482
806 102
571 431
833 181
998 286
539 493
612 119
850 205
678 20
987 426
869 199
687 405
921 23
705 40
997 291
613 24
779 6
705 12
547 164
913 176
578 204
858 347
569 434
674 492
944 350
627 3
700 9
872 391
647 119
630 170
678 34
917 304
904 207
787 356
762 70
606 308
886 204
514 79
861 146
987 108
659 42
848 388
829 159
955 489
729 129
781 24
594 166
785 177
724 45
928 301
873 309
570 293
968 274
953 359
543 465
928 351
952 108
978 417
638 474
716 406
979 24
686 44
828 407
677 101
972 402
612 134
911 166
787 310
597 441
570 339
975 239
566 181
578 419
947 25
983 347
762 302
889 201
581 327
945 240
575 500
646 49
506 215
603 274
659 427
988 311
741 439
727 92
576 107
871 329
862 466
585 475
614 23
772 438
976 476
782 382
699 352
580 63
680 68
907 72
926 432
618 375
667 442
518 279
885 110
623 218
754 203
826 397
878 480
594 408
662 243
821 149
669 43
803 333
582 416
856 480
766 288
765 163
700 475
700 408
996 42
660 80
521 365
507 387
591 500
674 485
545 319
651 229
771 459
903 141
716 97
670 108
875 451
582 201
866 120
961 312
696 148
794 117
637 351
562 281
714 212
751 93
873 28
721 348
590 16
772 330
740 373
987 349
513 30
706 209
609 11
577 27
773 244
973 301
923 439
760 2
815 276
762 112
899 414
605 135
861 156
570 249
736 179
673 378
586 122
885 240
591 362
852 159
806 41
585 11
571 252
904 126
630 409
667 413
731 400
759 328
567 135
793 364
825 78
935 477
603 302
815 259
863 80
638 68
809 49
600 255
778 36
766 56
923 230
716 384
758 33
913 156
789 38
991 319
768 226
634 184
847 236
825 334
562 36
718 47
897 124
549 63
696 48
747 146
864 338
633 282
566 310
563 405
993 319
861 386
672 470
804 389
941 349
876 7
816 300
668 401
753 292
881 178
939 276
573 282
948 14
704 428
746 412
604 144
685 481
629 42
880 108
948 377
871 338
956 154
653 86
575 165
879 78
836 220
771 158
871 333
859 290
726 145
626 431
935 154
607 302
563 243
567 411
692 471
575 121
651 135
925 148
873 16
566 438
984 234
996 148
609 333
526 155
865 134
839 61
641 75
763 127
833 381
554 366
997 470
823 301
709 52
905 160
768 171
977 499
578 285
928 90
627 235
680 106
786 217
609 468
862 101
759 422
715 399
568 141
760 360
591 188
646 40
800 303
729 197
955 144
752 130
972 63
532 411
948 430
885 329
570 225
748 81
794 9
777 439
605 60
664 223
995 357
630 158
972 241
865 334
541 129
636 43
897 164
992 426
949 68
767 238
744 75
885 316
778 61
804 172
817 14
942 265
993 329
700 185
558 136
600 250
977 326
762 62
880 140
610 32
542 490
607 119
823 376
537 456
797 278
859 448
797 75
598 146
670 333
705 163
987 338
544 498
529 59
601 413
974 421
545 89
590 323
721 392
774 238
549 498
723 325
757 156
513 397
703 497
686 226
978 231
847 410
901 207
509 335
897 132
681 49
724 221
843 166
754 491
962 158
574 27
681 315
947 145
819 3
727 263
659 299
660 240
681 96
554 127
615 144
771 408
979 243
981 337
749 333
873 65
752 161
931 370
962 96
981 183
696 359
925 133
594 130
867 422
908 121
571 399
555 402
646 15
943 320
853 485
717 79
813 16
800 474
797 407
913 255
947 468
860 255
939 396
511 464
501 486
863 284
632 284
978 218
644 464
947 51
850 35
832 57
848 152
773 141
869 64
818 196
832 283
731 230
512 207
911 152
788 329
608 25
891 400
759 105
591 15
835 229
590 382
945 433
860 444
690 453
912 140
873 130
595 115
599 334
626 236
763 169
540 184
637 394
847 474
569 231
952 495
862 266
846 401
862 164
950 414
826 67
635 295
994 351
833 48
783 396
919 226
517 297
807 137
859 319
525 136
675 499
681 145
916 111
981 439
829 159
791 401
735 476
932 493
716 113
582 2
550 329
681 382
589 269
941 2
671 343
881 198
601 322
661 443
811 300
921 346
682 455
873 243
570 30
953 359
545 240
853 326
832 71
734 381
578 194
512 228
983 44
657 388
921 475
616 285
737 471
967 289
828 347
950 192
879 216
787 213
527 173
838 160
810 142
599 283
617 199
686 343
920 209
557 477
961 3
815 263
793 368
606 258
649 461
592 419
972 472
651 438
834 480
678 224
773 327
722 472
575 67
863 7
566 7
982 122
567 481
945 93
643 325
931 474
505 110
855 40
584 118
642 497
871 434
688 253
992 213
580 23
519 231
956 206
698 13
685 142
911 198
717 500
675 413
637 380
869 254
905 297
524 268
961 393
983 14
926 348
968 350
662 91
680 493
725 424
844 427
953 239
527 322
909 44
525 303
832 426
701 423
844 322
773 123
789 384
708 44
734 328
939 108
759 191
727 374
660 132
779 209
976 432
746 452
627 469
850 422
732 489
689 217
820 494
981 117
743 166
557 490
763 100
906 179
872 418
836 119
911 319
768 197
751 4
661 492
837 62
593 279
805 315
587 486
892 208
933 421
768 468
998 138
796 46
702 258
946 178
887 486
649 173
711 310
539 117
836 482
766 108
909 406
564 75
714 106
625 179
687 131
916 132
946 277
645 478
866 452
689 304
608 178
582 477
944 259
874 98
667 246
669 423
816 414
524 192
970 439
772 324
715 200
522 405
648 161
505 206
517 10
755 259
961 116
591 333
988 58
869 157
865 118
672 41
852 472
562 239
627 219
646 444
833 261
854 495
970 339
707 227
785 285
741 356
627 367
838 449
828 314
711 491
969 261
924 295
578 72
827 198
762 60
614 144
753 500
599 167
949 145
765 321
530 315
752 31
921 80
805 299
605 35
885 36
613 43
746 419
658 64
895 330
581 269
583 269
996 14
942 394
704 169
688 366
620 50
683 333
833 346
712 230
874 385
583 173
613 310
940 414
576 156
573 211
533 445
703 160
631 373
783 344
501 294
564 30
787 285
683 235
896 429
533 55
777 344
784 273
525 229
660 407
806 28
823 447
552 280
863 492
741 99
607 85
608 152
950 286
770 244
777 82
732 361
673 388
702 31
548 478
529 410
637 249
849 462
992 325
531 498
852 27
824 80
825 215
931 373
825 59
546 193
931 19
681 369
877 467
664 415
799 122
974 304
546 462
852 290
646 486
558 339
838 18
708 330
564 466
532 340
563 394
830 231
769 352
817 377
718 67
985 120
764 272
876 70
952 138
525 78
798 24
791 388
753 143
574 259
604 77
955 482
562 241
612 375
830 209
725 173
998 274
794 146
507 40
775 284
956 474
720 497
541 371
533 436
952 408
617 128
944 325
766 104
543 84
975 498
522 128
754 249
969 266
812 481
626 395
853 327
519 207
884 438
856 407
791 112
719 167
877 316
923 229
988 46
736 316
603 308
514 381
795 262
768 279
806 217
720 75
818 151
975 273
821 228
984 389
545 156
730 25
533 488
803 415
715 153
969 454
935 499
772 218
852 289
655 68
541 65
720 370
896 489
755 359
907 453
607 66
724 283
754 348
737 158
541 259
982 433
797 403
888 317
627 92
845 68
975 100
710 344
628 401
778 283
883 483
601 218
673 198
572 17
597 388
936 331
516 140
672 108
792 217
562 47
655 308
531 103
670 163
703 467
963 443
870 161
928 5
920 486
814 322
646 80
781 133
865 316
874 464
892 486
919 45
642 150
875 13
892 319
573 107
727 97
908 479
999 67
564 121
681 270
631 426
812 273
872 353
893 48
898 397
567 140
971 455
772 250
565 267
919 115
613 320
844 84
657 332
633 93
957 65
891 100
606 429
922 299
724 347
986 489
906 468
851 214
772 493
864 151
991 369
581 449
850 279
679 42
965 40
946 246
794 65
958 248
997 29
601 346
972 95
849 369
677 261
901 319
717 380
552 397
862 493
767 251
707 460
818 338
940 241
995 362
520 258
814 27
802 109
567 66
871 320
697 329
539 305
793 206
968 335
732 44
563 107
958 128
733 192
830 148
599 179
899 187
541 257
568 435
527 365
571 168
719 128
818 144
785 278
886 201
787 324
882 426
671 90
750 403
874 458
871 316
821 228
987 118
706 15
936 339
809 363
508 320
864 264
780 94
749 499
648 265
735 280
946 493
617 424
672 201
838 429
740 9
855 69
811 118
586 327
875 149
749 379
804 395
731 349
505 87
969 224
879 232
721 48
516 35
626 309
838 36
697 186
553 488
536 128
868 51
915 321
654 197
642 25
856 496
619 80
751 298
852 442
852 363
731 469
766 263
671 317
926 36
597 489
934 411
878 425
916 164
723 97
819 339
531 227
517 452
874 430
855 464
936 108
939 382
820 27
551 236
710 411
826 180
898 138
975 24
595 349
521 162
699 5
754 192
560 133
629 236
791 257
722 228
508 166
991 117
604 256
693 38
960 484
993 478
878 226
818 339
967 315
866 13
990 250
824 107
812 331
919 248
660 203
506 131
746 313
556 290
515 53
951 473
669 451
887 158
562 95
790 384
720 315
772 92
972 119
858 357
979 363
920 344
579 349
819 191
917 428
620 113
595 11
846 52
834 289
853 133
742 320
894 29
779 273
509 123
633 405
503 420
806 37
518 360
870 26
797 308
798 21
516 168
743 254
961 111
841 218
791 114
644 132
597 291
972 150
984 269
606 448
782 177
950 475
545 190
746 162
559 432
992 172
939 236
749 449
562 394
930 129
606 477
992 6
911 9
510 15
794 368
915 337
972 135
892 84
903 75
576 202
563 306
870 382
833 473
909 102
938 162
506 477
993 434
906 424
899 112
972 246
892 361
678 278
601 206
525 11
941 271
527 31
882 162
618 356
591 406
915 499
848 140
953 435
625 160
893 326
908 497
790 199
838 301
834 39
925 69
522 72
760 86
508 87
542 301
541 211
606 421
522 455
730 292
585 140
711 301
961 121
554 331
712 18
926 326
945 16
905 416
974 37
571 211
904 88
685 20
827 379
838 159
504 301
805 489
962 415
952 58
920 409
712 364
744 135
853 172
599 349
529 410
686 280
765 138
703 357
599 486
660 173
620 6
896 260
805 260
588 78
935 361
556 118
698 242
821 42
554 487
688 151
974 94
949 281
836 344
940 192
699 235
950 91
756 411
708 147
516 291
829 486
975 4
632 294
805 203
901 467
532 259
503 78
937 228
603 185
669 280
651 346
707 80
916 239
985 81
678 452
677 274
719 474
510 173
719 330
987 461
524 216
564 391
562 22
1000 403
585 457
799 426
905 148
763 228
855 4
840 336
552 427
944 32
981 257
616 445
609 345
619 323
805 403
781 379
758 120
988 384
526 46
870 70
633 335
797 486
606 444
545 495
692 402
505 429
862 441
782 164
586 464
552 107
628 307
636 236
861 422
1000 69
669 43
951 148
517 195
974 34
664 55
905 88
850 500
740 138
502 49
546 407
813 470
675 348
522 102
692 362
849 452
910 388
515 276
870 378
522 70
894 407
694 341
645 376
890 46
507 78
770 46
603 334
539 117
666 421
874 301
562 405
790 311
840 457
539 480
842 40
510 228
555 80
715 64
719 122
636 196
995 58
616 313
505 90
556 263
997 401
894 33
882 420
663 462
965 69
748 419
614 486
897 373
729 139
506 11
525 41
914 479
606 108
659 289
652 464
990 389
563 263
826 267
849 107
908 491
828 345
794 126
807 29
633 334
583 124
783 255
739 220
987 283
852 97
729 39
813 186
506 432
798 286
541 399
737 391
673 139
845 500
745 446
735 477
871 158
679 432
965 157
854 179
570 351
696 207
900 27
734 463
930 142
654 300
592 281
527 133
561 119
690 46
734 168
742 463
601 465
905 118
776 35
523 198
573 45
829 318
670 176
558 97
957 327
839 313
682 213
593 69
666 140
978 71
619 346
935 378
786 39
967 39
521 404
752 369
773 425
609 99
702 482
623 275
985 310
740 52
868 396
522 90
545 406
764 127
775 347
505 86
798 326
956 320
559 171
736 462
562 338
