655 55
707 200
820 340
838 222
932 253
917 179
738 310
559 20
881 84
550 79
644 106
598 431
955 90
514 160
776 324
835 319
927 419
593 466
737 456
556 342
945 244
533 320
590 327
945 173
844 198
864 182
952 475
829 8
939 205
561 56
971 170
994 438
625 456
564 305
727 199
722 237
775 153
745 133
552 240
875 62
864 367
996 246
924 433
534 410
908 336
757 25
691 459
976 301
775 345
617 153
814 74
979 234
533 404
909 58
713 89
510 197
969 389
536 165
510 183
651 235
741 114
546 220
610 389
719 261
979 110
507 445
774 331
901 135
901 438
775 85
513 440
846 355
846 121
613 363
650 478
781 393
864 119
707 125
621 286
526 497
903 235
777 270
905 448
501 130
861 75
861 70
781 355
623 425
915 427
838 384
580 27
789 478
523 468
640 264
680 425
715 98
949 225
732 302
912 483
864 290
705 394
665 206
528 306
702 355
824 117
935 11
682 250
514 190
942 416
952 72
567 228
631 435
558 237
569 252
647 381
655 456
640 446
782 34
518 459
999 182
505 309
604 279
515 210
866 300
640 150
738 291
788 133
863 412
574 479
719 428
775 23
507 373
642 15
911 83
667 454
512 200
596 178
610 480
638 279
937 343
989 31
845 115
981 78
625 430
791 59
909 440
516 488
707 185
624 411
903 123
656 425
884 342
956 390
814 32
918 418
660 353
552 273
638 400
689 356
783 310
922 341
504 333
829 69
607 449
582 307
845 68
872 137
808 479
686 202
899 412
593 82
999 421
1000 333
783 199
722 362
745 445
699 321
663 154
501 132
935 67
970 135
970 439
586 467
910 426
540 181
897 359
975 253
660 315
821 385
772 257
843 24
619 384
619 446
676 70
764 203
627 432
858 278
746 439
546 307
705 206
984 498
971 405
730 466
1000 287
809 97
779 241
522 89
672 12
702 453
628 52
562 194
720 54
665 253
899 298
549 361
651 187
746 347
973 386
742 107
589 386
825 280
834 403
825 17
922 332
896 251
563 465
851 163
866 42
813 133
992 103
906 368
649 106
945 46
596 153
521 123
976 329
990 48
686 470
699 190
868 85
954 225
550 186
854 237
696 272
981 78
784 147
737 145
647 111
715 379
586 1
618 198
589 32
927 108
506 371
579 276
762 405
783 333
710 177
641 404
618 281
624 417
979 46
719 499
696 407
998 24
890 98
555 450
963 139
930 259
589 451
834 147
873 20
729 266
907 9
642 358
721 307
849 25
898 59
781 460
792 1
522 63
868 39
609 329
520 373
885 122
778 255
786 405
861 152
776 411
899 328
713 235
622 350
816 294
723 473
963 400
659 235
966 462
994 117
570 376
752 332
966 283
732 35
684 427
699 401
553 366
607 113
767 2
737 223
669 197
904 397
518 4
623 446
832 455
669 376
581 492
885 161
820 294
799 274
769 313
910 441
687 146
846 295
809 298
546 151
844 223
928 7
956 220
767 210
556 66
630 195
885 186
936 26
520 6
787 304
729 112
946 37
625 122
872 377
561 10
977 445
566 254
688 164
573 95
632 449
881 331
591 78
749 368
754 487
571 338
562 191
688 268
524 345
882 10
774 308
603 14
702 340
699 319
817 183
887 395
863 140
688 453
708 122
614 109
607 366
940 350
769 2
735 332
834 331
965 202
671 333
548 456
681 179
603 465
550 379
803 461
560 105
689 132
885 54
551 275
587 79
793 46
853 340
564 307
635 12
870 100
791 165
962 60
555 233
797 318
730 23
536 227
857 59
542 198
621 398
973 399
757 166
648 444
924 188
796 158
832 259
908 274
784 207
757 45
681 118
676 457
944 2
856 401
958 479
995 355
946 65
741 319
658 56
821 401
912 241
522 146
936 2
960 327
604 430
767 239
700 404
641 500
905 112
772 18
965 57
690 434
684 192
776 443
808 118
671 128
778 373
507 430
504 92
764 476
802 288
529 411
539 483
550 471
843 68
615 26
597 247
566 88
523 467
592 368
910 216
928 107
591 282
855 100
983 113
820 472
531 379
596 241
977 229
664 33
538 294
562 397
797 325
828 493
713 330
902 293
942 283
757 284
653 257
761 272
529 375
992 238
992 59
811 331
814 430
541 330
665 360
551 119
687 248
999 184
886 418
674 376
891 17
801 403
683 22
913 1
997 270
512 361
619 194
883 347
689 132
736 57
517 452
586 9
999 245
868 313
779 137
862 52
929 369
846 493
847 159
571 131
616 434
974 361
828 367
883 416
827 288
577 187
945 480
581 427
686 186
895 378
948 327
811 6
501 245
529 91
655 198
691 468
551 498
648 196
851 446
548 229
957 176
788 253
981 412
643 379
812 465
658 301
853 200
513 340
797 344
512 176
546 223
573 406
794 285
620 323
908 132
878 203
941 308
937 150
965 272
603 323
655 127
574 128
511 440
969 39
648 61
594 89
650 281
719 201
517 446
527 366
802 377
891 289
972 123
662 377
647 179
822 449
547 97
989 241
539 445
899 400
568 228
772 36
979 110
511 71
738 118
739 294
906 128
864 452
662 363
821 50
698 34
987 378
923 338
737 48
938 453
688 328
884 16
917 10
768 162
708 200
775 471
826 188
521 29
882 159
853 301
972 446
764 16
574 395
643 393
987 35
589 230
602 45
810 20
995 413
934 7
611 87
616 14
916 166
731 375
890 424
637 354
939 205
809 290
641 401
849 35
826 137
707 394
707 499
896 384
761 383
831 23
696 191
638 199
945 378
943 305
670 271
576 8
807 442
999 223
867 402
819 303
585 437
774 452
521 209
692 286
982 199
928 331
517 319
987 488
727 77
988 39
700 457
814 349
585 157
843 234
587 92
797 138
618 301
992 54
980 69
923 297
751 197
621 57
722 446
935 110
886 472
979 497
522 290
754 468
739 133
739 83
862 363
751 134
707 283
970 336
554 339
807 305
579 297
620 213
515 67
926 44
665 186
947 15
987 62
551 265
691 196
507 263
953 60
903 13
956 188
686 168
880 50
771 377
848 228
962 47
905 410
568 224
685 413
743 275
620 336
661 311
668 99
856 227
688 239
538 247
693 274
745 392
904 488
871 294
973 401
913 143
892 107
813 485
737 140
993 142
689 212
651 74
836 243
605 212
794 356
679 68
901 145
679 145
962 243
656 194
956 335
578 342
981 57
612 240
511 101
991 171
1000 186
560 483
862 64
678 66
751 363
526 194
677 471
702 194
758 310
761 408
814 290
745 52
801 178
681 276
974 4
536 425
846 308
591 229
583 235
973 35
688 184
788 57
856 241
530 398
707 331
659 371
641 283
777 338
940 234
722 349
893 387
989 317
833 133
735 461
589 419
746 306
886 479
635 454
900 48
734 197
795 101
965 34
876 317
995 226
584 158
854 37
741 172
803 246
746 494
732 490
984 326
705 376
647 473
836 207
761 302
895 29
740 297
707 177
637 129
946 275
558 399
786 344
724 445
617 191
818 62
648 193
657 343
780 494
585 115
586 74
563 386
948 418
694 412
526 27
934 393
724 436
595 355
614 347
703 105
847 332
673 277
963 400
873 462
552 149
937 424
717 150
775 102
855 285
861 127
649 429
650 447
951 407
691 325
840 218
661 369
948 77
571 208
969 47
943 60
651 272
928 80
814 123
664 167
558 247
703 398
663 316
711 450
695 177
584 221
845 86
894 171
738 439
842 363
651 451
679 55
672 9
924 165
888 64
849 401
538 282
952 376
687 46
859 232
724 346
542 148
664 111
684 461
791 321
624 58
958 491
619 150
662 97
810 45
501 226
583 303
684 116
880 152
699 389
780 321
987 486
707 104
527 219
592 256
523 98
634 4
681 435
576 67
909 272
874 248
747 71
812 35
979 425
933 439
740 498
932 344
808 170
789 418
615 355
541 454
928 401
880 471
568 76
658 229
523 219
879 463
954 330
856 82
638 240
983 461
540 250
930 205
746 102
631 291
551 380
774 39
979 54
702 415
792 8
821 403
863 295
601 336
657 33
648 492
614 414
512 258
659 327
779 443
624 210
741 6
599 274
819 480
853 251
701 288
789 406
623 408
845 139
749 283
510 339
616 224
709 341
523 407
596 425
517 311
909 19
730 480
522 129
727 377
807 133
885 42
580 379
836 156
610 261
642 466
671 454
686 76
994 178
773 261
557 401
505 500
761 178
783 382
562 395
886 369
549 475
862 379
523 252
754 204
936 39
921 455
663 384
789 389
753 258
975 189
877 75
548 329
787 151
735 43
788 20
932 146
663 209
751 176
934 284
982 122
621 390
826 248
901 487
777 94
653 450
599 451
773 47
512 404
529 394
922 310
572 60
616 255
869 59
815 445
825 388
811 349
649 306
746 73
693 345
933 89
564 494
977 399
734 331
765 416
745 157
715 477
566 170
554 2
784 467
575 240
553 15
966 203
958 121
522 360
814 178
854 303
900 491
537 76
971 285
729 131
712 413
928 137
993 29
821 485
569 495
840 257
719 490
998 23
615 199
835 320
651 305
514 363
578 368
852 496
732 427
884 316
650 166
849 225
644 117
607 325
887 398
954 417
894 1
618 156
548 288
870 469
861 492
840 179
724 248
563 478
763 25
688 420
830 207
719 150
985 409
877 494
503 480
601 152
669 107
596 278
783 68
685 402
713 43
692 170
935 490
880 418
964 187
784 356
580 266
731 383
635 148
791 83
838 126
938 348
952 19
690 425
690 476
528 315
645 392
770 380
965 369
733 491
725 381
983 219
581 313
877 323
935 330
734 44
839 401
612 111
593 138
729 70
868 378
612 373
891 280
762 53
857 416
908 278
773 136
585 477
911 416
691 428
552 1
977 30
687 16
552 346
844 134
931 50
803 355
523 321
822 102
538 95
549 46
519 238
660 289
552 226
626 253
743 148
734 235
903 116
764 224
734 81
993 145
677 241
624 39
743 242
573 412
902 24
764 302
840 223
638 74
679 218
602 197
986 174
742 384
688 472
649 83
851 378
675 364
794 96
880 294
629 398
869 440
708 393
925 176
978 135
542 85
733 341
707 336
752 373
841 251
657 436
745 303
939 232
867 496
857 231
659 17
963 57
532 191
827 354
901 298
557 278
932 362
555 213
968 371
699 294
781 315
616 110
520 127
505 427
621 403
996 60
971 239
600 401
840 240
703 39
739 168
818 459
911 169
767 250
765 350
597 145
924 49
700 269
943 26
703 89
934 291
785 256
523 165
537 73
712 422
653 52
559 428
836 326
980 102
845 455
742 69
655 317
945 484
790 148
760 208
587 46
662 95
847 351
919 46
765 15
720 306
726 41
777 52
544 87
517 62
946 9
712 427
887 426
830 319
898 152
798 390
827 322
571 112
796 430
682 374
673 39
788 487
887 89
715 145
889 153
735 465
576 154
718 464
850 205
537 276
567 21
867 323
691 437
965 126
789 298
631 175
801 76
996 275
674 279
782 376
506 239
523 288
587 474
520 199
586 346
882 410
656 348
871 316
820 342
810 331
788 497
511 327
874 306
550 316
728 331
933 241
893 237
633 363
932 385
787 348
916 159
807 151
943 286
875 404
931 494
820 46
516 96
886 412
685 168
719 499
629 42
811 470
740 447
701 73
842 106
800 281
898 418
583 158
613 117
903 94
923 226
994 94
996 86
733 307
923 408
722 468
827 39
602 432
788 153
843 160
709 14
853 101
620 220
792 23
783 241
784 57
637 345
808 66
615 462
933 266
900 285
773 95
880 156
594 316
615 329
660 261
576 229
756 310
923 20
588 359
566 159
562 168
599 91
585 288
705 285
844 420
588 490
620 142
910 286
791 3
848 10
791 75
915 126
515 381
601 410
949 174
604 266
626 454
953 211
732 240
588 179
961 282
658 345
888 133
807 298
938 300
541 379
565 420
515 316
895 446
797 36
783 310
740 44
864 360
951 434
807 369
832 125
961 17
867 308
689 118
725 242
810 486
731 338
961 16
929 134
934 202
792 107
939 80
503 39
852 280
938 466
971 33
635 481
941 246
723 345
929 245
829 448
950 286
595 413
987 412
792 359
858 189
551 55
562 20
797 298
913 6
700 333
543 101
640 377
532 322
561 372
889 414
597 375
792 310
767 271
977 197
513 350
916 69
933 234
772 348
658 121
638 499
711 114
878 462
559 378
585 13
819 103
725 377
907 237
590 462
766 295
952 228
667 476
832 462
888 380
812 332
864 131
782 192
822 8
821 349
559 117
996 173
511 45
512 276
774 219
880 130
555 237
756 158
641 305
960 376
592 402
854 410
596 398
781 258
895 327
857 303
521 7
861 496
519 212
789 316
952 316
603 37
572 228
939 458
964 430
578 388
964 461
528 97
693 121
639 489
653 371
542 286
732 484
681 434
841 40
981 3
881 467
653 339
644 339
849 161
636 107
819 456
854 491
575 77
959 262
628 143
959 75
810 361
780 268
580 382
579 123
893 419
664 469
699 2
795 499
771 83
563 121
938 395
588 387
952 463
519 168
805 390
537 340
659 474
848 214
923 85
927 485
926 267
809 85
728 176
761 389
713 389
862 66
787 94
716 21
606 296
860 324
613 33
988 364
888 138
682 185
783 43
617 422
531 203
940 482
526 192
732 498
954 396
646 437
537 417
547 361
706 105
715 377
708 359
975 326
716 383
721 341
612 375
966 306
654 14
630 315
835 427
952 207
899 156
533 139
564 192
607 244
688 85
514 137
579 459
524 326
829 332
640 465
656 410
653 255
892 37
508 302
877 61
998 385
541 272
697 250
867 411
533 229
675 96
612 75
596 65
705 471
753 71
881 52
619 360
996 336
668 130
989 468
565 197
938 460
924 178
986 44
570 278
755 138
879 188
817 376
837 166
884 437
730 126
636 203
723 495
695 95
813 220
628 48
959 263
995 248
966 68
934 118
522 384
668 370
552 474
864 495
877 340
973 252
787 100
771 418
893 458
623 489
954 489
837 220
568 7
642 202
842 263
855 101
647 304
510 387
907 291
550 469
774 358
659 127
938 224
791 186
936 52
703 245
750 194
549 64
830 327
642 237
557 147
993 416
589 196
593 238
670 5
822 73
615 494
734 484
649 209
531 474
720 347
914 31
894 31
704 48
889 399
577 299
865 245
975 393
634 345
804 332
758 116
697 237
972 102
754 223
936 458
971 30
993 439
940 181
897 258
902 272
761 194
765 5
616 190
948 93
879 261
597 150
607 343
532 196
905 453
529 217
531 322
874 332
914 217
541 168
575 366
710 494
887 201
595 97
988 66
506 345
794 369
641 46
820 53
581 186
589 453
790 418
514 137
559 83
532 461
548 142
931 429
701 410
645 60
623 439
530 369
773 260
637 294
902 92
934 352
879 392
682 123
829 412
590 422
576 238
754 210
567 497
788 259
514 213
750 286
542 401
834 448
784 449
765 168
633 484
865 232
693 446
867 89
645 404
729 107
802 8
690 430
792 348
717 369
675 119
846 427
728 426
546 229
846 375
664 148
557 479
559 421
806 60
933 416
782 331
717 310
998 41
670 198
739 139
595 310
880 210
978 342
678 409
828 495
944 227
853 416
800 500
506 394
931 323
834 463
799 280
849 119
985 421
927 229
776 37
910 103
876 241
537 308
801 190
977 471
796 489
728 426
887 244
662 54
610 498
517 204
735 462
780 470
741 63
633 181
761 177
740 70
903 444
714 362
771 38
736 344
633 2
505 267
920 270
516 247
628 269
574 75
961 103
847 276
525 454
604 468
711 191
513 144
751 364
616 363
909 106
741 368
784 198
864 67
597 424
882 115
578 120
722 69
699 282
520 152
769 325
584 349
775 375
890 263
592 340
624 462
542 368
716 188
628 430
536 383
989 190
654 379
801 279
814 98
658 329
994 324
940 50
847 422
630 433
622 462
884 240
616 29
740 482
889 290
833 80
996 413
688 184
713 130
701 1
837 352
952 116
535 417
550 399
658 304
840 448
539 423
856 265
614 385
630 106
828 85
699 156
711 348
852 262
767 255
918 235
990 227
518 175
918 56
726 449
511 38
696 482
765 402
590 382
842 78
823 148
968 246
796 274
531 8
694 305
793 234
518 417
979 397
698 494
685 447
961 134
625 352
537 135
530 42
859 186
565 316
587 269
1000 32
704 117
671 3
914 9
665 247
776 396
838 196
913 360
850 14
922 106
889 267
704 368
764 309
585 328
575 242
872 263
548 186
856 401
856 263
523 469
708 228
759 250
788 8
810 470
923 109
968 216
827 273
642 228
893 59
837 59
716 94
807 296
791 257
731 186
522 409
897 300
786 41
543 498
930 303
972 184
620 262
511 50
892 346
987 83
650 101
649 111
989 416
753 177
819 415
688 301
874 194
769 476
722 384
987 402
691 349
837 226
879 353
563 223
850 453
941 63
590 318
970 15
926 285
556 317
846 462
678 488
821 64
644 210
634 423
751 88
917 40
613 127
678 276
875 220
970 82
991 165
948 451
638 455
767 378
862 305
810 379
724 321
898 223
611 380
612 285
819 107
608 422
698 63
786 41
826 318
502 453
744 71
717 353
817 422
935 303
560 328
524 403
708 227
545 31
695 438
549 489
893 16
723 303
518 278
766 330
975 290
963 312
537 451
708 214
569 17
598 284
699 378
826 27
748 375
512 235
981 391
915 461
954 97
853 390
933 26
543 442
720 114
747 421
729 490
712 431
635 396
590 51
616 303
866 22
649 238
686 443
599 78
818 93
546 274
723 85
614 90
900 55
634 355
833 240
676 439
903 199
632 451
623 356
698 102
544 463
885 128
695 424
847 79
820 489
862 477
594 247
707 61
871 489
547 272
521 304
559 18
796 381
725 271
548 219
516 13
800 367
808 276
853 350
586 405
952 397
642 320
947 456
711 201
837 397
858 307
855 25
537 251
540 84
888 94
685 257
592 383
517 9
953 436
763 226
550 173
806 389
833 247
935 462
582 138
526 261
628 288
880 53
642 398
668 300
924 435
503 253
970 151
754 100
766 178
504 278
881 488
779 104
