656 120
789 62
505 393
630 248
553 108
662 77
547 231
547 122
792 223
786 455
652 272
548 137
720 48
522 432
901 346
739 335
612 152
535 430
743 61
697 93
711 56
671 294
609 305
917 405
581 231
664 453
671 135
785 233
689 471
523 222
757 468
939 351
831 382
665 423
702 431
781 111
538 1
838 344
695 436
727 20
543 324
763 247
592 487
746 481
704 19
928 179
891 397
563 79
575 16
936 108
690 461
534 420
656 285
674 216
766 162
901 124
662 339
682 1
960 52
702 231
964 328
621 62
757 284
895 92
517 98
991 256
847 423
997 58
933 328
673 105
660 242
962 392
889 318
556 201
854 181
821 409
501 2
840 221
914 140
974 291
591 146
698 230
761 253
530 334
561 206
898 60
839 206
760 112
609 207
873 145
893 5
578 339
917 387
778 407
960 294
543 477
771 100
600 14
516 195
653 438
896 149
787 433
613 23
595 190
779 86
792 482
645 289
531 370
779 268
846 314
558 430
988 7
727 307
573 376
848 282
688 214
965 188
935 216
948 447
583 114
827 126
631 94
504 471
603 171
940 115
625 489
755 61
893 244
955 170
951 313
863 329
771 262
737 337
759 412
993 478
922 259
876 160
950 191
568 353
695 325
617 354
625 497
946 466
540 411
571 261
982 249
655 335
710 308
660 1
528 144
970 431
945 323
937 358
726 194
629 228
577 486
847 1
594 149
628 498
506 400
543 472
681 482
682 480
832 494
597 365
771 168
758 487
880 181
652 358
740 399
852 198
973 394
624 73
719 13
808 73
888 423
505 57
995 8
931 260
697 443
543 73
815 401
903 428
985 444
685 250
822 275
886 280
722 323
967 7
975 380
501 347
946 129
919 55
516 390
957 83
919 310
553 276
748 451
942 178
665 351
860 479
867 405
688 420
938 276
976 444
925 350
617 71
838 64
901 132
711 276
515 390
521 453
770 180
554 61
758 443
931 44
850 145
856 362
950 357
934 162
891 50
926 413
556 334
858 401
755 418
538 394
506 275
759 12
640 452
890 369
631 24
933 114
595 143
602 314
858 396
507 100
671 196
712 422
541 349
701 431
770 26
574 251
679 407
826 317
839 477
911 334
786 68
944 408
579 271
776 426
971 350
694 432
928 410
623 7
556 85
988 157
541 380
938 286
722 110
541 212
512 429
836 411
554 171
874 30
644 376
867 307
611 273
853 474
561 433
644 471
597 212
655 237
524 183
895 305
719 439
859 465
805 44
834 357
690 269
898 388
536 125
858 73
910 407
795 261
814 115
717 60
996 41
634 146
774 140
561 283
858 219
577 39
943 380
893 395
772 183
713 283
925 285
598 453
739 500
840 137
817 243
558 281
830 162
768 57
613 432
813 272
565 435
617 28
933 247
674 50
929 138
531 487
795 491
854 325
676 124
768 296
520 359
537 90
831 90
873 46
530 38
813 91
648 443
722 156
693 249
782 276
962 40
774 262
973 370
860 7
825 270
572 278
927 472
676 331
928 168
766 208
616 386
775 17
589 463
538 420
877 16
922 369
626 447
837 11
503 471
896 310
553 310
878 170
811 362
912 52
582 212
661 159
604 478
675 161
645 73
899 91
875 206
672 83
872 364
623 101
627 164
832 140
770 275
704 391
775 422
907 346
936 180
768 456
535 272
920 330
516 357
981 437
601 295
599 386
781 234
544 234
835 347
572 35
691 352
942 266
978 236
807 184
989 448
645 463
636 407
589 416
814 341
639 128
631 396
714 10
777 142
971 236
689 103
940 61
738 221
539 435
961 437
738 24
522 459
642 391
733 418
755 408
893 322
593 327
907 38
853 469
626 492
913 470
680 210
930 342
762 435
543 60
812 328
972 11
560 206
898 499
752 463
690 412
667 210
981 234
825 353
998 206
837 99
551 191
889 498
614 361
716 354
900 315
976 195
674 373
761 356
566 47
979 438
867 227
604 404
885 305
912 69
623 422
756 346
689 421
859 11
868 246
758 169
961 500
765 127
705 217
934 211
955 21
894 199
782 315
578 167
947 428
876 474
674 404
760 262
557 270
634 399
955 269
675 30
501 208
729 197
668 182
603 229
816 177
771 242
927 10
509 478
934 2
645 148
979 229
504 465
738 193
971 463
571 252
913 284
573 99
640 158
623 117
955 451
642 196
989 49
552 497
915 292
622 366
913 457
594 181
999 309
925 291
620 281
990 257
627 376
796 175
666 196
544 153
978 268
534 270
618 114
553 68
556 245
905 365
811 361
674 268
705 328
554 236
643 224
973 438
871 96
637 492
940 223
906 120
1000 344
713 22
644 280
798 4
678 201
794 63
699 348
954 316
930 94
829 405
610 404
948 383
524 295
806 336
828 13
973 191
548 208
842 30
789 400
552 387
607 389
704 194
624 93
576 203
680 333
780 306
857 218
779 95
939 107
568 371
607 262
872 244
947 153
542 437
772 440
746 469
925 437
600 342
930 95
924 200
790 122
876 95
791 443
751 361
599 338
888 67
813 493
741 200
711 232
777 168
714 79
807 449
714 303
759 147
578 200
552 85
829 188
989 485
700 48
795 353
713 244
726 365
896 15
646 426
707 364
865 161
939 27
848 408
879 447
874 244
654 127
911 234
577 116
507 481
568 325
839 442
609 471
839 121
695 113
809 184
768 310
902 388
763 418
794 98
983 13
713 65
666 258
985 453
844 239
980 119
805 120
576 314
538 403
881 154
546 104
545 9
740 376
869 106
920 241
621 254
900 481
598 193
754 389
626 60
755 246
810 175
530 123
960 118
745 203
630 218
842 428
779 55
940 424
658 164
552 482
977 285
659 89
565 332
635 96
904 246
791 267
773 67
785 262
651 10
827 371
552 450
518 406
927 182
861 245
865 451
502 450
908 251
916 500
789 270
562 438
729 383
961 13
785 136
521 26
604 43
854 452
698 204
880 165
664 302
927 474
665 193
755 248
630 415
730 296
775 36
577 462
692 274
867 170
771 34
714 37
503 347
852 411
924 427
877 143
809 5
608 409
1000 353
988 248
873 275
990 473
648 63
942 62
835 326
784 485
833 70
984 422
870 315
878 191
692 449
672 364
652 169
985 40
821 115
555 126
861 367
912 196
879 442
808 102
753 412
756 366
842 323
753 14
550 86
568 254
525 226
764 422
834 391
796 405
913 216
702 209
972 103
691 442
993 310
799 182
907 14
703 200
553 28
605 379
595 383
556 329
955 5
905 432
819 54
960 71
978 459
650 77
994 22
891 144
588 386
975 244
767 65
517 286
921 454
784 378
639 484
977 434
994 474
887 340
900 364
590 360
649 197
948 395
609 156
995 315
549 1
627 385
852 38
620 344
670 91
984 498
594 403
930 70
553 13
537 328
929 438
515 306
845 284
519 147
644 140
919 216
569 164
501 149
643 339
674 211
904 384
976 414
588 322
976 313
858 63
740 84
899 18
914 346
955 250
998 212
798 55
689 487
535 232
975 109
509 157
731 167
815 199
971 373
789 54
928 106
544 281
829 4
669 66
778 406
971 277
699 291
670 476
656 182
715 381
808 106
689 351
835 95
745 301
584 214
693 408
504 483
872 499
651 112
535 247
924 98
678 150
533 189
546 457
704 323
651 259
650 395
799 13
731 436
931 395
852 456
668 242
930 277
623 285
996 283
544 364
841 89
730 53
564 61
765 451
756 184
931 6
894 307
681 173
807 423
805 424
685 457
529 39
865 321
641 173
903 69
537 92
807 252
621 203
942 29
927 227
549 76
761 410
617 449
990 71
533 285
579 496
642 173
829 85
992 29
707 39
572 382
575 317
865 467
841 363
613 171
958 429
773 169
807 144
970 261
540 258
633 218
676 195
572 274
680 10
879 30
937 261
744 326
700 226
955 409
837 415
523 461
836 438
892 240
697 85
756 194
530 150
948 339
914 407
667 466
757 4
577 106
865 325
534 184
983 159
834 152
600 87
595 436
900 294
716 72
657 428
697 22
555 484
790 418
567 331
736 403
709 387
502 148
714 264
565 336
576 5
537 458
949 335
665 56
912 469
670 224
875 467
530 415
678 356
761 309
520 22
516 352
697 441
738 318
749 332
726 78
556 305
968 320
925 224
934 235
892 138
859 220
614 152
691 420
907 167
680 286
800 275
650 439
840 141
576 90
834 264
775 173
602 298
753 245
793 288
997 455
729 287
657 473
666 447
930 138
699 328
601 440
910 177
885 152
628 416
624 68
673 201
939 136
976 54
952 424
837 156
832 332
987 96
741 103
548 432
645 434
805 397
905 317
982 378
513 247
610 33
904 129
627 323
695 124
570 373
960 110
833 219
821 78
765 361
979 206
993 438
815 344
657 40
751 384
990 149
597 432
754 226
628 288
636 57
727 123
849 107
960 381
668 141
934 235
602 150
807 419
563 326
895 157
867 391
760 42
695 63
941 95
849 96
648 140
991 334
839 242
988 201
670 114
979 241
896 238
861 398
609 255
683 227
846 451
585 181
756 368
547 94
728 91
897 184
505 397
955 340
547 132
872 42
820 246
557 318
844 280
941 239
779 316
574 319
948 393
559 42
981 99
933 96
989 404
839 448
801 481
647 430
888 2
582 500
597 366
534 410
512 177
973 453
817 61
782 415
764 237
733 213
742 5
629 312
737 310
789 195
858 289
794 213
787 466
669 187
588 217
784 312
626 33
540 295
864 137
980 419
713 180
503 347
743 74
647 219
913 300
501 15
866 29
826 67
655 109
787 408
675 250
789 327
802 116
635 375
716 62
869 468
573 309
898 129
855 413
705 46
807 348
698 342
695 89
776 331
648 307
909 256
828 409
571 43
985 401
630 100
562 409
779 172
624 156
950 41
798 388
854 175
587 443
543 318
983 141
886 189
901 113
810 179
832 79
709 177
984 102
625 314
518 459
890 448
814 317
830 198
633 357
870 142
928 426
749 237
512 324
586 301
599 412
980 141
669 464
641 411
612 1
547 243
736 1
580 141
795 159
741 465
792 321
822 334
742 234
711 467
841 434
907 391
919 433
910 341
869 368
620 170
791 23
835 208
999 397
709 42
656 96
936 165
630 99
877 410
543 70
682 52
791 284
752 157
560 128
578 304
605 80
608 371
931 400
832 10
848 428
962 432
846 492
556 436
596 266
941 235
522 8
823 122
914 207
931 262
814 67
833 111
620 416
551 218
945 495
991 196
617 470
893 347
810 460
558 83
797 437
519 120
624 332
920 57
979 147
882 302
728 477
661 53
963 395
797 74
714 185
540 458
883 292
701 102
883 186
706 313
838 270
814 355
604 88
748 217
672 108
945 345
668 349
643 449
611 1
686 329
885 67
886 123
913 17
642 142
784 351
948 182
667 174
906 175
680 265
896 6
735 237
828 76
743 162
791 431
888 149
935 381
757 257
585 493
669 320
638 359
555 145
694 19
661 423
712 362
750 498
925 225
707 121
778 9
913 375
857 9
937 264
558 448
962 123
725 455
656 270
518 44
771 322
654 437
980 160
789 455
712 273
985 13
803 417
521 194
944 170
836 444
759 306
871 285
753 55
984 255
576 136
862 421
652 433
767 412
1000 247
940 168
517 17
806 168
726 103
549 493
750 380
846 237
606 424
760 336
776 72
749 310
633 56
783 404
751 32
840 13
805 105
947 339
816 9
786 410
616 440
547 388
616 94
756 180
730 288
930 120
889 493
521 292
625 265
534 345
560 88
715 325
962 322
501 85
623 65
840 130
769 233
609 38
874 170
657 58
947 95
980 125
698 13
711 409
642 417
641 48
762 489
524 497
542 463
857 200
519 424
514 379
822 260
956 212
605 198
590 189
815 91
665 67
705 380
708 60
877 310
789 407
783 152
774 244
748 480
898 278
552 248
676 185
558 358
519 228
542 421
567 64
955 272
663 363
958 286
673 383
819 10
995 302
552 305
981 375
918 482
838 458
942 157
923 266
925 277
909 234
946 99
767 150
511 237
823 263
870 187
547 298
772 350
887 284
763 431
555 109
543 189
511 344
852 400
617 207
514 480
541 348
859 163
753 113
881 303
795 452
762 299
740 466
563 459
815 66
606 284
560 180
612 441
712 292
594 356
520 351
511 425
976 87
729 100
773 314
818 245
781 29
762 357
613 124
967 181
882 426
978 61
705 285
827 412
539 412
603 20
868 90
678 4
526 264
975 314
843 160
561 26
885 410
583 309
848 308
875 305
599 185
566 324
508 142
677 262
738 268
921 416
716 486
733 221
802 318
523 154
606 462
853 250
956 387
510 374
762 243
825 405
924 191
855 484
563 305
890 181
863 108
759 239
716 268
810 317
928 44
853 93
835 407
690 315
713 106
771 468
983 13
977 396
975 464
721 35
643 331
758 215
816 331
964 96
717 14
733 345
761 95
786 173
542 218
809 216
641 278
832 157
649 286
541 27
776 347
902 394
980 305
896 37
858 180
849 378
812 14
954 417
918 183
906 69
978 474
522 209
520 84
607 266
540 434
824 57
985 117
975 165
597 139
889 148
619 277
878 397
797 57
686 472
675 401
872 289
566 102
923 452
657 419
562 102
832 375
723 289
797 402
757 94
806 162
822 436
954 261
642 188
886 78
703 70
595 212
827 62
950 490
868 3
784 62
885 159
856 83
553 57
719 314
525 412
897 96
761 196
826 375
530 450
805 476
964 218
558 336
897 18
751 42
698 59
976 256
506 166
554 241
757 476
667 164
745 4
723 393
823 413
903 48
577 495
504 393
604 4
729 47
757 31
537 222
653 403
894 267
806 202
695 449
827 102
840 304
839 88
700 169
584 365
527 100
649 488
837 405
885 210
878 336
895 292
559 412
999 454
970 406
533 57
570 460
705 409
606 275
811 205
828 398
958 344
542 273
625 393
617 312
918 443
590 361
944 1
995 169
550 44
512 200
659 197
660 331
723 36
943 263
700 163
889 303
886 284
816 479
987 265
631 92
844 349
903 325
872 232
796 8
776 312
773 45
811 437
912 276
656 348
857 242
960 83
554 90
720 443
947 179
524 152
759 21
976 452
998 21
899 122
542 340
796 220
603 344
942 307
685 353
950 125
723 401
514 238
770 461
591 321
602 77
865 15
700 236
672 97
685 372
865 237
868 333
960 393
736 267
710 449
948 124
681 364
541 248
832 32
950 399
722 279
611 333
910 148
718 410
946 122
795 446
802 257
884 325
998 194
891 14
777 240
947 150
585 322
602 434
605 498
523 308
961 323
671 368
537 440
631 248
966 241
528 393
894 345
624 206
522 369
533 444
582 429
973 214
831 408
723 355
993 303
612 443
769 186
704 184
888 381
653 405
781 261
557 52
762 326
647 186
791 286
911 114
677 365
678 174
527 340
868 416
621 228
690 428
562 50
812 279
509 390
822 18
823 308
709 397
877 367
504 15
822 373
879 363
989 241
561 178
643 424
566 9
746 48
873 396
928 235
846 231
971 245
865 235
652 433
537 79
871 207
780 188
644 23
734 235
946 241
533 229
535 90
692 294
813 86
825 316
797 66
740 228
900 212
582 155
651 6
584 263
933 423
774 220
509 276
941 58
553 195
771 58
779 387
769 374
820 219
823 469
899 469
563 56
701 114
557 363
882 368
561 298
881 255
602 44
997 103
972 487
841 467
914 285
712 260
570 409
794 345
657 118
800 25
884 139
782 384
598 398
758 166
631 34
710 487
671 323
841 347
946 285
744 207
776 455
770 303
902 62
878 216
937 40
774 452
587 10
937 183
917 250
930 48
947 334
579 493
588 455
798 23
761 84
634 463
717 256
583 202
769 210
707 483
851 480
576 167
668 337
564 377
538 441
616 459
870 68
882 202
532 499
989 283
719 299
996 418
525 371
961 201
660 392
691 145
582 260
667 496
712 37
957 413
877 329
600 395
815 100
999 353
740 401
759 497
729 303
659 444
561 351
674 258
740 458
589 72
573 220
550 122
787 252
879 96
841 114
737 162
931 332
656 291
858 441
979 111
604 245
933 98
708 259
694 436
804 93
667 247
872 229
888 43
860 385
639 192
814 365
740 499
923 186
513 212
989 387
972 299
721 52
826 446
666 342
950 340
918 58
535 235
538 172
563 305
926 233
534 268
532 18
882 206
991 374
535 482
719 133
587 311
728 174
589 45
728 488
854 102
594 87
605 169
988 157
870 330
654 381
894 65
790 252
756 148
931 310
933 45
988 420
618 99
583 307
968 54
521 73
525 8
894 256
593 269
587 200
521 4
896 394
865 91
835 226
669 193
519 440
606 448
529 421
649 108
793 179
823 165
560 491
905 218
627 467
687 319
750 35
840 348
689 293
873 163
821 333
697 287
965 306
678 482
799 114
919 57
525 178
911 406
814 235
752 410
886 431
981 449
854 100
859 174
836 138
825 279
517 482
807 262
587 69
696 321
638 124
870 389
620 315
513 94
555 290
638 409
679 369
948 196
606 134
539 477
824 372
523 51
984 283
840 99
623 238
987 383
800 226
744 337
644 313
632 69
919 44
887 179
806 262
798 369
727 415
799 181
582 211
653 285
527 304
517 269
980 430
849 11
784 129
876 155
886 82
879 44
504 343
573 161
595 277
772 291
938 45
885 469
586 328
649 87
784 70
636 294
864 382
826 30
936 352
742 240
635 251
765 121
754 272
728 374
679 474
587 468
575 405
960 387
530 191
599 11
578 238
853 241
587 242
574 299
880 291
595 479
621 424
610 43
848 109
832 7
746 288
650 163
949 6
619 459
778 338
857 477
889 295
693 33
511 498
953 466
567 382
931 461
763 110
541 26
822 41
876 120
945 305
954 90
645 92
980 321
791 175
958 194
779 125
549 142
587 77
774 163
608 352
696 368
629 147
896 409
767 227
895 328
883 127
512 197
648 231
924 131
658 491
817 256
862 440
898 471
706 422
512 95
830 358
575 393
539 211
978 22
549 258
686 375
709 362
987 220
746 142
867 388
794 274
863 130
745 138
786 419
740 221
856 71
690 150
513 207
820 377
