950 496
760 20
734 104
605 461
956 50
962 100
617 440
586 119
985 499
742 317
824 267
586 363
814 419
784 22
539 202
602 126
709 35
570 268
734 137
741 403
769 102
772 252
719 50
678 267
769 143
685 291
580 193
536 241
871 405
869 427
801 107
825 149
658 104
818 410
983 471
602 428
861 58
765 175
628 428
813 192
749 236
783 489
827 11
677 310
731 333
830 215
981 273
821 371
822 168
554 415
719 306
985 22
660 415
885 443
660 196
596 299
711 429
658 108
626 60
624 66
596 420
597 103
820 429
896 329
717 278
526 333
828 93
686 343
730 208
977 499
648 381
989 247
519 117
927 230
765 113
569 50
614 309
890 297
637 299
858 437
643 391
958 95
545 157
920 22
729 180
515 369
702 226
722 387
516 423
637 158
919 399
633 147
796 7
725 117
652 491
842 20
639 216
869 490
716 218
769 177
523 202
583 274
838 364
672 303
819 282
813 26
770 425
611 222
832 130
991 373
973 405
974 296
648 182
983 39
522 291
993 265
787 204
721 309
559 464
515 32
820 453
720 109
739 130
766 402
715 159
564 467
757 95
979 183
648 60
927 140
921 338
714 492
513 402
645 403
678 100
826 374
819 479
830 196
772 311
854 375
905 196
850 44
554 205
716 442
903 272
536 233
507 159
675 94
705 372
549 405
872 234
506 123
777 88
678 435
647 346
932 465
578 493
599 297
794 70
644 114
771 346
704 461
722 281
886 162
683 97
920 68
886 57
639 66
758 426
722 122
542 103
753 249
544 207
599 274
654 79
636 26
713 465
949 267
916 328
916 411
596 477
948 483
677 484
538 149
757 145
945 59
637 98
726 75
939 357
938 185
821 117
857 338
643 465
841 264
960 185
924 32
545 360
998 238
816 216
763 381
969 217
545 307
886 74
666 219
813 154
804 97
831 8
537 373
659 330
594 423
902 270
999 176
896 357
565 269
963 158
971 281
516 187
988 74
506 107
592 168
608 341
967 135
559 430
789 388
711 408
613 28
987 456
584 68
850 370
784 356
978 309
804 70
998 388
733 90
670 154
762 347
673 79
857 92
578 92
520 293
582 133
638 93
669 261
821 140
1000 109
607 160
951 287
622 162
665 335
882 60
636 376
965 180
547 424
967 161
655 471
862 83
844 22
943 313
783 148
916 114
588 407
916 229
583 183
971 327
920 380
800 182
999 171
675 283
932 166
911 234
881 133
776 192
897 235
859 200
675 128
565 149
547 441
553 271
887 255
957 59
900 311
917 6
975 81
559 250
976 491
679 170
669 88
782 364
723 120
991 304
853 272
797 245
794 245
835 50
715 2
996 235
906 78
942 90
918 39
960 391
698 404
920 176
552 207
737 123
526 311
584 201
825 358
983 439
775 162
670 342
903 414
694 477
731 50
676 51
589 362
764 443
855 406
634 283
833 99
829 415
801 112
752 218
697 159
502 193
535 391
796 159
810 85
955 90
952 413
775 261
859 52
793 328
765 449
755 282
677 250
771 152
695 388
545 252
569 441
789 100
583 288
905 303
651 337
884 257
831 73
716 86
990 361
964 66
773 16
814 107
871 87
741 310
805 142
529 475
592 158
504 407
950 11
704 269
533 473
869 426
845 144
506 72
597 29
938 431
504 105
696 19
820 129
623 236
781 23
757 197
607 402
561 77
804 451
635 286
824 148
608 496
686 423
788 388
945 39
553 93
890 367
578 126
633 4
829 214
901 123
923 124
554 224
614 435
819 247
630 157
818 233
555 185
903 256
554 300
819 5
616 315
674 146
996 398
685 79
636 407
619 91
538 490
663 13
843 297
954 81
835 442
549 72
545 120
827 14
658 393
551 440
543 453
687 171
519 92
749 274
605 243
820 287
842 172
872 37
767 295
651 98
657 64
729 358
891 52
735 393
906 175
782 105
664 264
960 404
779 189
521 151
999 146
540 480
709 43
602 466
663 350
600 146
794 152
913 265
614 248
503 352
957 387
629 288
561 97
785 290
776 98
849 221
851 478
678 450
511 198
965 465
881 219
662 119
665 213
838 30
576 197
736 34
769 438
982 90
871 120
687 229
982 206
825 480
973 155
996 301
613 372
587 363
577 352
645 15
992 175
515 343
716 209
962 65
928 187
565 423
859 36
841 84
975 386
873 74
512 265
582 143
641 243
897 476
568 258
571 264
605 101
770 96
507 366
656 91
690 89
631 150
743 204
843 51
514 457
886 422
996 219
657 461
547 428
805 151
509 9
653 359
572 355
841 364
918 51
599 339
789 447
543 379
817 280
518 362
965 351
677 74
927 119
836 253
823 233
847 313
1000 84
704 24
961 375
949 174
688 450
925 4
825 29
896 386
892 143
648 236
563 61
696 256
778 307
647 131
737 116
726 2
916 246
536 455
953 386
516 303
845 179
603 366
747 302
854 64
665 354
778 112
608 323
639 66
564 476
706 334
896 194
915 387
780 303
616 39
582 107
560 478
893 181
991 117
606 411
631 309
908 231
511 487
599 446
788 498
725 140
821 164
863 285
597 128
737 464
554 186
906 299
514 312
560 171
673 439
989 89
932 94
890 203
581 143
712 97
723 174
700 370
582 72
700 325
684 413
704 127
509 255
973 340
792 4
740 480
683 77
843 361
784 375
513 72
753 338
905 428
821 52
993 301
864 117
878 243
863 119
761 168
841 268
826 447
810 360
548 465
657 252
628 8
567 384
710 143
695 16
782 56
535 451
600 24
918 105
535 102
754 155
748 55
755 162
518 124
896 275
736 485
541 328
550 406
807 291
970 491
517 456
977 275
833 239
745 120
691 498
709 463
673 233
834 78
765 276
806 181
696 264
902 93
576 229
708 158
834 44
835 306
931 441
535 470
599 104
911 314
536 200
802 358
985 267
911 274
915 145
727 391
567 478
891 137
552 251
523 272
900 116
657 123
902 252
785 477
986 447
529 110
879 97
537 9
947 131
947 191
666 483
566 55
947 267
861 232
757 129
691 176
524 237
994 353
827 353
753 293
810 406
979 397
961 82
799 450
687 108
565 213
977 86
714 453
943 55
828 199
601 118
785 223
666 449
758 170
543 288
504 350
802 155
573 202
673 327
766 159
840 194
983 369
523 284
588 352
529 433
801 383
663 127
630 370
702 455
609 152
594 148
613 126
980 123
719 145
572 89
661 21
736 9
616 273
993 1
569 134
574 43
938 188
614 144
740 221
621 382
735 9
933 148
799 138
863 191
861 145
1000 417
912 191
653 63
935 375
888 97
631 476
628 121
673 200
760 248
649 159
604 214
874 113
830 3
875 482
608 283
777 483
965 422
742 307
852 419
521 299
992 474
826 317
685 74
768 243
708 462
571 311
989 316
725 327
906 365
663 48
960 111
893 293
900 192
938 414
762 299
576 299
993 376
906 58
581 490
689 445
879 480
904 482
926 498
767 323
847 63
888 12
984 442
839 469
588 216
707 212
717 156
984 202
660 64
651 167
556 430
685 246
882 396
682 298
647 286
710 217
932 255
648 57
841 399
714 333
833 171
751 478
926 296
842 457
725 95
505 328
739 337
872 372
668 328
678 193
906 34
845 449
915 139
813 146
780 253
565 165
594 306
543 490
665 160
931 209
590 344
955 205
713 413
592 344
946 68
604 432
870 195
532 293
589 441
558 415
963 364
640 441
670 156
720 144
900 224
725 159
643 162
981 40
677 215
972 425
700 382
657 353
579 301
540 481
523 419
544 452
946 419
837 162
514 361
986 458
936 33
976 254
558 200
863 414
632 268
771 385
899 323
664 129
950 271
857 292
710 150
666 29
847 100
813 144
701 92
534 360
574 76
755 467
681 56
526 283
948 277
698 260
619 89
660 336
640 420
805 250
516 479
589 362
893 173
670 387
731 67
643 112
943 282
759 267
943 295
613 449
989 344
978 156
810 364
571 334
506 150
617 266
824 122
860 88
601 130
990 232
531 38
621 52
687 366
917 475
612 70
947 270
534 286
959 491
759 398
873 458
916 390
786 259
905 230
809 282
981 223
806 407
821 404
660 116
915 483
893 235
835 69
748 26
612 233
763 431
948 257
781 13
932 439
880 162
748 369
959 331
557 296
983 56
631 207
828 221
866 32
712 229
959 172
541 270
977 73
997 363
851 429
897 362
778 322
521 175
993 464
823 52
786 393
776 442
657 25
995 151
857 490
820 202
502 44
974 142
961 379
809 174
618 460
623 304
585 152
943 155
713 400
630 430
518 359
603 103
672 155
714 357
519 387
581 153
974 133
507 165
975 497
663 145
831 221
890 55
821 446
637 444
995 407
852 258
528 59
847 241
930 353
690 20
932 234
912 409
928 236
699 159
1000 457
712 304
625 125
561 149
840 206
813 414
827 416
945 264
814 122
652 387
554 340
825 24
586 450
622 160
610 365
685 145
982 150
522 401
925 411
839 224
716 373
986 387
921 81
730 55
747 462
661 191
763 99
915 3
610 178
843 464
532 344
581 37
771 455
983 170
547 458
848 261
844 483
985 260
787 458
947 187
765 262
909 360
710 393
540 480
722 329
673 318
802 448
686 349
809 499
691 387
931 244
973 436
653 444
554 369
593 66
931 294
967 274
631 86
630 27
519 420
594 292
585 267
887 370
947 431
771 484
877 314
731 313
923 221
915 167
806 198
664 204
716 409
965 45
614 326
695 323
877 485
665 259
660 457
977 311
693 110
639 379
509 26
852 456
581 199
652 389
956 10
920 252
833 486
972 226
764 335
595 303
569 326
674 369
607 180
860 491
903 404
811 181
988 247
679 125
943 303
848 305
672 146
781 280
631 328
708 459
887 246
966 192
925 66
886 458
612 268
648 384
649 298
650 129
549 218
732 358
950 74
981 472
725 208
821 291
783 290
961 432
847 222
965 446
953 299
524 476
696 225
644 390
617 350
944 193
708 219
684 122
955 113
857 222
728 112
799 478
858 186
547 315
641 36
539 473
971 119
532 427
767 324
851 406
549 394
925 43
736 318
704 125
854 92
796 396
851 94
633 172
845 291
552 153
573 268
967 327
662 67
924 472
964 372
517 497
943 154
578 76
790 6
879 107
621 424
543 295
636 390
873 24
504 74
513 150
570 139
609 38
598 121
571 280
886 370
787 488
973 86
867 449
790 224
961 329
850 213
681 419
806 291
867 140
756 293
622 453
893 2
748 454
662 373
760 111
862 325
528 190
573 434
653 225
702 350
925 129
860 249
543 39
752 79
821 303
846 220
895 303
957 245
513 277
627 392
871 136
520 390
810 284
760 319
662 202
857 231
713 405
672 213
617 170
903 496
627 31
975 47
813 141
682 397
895 219
958 35
953 310
587 41
864 106
589 138
528 461
970 248
595 436
675 110
649 201
511 429
681 477
786 350
799 382
833 439
885 454
723 259
959 155
953 495
525 167
674 13
985 146
582 226
876 439
853 101
979 488
827 149
817 108
781 121
892 284
603 56
553 71
961 4
742 45
849 358
836 390
693 222
586 346
575 421
565 96
958 18
502 46
746 366
727 126
557 316
843 415
699 147
602 465
612 150
732 346
846 170
503 186
931 265
734 449
664 324
978 68
990 328
802 145
904 415
936 399
723 175
882 427
723 17
769 129
936 244
650 134
827 321
895 386
657 166
572 413
784 339
611 210
754 498
523 423
936 230
637 388
883 13
950 146
833 25
554 202
546 445
753 438
910 307
676 447
585 13
656 157
939 277
889 347
703 184
809 24
554 112
830 441
726 497
583 82
916 11
789 477
570 204
744 308
760 178
861 425
617 100
550 262
565 310
871 475
712 93
681 343
536 2
920 218
979 163
920 25
771 401
526 340
882 97
969 457
950 117
768 304
971 285
685 20
558 369
599 354
516 192
566 312
669 468
941 247
527 251
771 90
897 131
916 11
589 222
547 246
940 439
611 34
656 447
919 255
936 461
760 175
913 471
844 211
809 95
937 94
569 78
502 84
516 184
983 232
743 45
733 469
630 497
601 59
808 388
791 452
897 115
931 488
910 346
709 457
811 459
570 156
803 389
734 481
846 471
590 464
829 278
665 60
916 162
524 254
699 197
908 216
979 441
873 143
522 316
772 133
981 434
691 327
740 418
680 314
715 20
504 466
680 105
979 135
691 221
798 16
766 27
605 41
698 165
992 164
954 78
573 475
927 170
725 467
762 416
521 278
804 398
770 406
895 488
620 402
963 88
603 199
695 295
768 350
880 427
739 170
882 474
578 321
612 161
596 317
847 312
887 435
777 107
654 139
1000 80
554 320
696 125
810 84
782 32
787 449
715 190
711 69
503 77
894 146
939 16
683 465
549 131
771 256
897 485
688 492
796 83
679 6
791 154
605 212
685 432
639 411
880 206
755 213
653 215
758 158
716 212
951 2
966 26
827 482
793 374
767 259
973 139
765 292
955 440
721 277
737 134
853 218
845 208
805 142
651 383
749 98
777 151
936 213
705 55
663 125
510 343
626 224
532 364
659 361
603 198
807 459
752 115
876 251
619 401
566 125
645 164
826 307
916 210
832 243
763 172
884 125
935 363
821 499
528 492
679 203
896 83
501 472
909 339
501 44
914 85
821 127
608 257
741 444
870 241
636 395
526 270
872 43
687 4
906 472
548 251
894 188
501 180
618 59
827 209
511 417
938 228
667 324
919 1
623 380
578 305
936 469
907 115
955 471
510 222
923 246
905 376
851 349
718 418
570 56
832 146
668 355
984 300
900 278
603 265
564 342
507 431
658 350
547 480
546 119
521 150
571 427
657 429
959 179
900 312
629 52
786 127
602 478
922 165
735 309
811 390
944 428
911 413
688 179
782 115
813 114
635 341
667 274
679 478
946 399
817 10
544 477
1000 144
751 257
957 273
951 156
785 237
789 172
751 326
703 347
782 419
913 377
863 294
664 125
754 348
940 63
848 355
978 55
919 366
927 415
559 113
633 149
710 15
816 462
689 490
610 344
502 329
652 40
915 61
970 134
754 323
583 409
609 356
888 460
662 194
735 99
522 83
827 185
695 303
972 15
760 270
926 373
945 484
862 466
568 157
669 229
730 9
863 139
676 265
827 244
520 305
913 392
740 328
881 181
954 436
639 495
852 74
591 326
822 443
606 216
632 113
771 104
778 274
859 293
816 334
732 497
994 164
740 479
636 59
743 277
862 477
956 154
909 496
787 139
944 235
512 151
849 27
741 365
832 236
769 500
922 182
987 473
547 143
984 284
822 409
901 175
772 196
733 375
818 189
739 399
938 451
701 102
624 9
655 49
812 174
693 145
668 218
957 41
949 259
592 249
644 319
582 100
922 277
910 227
846 288
817 317
877 176
665 316
706 125
723 399
961 248
941 57
796 357
661 390
620 8
539 6
900 376
707 339
656 254
760 224
880 456
783 41
650 145
988 261
782 245
670 496
656 61
859 258
788 269
955 85
767 313
616 340
994 490
539 133
647 434
582 77
928 365
889 179
787 73
874 365
614 135
936 7
666 169
956 129
677 341
571 79
869 463
617 346
920 166
887 16
975 200
554 68
568 160
553 249
541 175
813 410
660 38
663 63
581 278
819 239
715 106
525 329
904 118
560 418
924 327
894 319
528 86
581 138
561 128
503 353
715 391
834 469
660 120
538 59
760 158
776 216
918 142
794 105
602 382
757 229
997 364
682 29
874 88
761 81
976 2
973 345
878 116
516 80
889 197
965 488
946 126
653 383
935 311
510 30
774 250
852 472
842 298
553 113
708 320
875 353
576 45
815 413
663 48
586 452
784 71
629 68
748 234
566 464
688 308
704 126
687 441
740 444
551 334
689 359
940 194
921 153
802 118
881 179
629 122
766 335
589 65
934 259
752 180
510 43
732 18
748 392
914 459
763 285
621 361
721 165
620 229
704 336
566 377
912 25
534 152
803 489
902 24
664 467
922 251
874 246
704 141
702 215
831 104
782 193
523 245
712 273
809 55
707 484
744 35
658 178
934 30
612 206
733 442
685 97
857 340
645 431
543 247
697 224
570 398
703 258
960 43
930 374
801 208
931 331
845 208
973 406
765 304
564 371
504 241
666 171
937 230
542 122
588 182
675 121
761 304
697 492
829 415
791 417
532 347
666 296
576 410
579 240
586 139
926 435
758 32
774 105
632 113
980 296
895 73
926 391
884 160
533 429
856 133
968 145
863 28
921 245
536 166
587 329
950 150
574 306
520 90
571 492
691 455
684 34
926 387
551 460
861 13
593 47
689 152
889 248
901 336
577 78
646 477
825 36
760 171
761 469
988 359
615 145
518 68
721 210
626 249
571 339
697 255
756 467
914 269
902 140
893 310
537 37
917 484
538 227
632 411
621 341
712 277
547 248
774 33
775 57
970 126
780 355
671 154
994 465
525 351
883 257
883 187
680 452
832 363
583 3
575 111
580 454
942 325
881 38
534 353
886 119
881 12
561 154
893 451
739 261
755 312
694 346
872 297
506 426
985 366
696 195
548 383
782 201
908 388
888 42
517 176
557 426
966 226
875 21
798 70
733 250
750 485
621 455
677 165
900 451
844 282
598 469
657 9
859 187
698 254
684 85
625 258
588 327
674 156
907 3
818 86
965 500
897 232
963 413
670 391
631 81
795 327
542 420
998 112
863 87
701 196
633 201
883 421
921 298
760 205
654 274
507 408
838 450
901 348
909 123
887 264
557 461
806 333
989 398
828 140
571 223
878 242
682 350
670 130
877 473
943 124
578 80
557 253
620 66
556 211
995 13
866 386
812 316
690 369
928 265
543 197
911 188
662 201
538 155
982 185
854 429
574 255
586 369
875 59
695 159
806 225
980 313
724 468
944 111
506 134
915 400
637 351
635 480
853 109
651 482
628 165
931 248
696 316
887 280
859 241
560 43
585 363
926 452
870 306
796 75
696 158
650 374
585 388
557 246
678 208
503 358
671 265
772 343
582 83
527 301
706 245
838 151
514 276
841 126
914 137
768 453
859 1
945 263
507 164
545 317
512 251
