385 266
132 501
959 816
188 297
194 820
331 535
63 119
657 170
17 861
136 449
418 705
214 101
523 516
256 679
36 721
936 452
219 974
460 436
286 388
678 2
38 539
855 825
510 625
740 461
635 699
958 781
219 612
400 212
111 466
501 532
86 756
720 715
564 373
797 324
542 69
955 487
86 322
680 618
11 40
371 781
887 766
268 86
281 51
304 543
363 948
618 77
513 392
202 502
547 600
766 996
737 81
365 732
153 479
951 630
507 407
857 351
171 151
922 632
506 639
597 961
775 822
312 342
295 923
680 658
618 77
321 983
807 800
396 921
376 205
395 345
405 372
16 9
565 162
658 925
151 949
327 350
182 364
458 786
180 951
946 139
877 44
707 795
840 6
956 971
248 297
449 327
737 689
177 36
979 481
957 747
178 375
249 526
421 656
106 95
17 440
483 637
910 940
253 444
651 711
768 598
638 278
864 658
783 684
141 616
623 964
197 257
1000 873
992 951
147 604
591 379
259 680
41 497
581 220
586 33
312 606
496 154
190 36
351 962
868 388
924 988
960 162
737 466
39 75
942 233
85 456
610 377
823 349
270 610
614 220
923 328
958 833
922 206
362 707
109 753
805 581
94 698
33 972
139 563
603 506
329 186
717 111
24 209
514 132
268 931
365 159
465 598
806 811
588 39
91 311
413 57
775 236
515 743
279 290
569 670
591 612
177 916
545 824
86 426
985 352
157 57
522 344
936 620
987 502
630 612
940 717
295 637
319 601
716 892
389 676
854 456
686 742
388 903
874 502
540 792
366 549
302 966
901 642
646 335
531 964
885 189
498 330
367 72
929 773
270 446
858 508
16 331
534 171
91 495
405 920
943 795
644 139
756 440
86 590
272 662
392 98
254 830
962 20
532 214
323 845
650 626
540 694
479 925
423 437
388 754
25 487
982 693
62 509
280 59
251 399
676 585
770 411
320 599
311 84
912 454
560 181
68 623
362 690
241 159
651 6
910 762
468 477
476 50
165 180
459 109
708 144
694 885
703 258
491 915
320 279
845 608
305 34
940 417
880 714
445 408
383 605
178 73
137 700
1 352
463 629
905 174
189 754
994 668
351 930
132 309
860 700
751 585
455 933
518 90
357 111
815 744
250 600
557 685
258 714
653 531
490 773
757 501
438 999
744 899
98 107
361 784
438 862
382 233
24 747
512 672
774 413
722 738
520 214
681 932
226 86
587 21
415 532
767 773
9 63
707 512
622 34
802 510
250 893
711 131
477 98
515 797
797 582
334 691
523 243
867 441
529 856
577 375
516 804
318 478
678 894
782 610
501 812
183 863
874 693
27 546
417 874
827 637
708 786
37 950
277 488
4 829
295 309
359 381
553 772
493 518
474 978
610 30
572 696
226 405
343 189
38 45
346 605
215 906
744 144
383 544
952 724
651 517
569 435
234 465
356 589
100 682
668 50
163 316
495 972
786 341
268 326
102 449
708 931
478 592
634 800
912 594
168 633
838 948
2 58
89 297
901 630
264 394
379 745
730 265
295 112
629 966
484 483
86 609
37 199
518 825
583 930
927 746
489 429
377 695
53 161
340 845
227 889
232 637
722 287
361 464
512 247
913 517
977 816
643 506
507 771
94 681
476 930
355 554
957 94
115 737
564 825
59 182
1000 834
956 825
499 966
236 694
312 113
390 923
909 46
627 15
80 872
213 45
173 777
270 622
754 323
889 335
246 888
336 763
297 631
539 394
892 682
913 169
682 893
270 939
350 468
798 857
891 140
463 234
4 436
186 981
793 854
683 621
367 506
707 212
996 624
241 3
939 98
433 708
994 919
107 836
516 492
622 631
631 823
580 930
229 277
890 89
686 303
237 294
46 272
659 882
470 774
682 744
535 703
430 435
757 637
692 320
127 514
840 381
769 182
625 405
335 399
185 9
118 753
906 754
385 278
412 123
554 886
119 708
431 310
794 692
57 436
919 269
842 894
937 29
450 275
527 337
217 190
701 2
450 270
448 833
629 999
509 245
275 886
773 745
563 73
116 483
228 130
609 70
39 544
30 511
651 189
613 71
222 509
729 344
58 835
728 761
740 97
985 50
25 134
862 799
740 179
954 533
669 621
355 155
895 841
730 671
603 222
862 176
822 773
398 537
757 521
217 122
185 602
351 927
729 230
586 377
386 3
567 835
47 297
187 294
544 608
515 210
819 212
319 344
894 17
942 155
619 773
145 435
733 186
682 884
818 362
365 884
971 510
1000 898
961 39
815 744
777 415
629 547
233 175
531 71
356 201
454 325
637 616
712 616
793 264
272 817
765 488
410 410
580 489
845 872
399 844
152 508
438 937
611 101
574 99
353 230
418 20
498 790
108 353
897 857
984 748
595 143
509 156
700 740
349 124
538 198
113 502
366 254
60 677
992 312
773 788
183 328
177 645
373 399
324 664
31 792
73 415
153 175
660 280
37 175
852 998
959 211
802 669
607 217
425 693
363 549
30 584
30 68
415 958
354 303
758 271
737 592
934 111
294 735
348 789
340 926
891 734
23 81
876 371
489 143
698 12
719 914
211 158
843 190
441 399
737 23
300 848
490 169
129 376
580 385
652 533
330 442
706 20
154 388
690 573
885 903
829 219
407 426
762 148
492 166
900 773
826 989
404 92
845 139
211 819
297 853
706 300
624 734
38 56
308 597
944 922
884 898
207 207
964 488
848 19
355 23
729 131
893 518
358 398
956 772
169 163
425 994
749 414
513 127
43 161
556 234
816 309
839 544
975 995
14 179
921 388
484 139
844 499
751 671
880 212
487 208
426 636
233 450
335 339
214 655
687 535
843 637
680 266
169 290
371 351
974 252
121 31
743 933
494 882
152 699
660 606
588 528
667 821
389 891
542 349
770 31
923 252
972 928
975 397
690 36
824 490
109 250
793 178
929 965
923 634
675 593
160 234
901 602
295 272
723 326
95 95
782 339
315 87
685 750
281 225
65 220
945 786
514 378
765 29
645 691
290 379
883 783
333 848
824 887
664 96
482 403
194 602
787 254
979 690
196 141
573 222
450 411
29 548
828 247
406 130
922 113
348 42
584 606
649 65
531 228
19 818
449 681
740 989
301 884
302 450
490 861
513 804
825 799
482 436
627 198
605 424
515 22
692 755
305 311
794 441
518 77
273 558
841 778
256 473
580 490
530 322
222 319
727 167
631 211
90 5
691 807
282 958
898 366
257 33
85 859
985 112
886 312
119 66
244 580
871 151
717 138
926 544
292 460
680 777
885 431
614 273
307 254
883 459
106 158
106 751
551 977
987 82
384 793
445 572
753 646
223 916
972 77
290 754
308 753
953 852
152 571
71 703
230 572
655 654
364 61
31 994
474 600
170 310
914 141
401 511
1000 438
22 273
894 70
674 153
180 848
729 949
581 934
612 300
272 619
595 884
959 335
573 241
302 140
234 134
763 850
898 291
960 612
360 699
591 405
624 794
751 801
575 903
396 582
320 578
977 9
525 549
639 225
524 134
449 843
63 56
625 706
739 374
946 224
695 188
572 640
444 392
728 402
159 576
254 932
313 346
368 340
929 963
834 256
847 416
360 983
226 888
423 466
551 139
616 436
387 11
574 972
140 542
691 522
837 158
767 661
496 501
316 554
921 291
280 258
50 271
747 436
641 49
543 352
130 452
451 417
886 49
111 739
780 973
287 20
20 131
822 798
262 774
785 626
636 974
592 450
438 721
561 1
945 938
751 311
469 442
764 926
499 214
568 257
42 436
912 107
451 820
915 793
497 739
224 379
159 594
201 311
15 171
206 87
719 558
195 713
632 913
948 798
177 354
34 375
559 174
446 179
842 969
843 948
836 878
948 92
502 775
294 321
335 530
721 571
784 936
992 876
972 989
84 901
342 75
994 666
353 840
441 985
585 641
806 20
480 172
368 111
548 239
407 692
929 733
939 507
134 224
518 639
682 322
796 467
678 752
398 231
521 725
103 395
738 47
186 904
613 516
835 365
392 178
259 264
664 378
927 540
418 960
725 213
396 411
705 989
640 786
3 800
777 796
70 280
734 552
856 466
186 19
381 273
154 549
923 570
799 890
377 506
833 818
990 542
82 681
376 88
708 542
67 507
892 147
487 126
137 488
39 4
425 115
936 30
946 404
338 699
570 254
757 104
93 239
608 492
292 659
788 892
922 130
281 378
971 14
549 440
928 292
351 271
346 853
503 452
185 256
798 506
75 435
94 820
82 143
976 103
960 972
804 863
657 527
878 687
123 623
839 444
836 778
861 31
902 850
804 390
715 888
539 768
46 102
990 859
392 692
186 6
286 54
380 44
179 589
56 882
159 31
311 427
725 987
932 37
952 52
113 885
769 730
199 166
904 734
593 70
479 565
693 513
428 257
477 69
650 669
2 738
816 856
376 631
76 897
307 522
458 998
502 469
125 115
608 167
181 445
697 358
685 253
504 44
835 121
893 593
894 159
316 480
48 620
790 443
857 788
981 78
756 286
3 841
753 850
513 998
62 608
468 474
93 583
979 411
571 838
606 658
247 823
100 483
461 772
801 827
722 75
451 382
886 358
37 882
308 91
204 823
13 89
244 173
702 981
901 974
91 680
131 453
252 38
780 632
619 828
117 498
136 643
248 535
891 16
225 372
724 10
828 838
667 81
241 301
540 700
460 881
439 922
696 429
240 773
911 114
386 96
868 159
304 956
961 372
334 812
967 292
604 269
593 535
344 880
744 718
793 874
122 330
435 785
208 419
328 633
438 147
849 660
447 883
272 149
610 61
522 503
242 593
996 82
538 512
702 957
877 6
552 351
781 763
37 510
940 40
669 118
45 986
816 611
723 190
529 681
874 839
593 650
166 929
567 538
256 278
909 756
575 170
15 21
872 221
50 522
162 524
988 90
203 963
313 986
912 899
588 489
765 193
807 233
754 130
192 78
402 496
790 868
46 213
577 353
118 663
834 892
894 1000
194 842
452 358
957 604
981 895
957 453
263 780
877 19
206 126
394 824
405 468
287 297
155 845
373 961
690 225
59 357
652 280
580 185
273 88
194 111
993 84
67 885
876 504
765 243
206 35
323 422
97 691
667 904
685 712
313 533
19 99
316 197
419 55
364 381
372 308
498 446
867 665
824 265
401 211
593 107
159 902
279 443
352 501
47 388
932 834
983 337
28 324
316 764
407 603
601 406
186 903
333 802
674 496
597 577
65 596
298 988
62 320
618 866
927 743
231 600
555 865
170 516
911 754
973 678
994 269
468 544
702 593
197 773
547 97
238 232
158 806
761 174
500 926
669 657
779 397
948 314
415 47
413 291
576 595
921 835
9 602
956 915
19 779
56 977
657 48
6 675
71 726
252 813
115 500
394 61
528 522
464 41
586 396
968 640
193 534
557 684
262 187
261 45
422 368
432 100
61 943
355 140
366 809
15 25
308 364
821 671
566 813
976 952
798 243
864 580
473 649
438 420
655 723
775 501
233 335
711 490
322 753
206 660
425 95
967 792
454 409
447 89
482 90
306 341
814 950
170 726
913 949
56 357
227 425
59 220
803 840
987 869
693 641
500 223
152 875
118 724
462 411
359 26
223 645
900 641
941 845
54 566
659 215
917 29
536 108
568 896
861 414
225 546
520 8
86 443
345 578
904 940
496 30
133 230
923 333
482 37
989 870
815 453
348 700
489 945
46 854
526 116
271 283
502 795
268 27
797 911
731 165
159 180
594 474
275 224
331 650
586 8
458 725
288 997
397 191
131 867
44 407
707 722
134 422
915 127
224 224
101 725
527 527
780 564
597 663
139 180
130 645
730 493
144 457
209 184
985 177
922 116
791 975
258 27
517 782
521 507
585 98
665 429
416 751
382 886
757 894
282 748
683 542
843 543
597 403
549 121
765 614
635 534
350 42
206 764
525 167
837 525
223 95
859 614
295 18
739 554
168 925
910 303
533 474
186 504
159 289
916 913
737 474
212 498
13 828
630 772
196 84
767 361
395 433
856 400
491 222
696 110
412 369
790 515
176 231
810 545
357 226
11 121
879 88
191 442
720 693
871 785
40 92
210 334
33 296
47 24
413 920
934 178
732 653
688 392
456 530
563 12
510 730
255 338
377 200
721 433
574 199
68 38
409 100
950 453
477 987
714 453
705 520
530 692
994 783
292 600
591 574
980 270
304 794
278 667
946 689
845 12
477 331
832 291
553 452
88 639
230 971
807 692
929 787
702 638
992 757
144 872
756 380
78 274
37 141
995 901
197 385
349 63
218 220
966 932
25 167
718 585
871 575
730 43
573 41
550 490
110 512
879 432
49 279
731 926
368 279
218 745
663 242
864 900
389 404
656 680
751 341
105 573
495 80
356 770
290 906
567 78
405 36
323 838
548 941
310 615
39 59
125 658
991 240
144 862
232 421
648 103
647 896
344 77
694 859
279 7
454 858
921 899
596 669
891 767
744 838
948 87
759 569
684 455
443 542
447 324
107 260
78 446
977 541
308 832
628 561
6 138
561 774
781 257
509 473
234 928
679 725
932 514
942 489
93 110
837 678
728 109
843 387
483 918
12 677
268 207
957 575
70 603
213 128
975 43
561 184
90 794
817 142
588 650
283 515
371 624
146 569
934 137
614 320
722 164
733 565
144 422
723 717
729 395
164 375
152 615
480 256
337 85
415 730
672 191
98 953
581 12
67 604
682 262
623 582
579 214
875 226
911 409
368 757
792 963
418 324
472 842
239 117
258 910
618 727
280 615
95 641
919 737
950 691
55 323
118 30
426 550
311 507
631 324
48 235
770 873
828 70
154 310
8 488
49 551
997 732
498 273
863 55
499 903
226 217
432 601
459 196
777 635
856 789
249 589
105 446
357 169
931 74
165 877
721 150
237 484
34 50
40 408
100 21
278 563
386 549
615 971
874 323
746 325
448 972
197 319
306 394
495 301
9 803
751 754
381 568
313 753
553 165
90 710
427 613
84 887
387 283
135 292
907 945
272 936
564 98
626 629
256 915
187 638
688 409
808 129
697 708
10 87
399 898
796 798
320 585
559 587
914 92
723 491
693 322
669 530
473 758
710 723
386 979
20 769
78 364
39 209
694 419
475 907
686 342
815 279
102 337
715 759
224 911
249 758
229 316
678 787
179 802
978 26
979 253
65 264
606 309
927 191
814 31
604 329
912 321
420 452
84 767
328 96
366 398
311 9
651 951
80 548
252 215
904 759
10 564
849 931
221 490
982 667
110 725
500 938
414 719
21 735
247 825
933 984
348 846
21 684
182 734
100 175
596 877
719 686
155 790
792 128
410 780
358 359
72 907
329 158
57 406
849 654
25 665
373 142
907 913
629 847
939 150
820 681
244 42
789 763
709 658
666 874
848 773
152 89
183 314
791 461
627 310
103 597
862 677
58 773
797 933
719 322
77 936
669 260
892 849
795 62
381 155
321 16
683 449
988 538
888 278
946 624
732 370
725 959
285 530
915 64
425 212
64 823
770 167
695 905
176 917
36 352
377 492
336 215
574 10
954 283
163 855
527 682
420 383
415 590
512 351
957 982
727 389
738 740
9 247
999 713
300 846
362 9
360 871
960 523
942 112
225 160
186 384
649 318
555 100
235 244
177 518
888 931
746 179
753 495
200 451
222 203
768 748
424 675
645 493
408 244
893 310
146 991
983 530
667 939
407 292
975 443
605 193
73 287
497 651
970 955
546 683
757 380
332 97
76 770
246 886
750 503
935 137
250 839
83 555
908 991
120 131
756 836
332 884
262 187
347 435
372 910
683 353
415 182
908 42
567 93
966 420
452 29
776 129
599 722
664 96
795 890
618 267
869 719
424 293
321 721
686 798
86 994
49 89
801 332
316 919
851 371
659 274
338 609
955 438
999 912
23 253
883 295
8 401
129 84
244 292
854 100
695 239
942 332
576 265
278 332
579 755
271 748
120 256
904 175
994 510
352 596
836 575
363 494
218 905
337 741
291 302
110 431
336 311
97 217
62 616
912 143
750 405
771 622
21 271
919 203
545 140
936 206
889 355
324 188
987 915
413 772
796 233
430 223
533 514
786 989
588 37
438 510
88 559
93 181
611 699
153 52
165 374
722 180
589 948
452 48
783 459
714 569
621 112
882 539
137 652
754 591
354 5
898 634
264 590
422 504
782 413
988 879
257 361
742 22
643 424
488 179
912 892
708 459
555 617
303 112
749 24
251 60
423 554
242 661
838 158
651 375
237 781
142 631
361 701
195 460
560 783
895 623
435 751
288 969
987 827
223 589
811 744
591 275
196 389
938 153
714 304
650 52
929 454
390 701
754 398
738 23
60 891
839 726
204 308
694 424
625 470
991 418
224 79
175 276
774 846
839 213
956 736
898 783
370 88
764 777
150 310
382 428
517 660
452 360
645 546
479 880
50 825
598 3
18 353
749 889
261 713
560 80
268 485
968 808
242 446
485 885
694 17
131 957
158 663
578 295
87 111
65 566
966 159
673 877
743 905
664 996
309 463
337 240
474 725
155 577
340 950
687 702
256 329
455 482
542 409
546 150
481 394
473 304
779 521
543 927
408 352
495 377
581 895
320 195
884 866
14 515
35 458
812 390
981 135
11 330
82 567
808 49
794 944
660 911
821 611
846 959
996 504
680 96
885 977
203 788
723 983
519 40
499 272
219 976
76 385
748 105
95 478
597 513
844 795
912 453
320 403
851 592
956 559
784 590
793 577
41 571
979 255
656 100
174 141
117 952
33 200
658 939
631 69
248 537
180 810
879 573
220 877
493 295
756 927
829 307
454 102
765 829
629 627
777 133
430 113
802 701
197 918
10 72
545 977
788 795
986 855
586 486
386 626
985 400
523 748
876 688
942 229
857 796
361 592
795 237
801 870
408 587
380 316
784 561
539 417
536 937
817 353
364 642
620 137
368 913
74 754
204 50
969 505
213 18
635 924
810 206
706 784
954 243
72 882
723 415
7 800
14 937
936 700
910 869
202 214
107 248
765 224
933 682
164 669
427 227
816 135
