922 63
597 27
801 224
996 349
705 386
862 490
559 406
998 260
697 365
981 176
515 400
914 140
733 346
914 262
552 354
885 292
520 359
798 235
573 54
917 12
585 14
514 82
790 245
798 54
859 195
836 61
706 185
991 248
675 171
818 68
525 415
574 365
789 426
818 189
998 206
928 400
548 375
950 392
544 6
833 496
601 6
694 157
515 147
605 380
642 32
588 269
922 31
908 38
946 25
683 425
853 21
568 481
778 128
818 47
812 167
852 396
824 13
576 255
517 409
729 172
955 17
942 370
674 137
934 384
825 73
930 299
646 403
806 102
638 246
560 329
999 263
715 72
923 260
636 304
600 6
767 355
790 367
501 434
720 315
730 481
861 41
796 58
748 50
717 438
806 474
871 344
780 354
807 421
881 13
907 482
676 239
563 445
893 439
981 288
589 287
512 42
947 45
814 493
597 72
962 460
883 214
525 274
964 460
831 374
784 231
949 214
682 325
626 102
777 252
841 51
678 270
952 35
688 339
981 183
560 130
868 109
696 88
541 276
514 130
737 93
986 412
986 153
658 104
542 322
730 38
936 87
655 420
749 43
781 356
606 154
602 198
658 486
987 468
630 154
707 279
539 365
948 344
989 173
811 192
596 2
931 270
628 470
546 399
733 113
872 414
828 72
643 308
933 264
775 498
672 16
775 224
552 110
549 281
774 152
869 295
746 471
933 254
894 451
756 254
656 249
746 133
702 372
766 175
552 332
605 198
793 81
910 232
809 454
668 143
526 250
820 134
583 198
658 146
920 158
562 280
897 169
634 186
830 138
729 229
928 329
974 303
601 276
585 491
783 460
524 335
869 78
519 384
959 139
633 216
959 345
580 204
686 76
889 228
629 337
578 321
804 300
652 227
622 82
767 309
551 377
756 395
842 436
594 463
698 110
715 27
679 122
859 9
589 462
962 479
877 196
602 303
622 190
886 186
731 111
634 343
972 451
697 458
535 403
606 73
535 136
792 227
599 54
865 428
563 88
716 396
742 268
515 154
975 195
783 29
801 79
740 315
849 405
835 453
589 350
868 70
772 106
720 110
565 69
841 333
609 51
517 392
520 131
698 368
924 5
543 141
908 50
995 265
563 320
858 53
848 317
953 363
651 160
928 453
985 158
867 67
825 385
678 20
769 190
632 354
550 256
897 340
980 26
998 470
799 468
583 245
626 483
719 341
680 447
829 150
896 192
699 131
956 446
926 300
681 450
890 15
981 24
840 120
561 71
543 4
884 241
523 59
927 411
791 147
669 439
929 213
746 352
784 460
808 169
915 425
608 195
747 393
770 182
606 408
509 88
815 329
516 69
738 207
550 404
810 381
849 346
946 146
886 470
999 75
857 193
558 401
766 351
694 429
860 485
667 448
849 363
657 144
709 36
529 77
913 160
567 96
703 156
878 482
537 55
666 480
573 97
511 358
756 137
847 13
901 110
912 145
918 235
909 317
662 270
920 116
932 458
842 421
565 83
667 85
599 7
915 448
744 303
868 463
509 489
509 24
932 204
871 158
768 7
819 22
906 81
766 342
849 418
963 198
877 477
677 91
919 211
758 435
533 304
906 263
865 156
772 84
983 318
838 72
984 465
754 230
598 12
649 237
564 442
635 66
558 480
536 162
917 378
729 60
785 276
802 465
962 87
869 477
859 235
652 399
614 344
745 350
872 480
747 217
872 253
738 398
856 293
633 247
801 291
745 258
629 133
755 322
503 258
536 401
897 343
875 22
624 98
602 150
733 113
667 111
820 284
756 182
970 250
533 41
538 160
729 281
751 11
906 390
950 401
870 142
931 285
828 465
927 324
913 241
951 78
525 50
683 164
523 284
884 13
503 119
895 443
886 54
726 413
960 95
681 291
934 265
883 120
711 246
593 380
544 289
886 483
679 368
971 109
604 374
911 412
621 331
871 483
844 308
885 224
722 310
860 179
872 433
764 447
599 436
757 129
783 403
715 218
597 210
566 379
516 247
566 45
609 12
636 324
793 58
932 400
945 328
746 211
506 263
653 161
814 286
835 51
669 449
917 43
846 330
933 338
522 212
916 146
566 149
786 62
513 180
956 72
817 31
633 128
908 344
686 110
531 382
579 363
699 174
885 266
926 337
572 127
839 343
836 130
937 97
655 266
867 14
856 204
870 4
792 21
884 239
701 87
648 392
656 90
843 68
927 408
955 381
906 307
525 243
561 4
647 279
839 99
874 267
787 39
990 115
845 2
582 44
586 157
766 69
663 4
762 201
886 230
618 335
790 176
618 32
547 163
540 51
804 48
838 199
732 419
941 205
751 216
817 301
924 487
691 321
883 196
575 166
889 137
580 135
945 177
642 96
914 124
840 352
947 138
576 294
781 273
1000 459
674 249
796 96
593 75
586 314
862 318
981 268
628 257
760 216
981 248
560 182
790 172
716 359
517 109
729 57
586 388
996 461
658 90
503 425
736 175
565 486
774 382
912 310
718 456
530 263
697 21
664 269
742 321
746 74
676 136
605 267
690 7
782 249
604 411
921 160
869 273
752 332
756 323
708 127
763 349
880 456
982 178
979 421
955 192
902 249
995 46
937 381
647 352
510 488
983 132
889 457
604 391
682 28
796 450
663 260
951 163
898 399
514 343
784 241
577 18
615 433
580 144
729 202
734 479
822 257
746 101
550 338
719 220
900 368
661 313
561 329
737 195
627 19
538 253
635 92
751 397
860 225
677 265
898 20
837 136
720 101
954 170
590 251
612 87
700 248
757 189
649 477
881 304
546 471
682 84
520 286
773 70
947 264
687 328
979 175
929 477
825 130
796 168
735 496
746 84
651 189
548 292
979 439
754 438
735 495
603 124
707 308
832 61
811 344
557 419
588 175
902 398
707 168
525 39
965 248
852 150
573 93
805 85
817 440
993 228
711 215
772 420
590 327
944 206
574 44
813 390
897 497
993 49
586 235
769 86
987 136
614 442
947 178
524 347
639 455
503 191
928 483
767 363
808 131
983 302
813 106
874 417
547 433
640 201
985 397
545 94
597 45
579 467
715 308
936 95
635 205
652 199
969 172
943 322
728 184
859 339
776 166
588 356
784 29
631 231
755 238
944 223
665 339
843 15
712 405
769 256
879 430
627 141
583 362
897 152
746 284
645 193
679 103
837 445
575 324
943 263
635 482
501 5
942 210
658 7
591 107
722 457
631 166
624 407
507 376
946 265
509 99
913 137
657 38
556 391
552 263
780 383
762 278
948 13
983 177
846 119
984 414
973 336
903 422
991 167
643 121
953 362
758 400
694 128
800 41
938 56
553 252
857 70
508 461
651 188
699 267
909 22
967 105
976 418
589 56
891 353
557 222
550 10
689 183
632 50
511 358
730 436
601 208
913 281
955 87
599 250
883 104
866 473
795 291
996 431
670 361
706 116
703 273
564 103
911 61
828 63
825 267
693 350
625 152
752 297
894 402
562 105
705 342
938 136
690 470
913 283
980 203
861 164
673 88
502 385
742 140
972 53
661 319
839 83
785 277
538 370
974 31
533 376
537 341
705 95
885 304
926 495
770 99
671 60
603 180
547 170
827 202
526 76
583 363
964 448
593 96
679 320
633 482
988 310
599 453
782 92
858 427
979 363
866 367
884 411
946 451
753 390
824 433
852 74
713 340
775 424
833 129
802 358
776 166
930 233
912 446
564 425
617 195
560 429
687 266
898 440
992 34
694 6
701 346
554 319
823 474
850 442
637 230
908 484
865 149
682 51
833 450
661 91
966 484
661 399
568 449
929 345
790 286
937 129
857 131
570 135
596 357
871 477
565 216
807 96
556 280
684 365
733 425
598 140
747 93
685 231
988 119
528 396
657 413
647 499
515 305
727 300
780 475
530 299
643 130
601 457
691 4
613 304
954 408
975 96
940 4
983 471
591 250
563 475
665 345
630 134
987 82
781 257
673 276
660 120
755 493
835 291
742 101
636 222
666 498
941 465
979 83
613 136
604 482
576 16
674 176
739 109
680 189
598 473
863 5
699 271
999 152
539 466
847 272
613 411
581 296
812 415
658 123
505 20
506 201
850 147
507 38
680 301
661 238
543 251
901 388
529 345
917 153
562 212
975 373
955 440
550 225
872 313
694 33
707 308
761 456
640 306
918 393
934 477
886 405
556 444
723 27
868 61
912 279
821 201
894 476
580 301
577 471
809 142
581 2
912 306
738 127
725 44
707 158
992 396
639 462
528 356
705 299
611 428
861 383
971 399
876 103
866 186
962 135
568 409
992 373
621 53
646 20
517 153
660 234
982 354
570 304
737 239
837 305
510 382
921 96
521 492
896 440
577 139
709 105
555 137
667 197
529 255
859 385
705 301
961 239
965 448
681 317
514 212
923 269
728 70
757 109
908 65
659 383
969 73
748 253
603 123
780 287
873 359
744 168
646 2
975 375
677 466
700 262
570 156
521 332
526 154
566 306
799 120
773 447
578 97
960 195
857 73
966 218
941 98
674 264
758 106
920 304
503 336
787 166
819 225
595 13
614 246
667 93
513 435
782 165
929 165
528 463
751 25
848 389
859 1
570 168
979 266
660 279
565 392
610 169
641 434
719 305
579 284
776 146
918 67
983 287
694 64
744 497
942 285
887 32
583 448
533 252
914 230
820 364
571 81
654 38
501 117
915 349
877 278
693 15
504 443
847 415
590 80
693 81
879 477
796 189
847 191
555 303
873 72
779 461
920 136
539 96
618 360
931 121
885 162
679 364
912 96
804 267
717 158
863 375
728 404
785 130
550 480
583 133
994 332
627 275
797 247
891 368
628 376
569 430
611 76
957 475
596 276
978 137
929 113
751 421
727 106
532 268
814 363
690 314
668 87
980 148
827 257
613 401
710 140
971 22
833 107
756 138
506 16
938 349
528 469
825 492
899 373
745 454
797 462
862 444
651 221
839 161
605 70
840 113
734 380
839 493
737 472
614 56
595 304
849 462
785 71
678 195
758 144
708 233
563 72
821 183
699 490
960 46
996 369
874 198
787 104
884 203
680 433
531 147
563 182
967 284
813 188
925 353
905 1
601 27
534 349
865 425
938 173
768 169
966 135
587 31
757 260
849 335
511 378
672 273
512 16
564 195
836 45
564 272
956 178
756 209
751 279
729 87
931 28
630 355
817 239
659 307
631 263
535 489
752 466
838 451
686 107
954 15
708 471
805 98
532 258
899 301
768 172
651 11
670 264
578 201
619 289
989 60
797 36
963 144
720 141
905 184
894 293
691 121
774 70
880 439
679 492
669 182
835 117
581 285
531 383
612 59
881 497
696 437
782 111
631 192
976 413
885 164
770 122
557 28
602 497
687 94
694 460
684 45
737 101
594 345
860 480
528 471
940 270
884 434
585 437
503 72
609 38
543 396
685 84
800 196
998 246
954 407
766 281
575 385
922 81
589 449
804 35
894 468
957 488
742 78
979 243
812 244
630 289
607 35
540 274
630 485
967 119
503 188
699 419
513 367
902 439
783 59
621 70
875 313
893 84
702 141
780 61
626 485
857 487
757 10
553 246
575 156
793 10
964 241
992 114
840 25
528 103
812 111
841 384
693 205
831 104
583 479
961 401
510 21
535 137
591 180
883 352
708 426
554 186
720 417
979 393
570 367
649 248
606 113
584 222
866 169
813 66
634 460
770 255
876 89
711 61
502 341
989 25
555 142
899 114
844 393
939 371
760 226
796 257
672 439
881 290
592 308
867 266
605 58
675 48
584 138
944 109
905 366
681 196
909 16
827 129
939 281
914 149
624 393
733 280
509 322
526 431
790 434
919 69
987 306
567 169
763 163
995 207
631 205
509 186
723 386
649 447
646 41
811 127
672 261
715 430
566 109
919 158
501 85
873 132
953 492
570 479
732 415
518 17
626 26
873 220
878 452
951 439
539 23
533 81
804 333
854 103
574 161
939 145
620 176
849 344
972 248
742 500
954 424
711 77
919 231
974 466
687 266
934 155
512 29
873 49
564 202
872 415
799 99
845 437
813 127
785 179
502 130
897 50
727 337
923 312
581 454
550 285
885 1
784 118
874 3
652 38
600 233
782 56
663 280
592 214
588 66
947 96
619 263
697 24
644 52
861 271
626 248
994 122
696 309
918 461
693 168
687 61
871 33
733 402
759 379
601 238
626 394
539 372
990 219
802 428
756 167
837 177
708 312
712 390
611 229
790 122
789 188
608 410
703 393
607 235
743 125
802 371
555 256
996 12
933 417
635 223
811 437
679 190
546 340
900 336
502 362
761 188
939 353
598 217
524 324
542 51
671 374
555 236
686 93
776 287
908 86
968 491
779 366
578 171
735 363
996 108
871 285
682 336
557 219
876 174
875 211
976 466
762 236
625 394
538 10
718 84
557 310
652 493
552 162
952 383
558 302
827 478
520 67
696 62
609 476
724 322
553 385
528 8
808 175
553 158
995 348
815 25
573 87
819 44
589 336
572 348
513 76
502 115
617 74
556 17
746 372
524 252
533 363
717 96
824 37
589 219
771 154
779 41
792 365
581 318
883 72
889 426
565 389
657 2
994 120
879 270
720 429
761 377
889 254
717 279
997 1
538 360
619 160
680 377
807 43
692 382
662 209
692 274
785 157
735 43
848 410
979 475
934 485
581 344
539 62
893 142
613 173
596 194
968 49
599 333
800 193
752 271
697 370
774 479
821 194
570 122
503 362
927 102
801 275
960 450
578 243
501 399
869 262
613 112
634 293
569 286
781 462
922 94
882 177
761 296
763 86
874 438
691 257
999 435
677 374
731 184
579 291
629 466
979 452
564 21
978 383
826 328
508 360
969 393
526 415
691 223
637 21
559 154
885 455
795 475
652 346
525 168
871 100
845 342
616 228
596 435
803 29
796 77
799 83
504 58
541 81
871 395
669 134
947 332
681 410
609 496
533 85
637 12
743 128
848 429
984 101
948 215
532 187
545 216
959 11
772 481
731 202
784 1
944 186
771 120
804 164
562 369
566 479
518 167
609 279
599 472
701 15
741 131
894 471
661 405
889 355
656 453
870 459
572 64
990 272
696 293
964 259
561 324
607 455
591 498
714 151
823 201
732 493
736 162
731 276
808 262
934 154
861 334
586 339
932 357
730 179
596 271
597 264
898 163
579 70
541 319
847 319
865 415
537 24
502 200
597 282
906 412
880 407
953 448
725 344
927 114
710 267
826 224
923 425
771 43
861 355
845 347
736 27
854 119
647 209
899 278
990 293
588 117
656 435
732 75
880 458
900 182
671 98
665 337
508 53
609 394
697 181
731 167
623 162
666 315
923 399
635 452
655 171
566 174
556 228
701 179
615 456
718 225
982 105
858 94
859 475
646 41
680 344
662 198
902 309
931 57
699 102
761 289
543 328
960 227
790 60
865 159
815 384
655 155
938 437
831 354
505 132
689 175
671 430
931 191
943 210
960 280
937 50
501 469
567 119
525 410
715 189
639 47
869 339
996 135
937 78
713 425
858 272
651 118
861 167
835 127
521 27
505 158
917 61
913 253
748 40
635 478
553 62
550 75
630 157
860 262
973 13
771 420
966 240
656 193
737 398
740 363
875 322
1000 438
864 395
843 227
766 221
926 359
615 353
574 319
901 432
916 73
960 387
933 406
539 202
859 131
735 329
928 453
676 402
556 280
751 24
823 482
972 224
531 208
584 375
997 248
790 38
970 33
619 450
775 136
965 263
854 80
686 323
991 293
798 80
824 90
782 289
559 254
864 297
895 358
555 202
631 339
749 201
607 66
666 462
699 118
516 369
923 436
945 38
954 135
681 89
547 316
567 281
712 425
852 266
612 77
777 111
913 245
843 236
822 355
943 179
680 377
995 337
864 448
992 247
943 446
979 259
579 218
690 30
695 405
715 274
737 361
761 233
942 396
511 284
681 174
946 287
811 350
904 142
897 106
544 233
688 469
729 391
554 475
738 162
825 206
919 280
639 347
534 106
701 7
716 376
974 166
770 356
999 269
604 363
867 322
944 124
902 495
815 480
533 183
507 109
525 143
813 164
946 151
942 332
528 317
855 10
559 160
849 358
945 477
903 154
859 186
670 386
893 202
648 250
946 379
842 126
580 471
980 88
815 112
825 493
750 219
725 291
915 158
994 46
560 149
971 140
521 345
880 221
717 343
988 475
798 377
606 142
681 250
833 122
514 286
802 431
876 218
536 59
919 250
891 488
687 471
916 261
870 456
860 462
943 311
774 371
861 23
549 184
812 214
854 158
516 64
592 145
820 294
621 461
746 225
777 241
683 8
933 76
762 259
630 248
749 442
563 70
902 363
828 157
707 389
828 377
547 44
968 499
550 366
811 122
595 91
689 273
886 430
583 410
515 251
752 27
954 150
809 111
767 221
764 303
646 389
639 217
842 151
858 404
525 175
673 235
562 414
816 93
888 113
589 143
713 297
803 188
752 499
977 306
614 454
797 84
653 108
849 314
856 90
729 340
714 251
880 477
930 60
788 293
969 163
694 174
548 10
858 400
856 151
794 477
582 47
533 2
940 362
537 137
595 223
861 388
826 289
572 448
574 236
504 445
750 291
823 395
731 177
618 163
999 245
905 90
800 129
868 335
859 105
901 335
895 129
621 187
831 57
722 492
545 384
927 185
503 492
950 93
691 92
749 217
655 56
944 155
701 355
950 134
501 376
738 191
987 317
850 99
836 222
505 363
688 261
558 281
689 368
529 159
642 43
714 83
896 332
951 118
726 303
651 120
699 237
647 117
637 166
760 133
871 418
978 415
591 89
650 231
866 344
979 476
591 175
772 211
503 480
655 65
727 153
666 136
847 111
633 414
722 81
617 376
872 379
864 199
864 379
943 412
546 99
795 237
626 9
754 47
727 290
878 248
731 165
564 382
959 209
776 185
847 23
669 476
592 172
999 206
578 500
884 348
784 168
639 135
832 207
856 170
834 490
547 378
947 477
547 256
739 238
874 12
773 402
848 74
546 267
736 470
916 197
926 43
688 95
