342 789
120 789
365 909
323 838
299 914
207 978
9 705
311 651
9 586
66 748
185 743
169 932
30 586
472 920
404 765
135 516
334 955
158 873
219 874
463 959
469 643
224 568
198 596
323 739
167 759
411 617
129 947
434 720
30 847
380 546
404 504
473 918
212 797
441 567
138 932
152 702
133 642
375 733
458 737
48 590
465 657
283 890
94 554
375 798
147 666
254 628
72 856
87 830
42 690
412 550
61 874
371 569
264 937
2 654
470 789
308 578
443 820
242 548
237 988
32 779
309 543
379 660
327 673
325 840
402 964
225 541
471 830
105 534
237 756
29 603
131 737
386 739
89 503
98 767
357 810
368 762
65 984
455 942
170 725
181 727
447 802
149 819
429 536
443 942
133 680
29 878
354 721
101 843
156 633
347 824
220 799
469 560
266 647
242 989
45 515
250 887
362 534
360 625
110 769
285 605
301 957
84 544
35 844
211 616
296 734
127 928
292 962
85 773
112 784
11 879
5 626
262 996
235 604
254 561
485 803
400 795
458 713
8 723
311 805
355 913
416 699
399 804
333 562
214 574
300 648
418 667
234 679
65 967
295 519
254 586
80 858
74 984
311 632
98 861
138 962
177 831
493 720
396 751
355 828
468 980
158 617
473 523
234 694
234 646
18 922
325 549
393 813
388 522
107 572
328 843
254 696
359 789
464 931
169 890
169 937
95 512
286 697
230 651
113 663
412 605
318 664
428 618
77 981
157 903
391 844
211 836
421 708
22 822
394 999
63 747
186 899
137 676
262 806
283 592
142 856
12 776
446 890
6 989
361 729
467 631
131 731
151 878
253 959
162 857
24 805
326 941
233 914
30 643
45 870
226 734
287 713
144 853
249 708
201 951
158 816
18 664
57 815
365 814
41 805
327 589
357 747
385 722
128 637
459 656
483 769
119 528
455 508
79 891
362 892
33 648
345 908
58 964
492 665
242 1000
316 654
418 783
398 661
459 629
207 512
57 901
27 531
359 769
458 941
214 790
3 1000
77 685
464 735
345 595
401 947
4 688
262 827
305 576
124 821
10 564
249 793
136 748
402 566
223 714
486 728
366 808
450 697
461 597
137 763
214 522
188 875
454 677
32 796
321 517
6 778
200 647
332 876
469 824
166 894
160 771
172 535
377 644
340 816
465 607
192 651
444 650
193 960
73 818
199 618
38 705
160 705
441 504
285 646
353 588
92 962
192 645
38 635
51 945
3 598
295 613
325 864
378 636
199 864
335 719
229 939
240 837
355 796
44 507
40 711
50 718
327 508
147 835
264 789
213 938
44 511
285 617
40 982
468 772
382 941
386 562
134 777
160 514
340 853
264 736
456 595
196 607
492 836
96 846
267 720
269 790
325 679
381 878
253 608
146 972
319 979
154 533
198 801
368 927
244 823
72 649
81 829
431 968
347 757
334 779
442 969
329 733
124 557
295 668
338 699
171 759
104 914
243 642
220 969
348 931
7 671
213 898
82 694
62 651
218 582
127 652
367 646
190 731
391 865
328 730
4 902
67 704
62 539
345 892
323 753
50 690
142 689
185 516
291 593
464 691
80 972
270 677
444 619
255 556
268 993
137 671
316 615
114 719
18 946
227 637
339 743
231 870
178 988
23 950
379 583
378 1000
317 907
474 879
196 833
111 758
396 601
217 578
37 559
88 511
411 601
186 958
7 573
498 563
231 575
435 868
305 649
295 692
464 798
249 850
70 968
180 954
19 563
496 816
336 726
246 734
341 882
178 724
259 940
188 770
499 764
339 762
14 539
241 823
225 902
159 823
260 915
308 811
413 927
431 602
227 767
113 930
86 656
220 990
296 608
122 582
298 856
238 996
23 702
491 781
284 596
117 623
487 530
152 555
199 703
329 850
333 942
444 894
45 871
388 836
142 521
244 883
159 745
446 831
389 763
41 924
425 902
449 970
97 942
322 998
331 848
405 511
160 580
325 734
299 656
180 925
162 786
72 554
283 1000
445 892
37 633
149 818
495 602
247 754
414 754
197 800
369 727
344 644
110 761
439 844
460 760
284 899
304 747
95 976
336 924
246 582
278 647
153 817
365 527
194 724
172 527
399 778
474 994
313 884
178 513
442 638
438 756
113 900
30 931
20 592
248 862
180 937
250 830
312 586
176 932
99 923
235 631
159 572
326 787
389 558
396 791
475 662
401 655
325 810
443 626
353 887
198 673
71 879
243 515
59 748
101 569
306 596
343 629
9 596
382 600
437 686
444 633
483 511
17 691
398 524
426 906
465 805
273 612
221 586
133 828
167 703
411 637
55 878
375 921
95 997
139 553
349 986
250 557
398 938
261 650
309 717
374 704
348 898
27 820
362 621
314 864
119 736
466 697
321 656
24 514
171 757
40 585
44 577
167 985
3 599
151 965
107 599
302 994
299 957
266 712
10 688
279 659
146 689
474 720
42 820
264 516
8 525
240 921
160 632
179 619
341 562
256 596
211 546
279 660
429 954
130 898
90 626
63 703
83 544
480 740
173 918
439 937
230 858
161 917
93 884
248 794
334 981
38 826
384 647
498 688
436 746
310 597
424 614
324 867
272 612
259 913
210 527
236 900
163 635
181 581
215 902
156 675
186 899
140 988
182 700
41 650
262 630
31 879
422 826
252 723
286 874
13 623
309 815
166 668
25 978
252 733
354 979
9 772
385 551
154 897
17 673
177 624
366 640
147 638
283 895
390 729
348 565
366 602
351 562
121 825
17 937
326 747
282 968
329 991
336 915
263 826
30 788
489 840
163 868
156 727
435 772
228 585
197 951
330 806
121 631
466 658
41 742
273 663
416 679
82 528
464 709
449 849
434 653
47 825
431 783
494 596
162 548
366 666
293 914
264 843
61 553
81 901
382 743
38 595
75 911
122 602
118 723
202 731
203 962
241 803
1 847
453 566
470 998
137 679
29 588
207 740
380 829
478 894
404 575
118 627
480 807
352 894
83 871
124 864
264 979
358 982
74 724
272 688
316 821
6 914
63 823
150 835
497 700
476 925
50 830
36 862
51 914
147 922
432 610
481 750
86 1000
499 897
120 672
458 805
268 764
169 535
2 630
172 790
15 730
459 664
356 996
202 979
322 852
414 894
314 790
441 967
476 935
392 592
116 639
242 616
142 560
394 902
273 939
442 817
126 845
64 811
420 536
66 880
460 984
331 939
310 629
93 630
25 884
367 557
433 842
12 847
307 602
247 891
269 501
37 989
455 801
363 763
106 637
357 596
208 765
250 549
394 578
289 530
221 786
429 571
5 917
337 564
281 975
337 945
191 694
400 990
291 704
427 749
171 934
36 706
215 814
155 697
404 818
400 940
41 996
69 647
6 892
80 683
405 832
252 739
144 872
390 648
449 612
163 757
92 963
50 962
193 631
144 529
470 731
117 514
291 737
316 881
119 992
375 705
103 873
267 797
158 993
151 823
139 541
271 770
258 604
124 955
336 702
462 584
36 857
146 732
240 689
432 966
373 984
423 760
383 754
186 926
442 909
8 525
374 726
113 569
249 835
268 781
7 801
474 541
178 755
295 974
196 788
427 851
490 520
342 714
343 698
133 931
107 757
48 976
414 849
83 727
400 735
271 553
492 970
155 749
50 788
463 925
148 817
161 985
340 778
199 970
279 753
186 824
299 649
227 640
470 759
18 860
123 676
246 817
391 540
466 655
329 984
370 931
41 812
31 900
196 934
130 722
165 773
366 548
20 686
197 624
498 966
421 605
304 577
448 559
179 719
17 945
119 665
486 902
332 666
409 924
297 907
305 605
229 563
499 706
231 606
307 745
155 970
311 721
290 671
95 874
151 823
86 606
75 511
1 526
155 560
114 584
235 582
112 672
102 586
81 956
276 600
13 913
271 540
129 594
183 568
323 929
432 742
92 550
478 838
381 656
464 773
486 569
466 879
207 516
258 591
293 838
292 727
285 530
33 798
11 793
43 859
212 766
226 586
298 797
337 507
128 680
266 894
315 625
345 736
216 666
140 769
103 988
196 593
367 934
214 885
170 979
310 529
192 970
237 894
34 679
110 964
200 634
155 557
181 754
456 650
277 845
495 671
462 782
103 694
1 887
299 775
219 886
78 608
361 537
23 659
153 758
437 904
208 545
134 818
39 522
387 692
269 730
339 611
415 817
331 960
34 991
311 674
345 513
194 732
408 623
459 875
312 937
119 923
494 502
277 567
78 796
374 940
15 949
224 771
497 670
157 789
292 929
425 702
230 969
442 621
436 922
358 584
274 892
449 578
156 698
188 571
388 957
28 798
120 562
309 668
164 806
143 905
278 613
292 765
154 782
360 847
445 632
393 735
484 653
425 612
1 651
496 561
146 926
196 635
72 1000
341 800
385 586
150 614
397 964
207 727
374 699
199 753
89 888
378 591
188 567
487 736
115 609
58 638
354 867
314 874
465 623
44 839
157 614
479 950
62 833
367 798
156 951
21 986
38 721
21 830
458 842
380 714
132 862
347 702
275 729
94 832
121 786
389 570
41 671
84 748
485 647
436 765
5 941
129 534
262 842
238 868
256 645
349 568
149 841
203 529
394 516
410 937
455 810
165 955
342 765
162 604
474 663
289 950
346 662
481 768
196 850
174 682
468 519
369 620
253 780
213 663
257 978
184 507
97 620
170 735
322 739
258 691
275 738
26 584
95 776
474 646
388 550
5 861
298 874
424 976
269 521
291 547
210 582
351 698
129 546
235 720
270 589
127 915
289 809
468 848
354 894
32 902
49 631
465 827
116 589
173 951
337 645
242 950
400 814
422 904
483 844
232 512
459 825
275 764
274 787
148 868
315 669
238 636
434 552
168 891
441 782
5 852
111 738
384 1000
173 699
115 692
41 517
52 790
40 943
314 570
2 624
115 798
431 979
372 846
106 640
314 907
491 604
285 806
273 859
474 505
238 927
292 749
279 677
273 959
394 698
141 690
204 638
175 577
237 799
253 990
71 836
398 947
326 927
246 618
482 831
176 957
312 914
110 531
146 542
32 623
184 620
423 565
69 827
484 771
210 674
281 923
334 802
289 645
140 616
380 688
194 913
333 675
13 897
436 521
213 861
45 734
310 538
477 977
384 992
141 841
101 691
486 504
380 643
226 738
418 865
425 855
365 895
180 800
152 531
436 804
487 665
94 524
421 722
360 620
41 991
453 882
131 626
273 994
55 547
133 987
458 683
230 626
278 854
80 638
404 899
302 665
369 739
497 816
435 966
176 567
493 511
128 788
417 981
60 746
429 750
104 583
465 797
225 937
193 702
441 523
122 822
310 642
383 582
16 610
300 523
147 917
371 552
353 606
179 504
238 864
168 989
440 992
11 650
480 772
323 634
73 846
203 629
270 595
269 882
450 860
120 892
136 641
359 617
360 936
341 506
266 688
258 507
4 509
424 802
77 721
380 861
294 568
105 576
155 888
416 731
314 643
270 931
166 729
172 853
347 624
40 695
44 827
384 912
236 803
214 595
322 602
88 766
485 562
5 513
128 679
101 920
3 998
378 963
152 791
377 582
460 727
158 774
114 995
455 542
80 513
382 743
149 857
304 983
16 794
225 934
429 931
323 924
361 551
9 886
337 573
9 507
343 532
32 717
492 845
419 652
40 604
170 572
48 654
3 532
71 561
406 564
455 817
177 830
376 664
478 721
109 848
176 933
398 797
305 505
82 628
487 733
423 848
87 554
49 879
69 841
48 755
186 797
370 632
310 841
86 981
96 819
143 889
242 506
227 743
187 534
236 516
104 819
458 921
241 885
400 927
346 758
88 649
90 589
111 687
225 589
194 587
138 585
321 830
480 713
408 556
480 694
111 545
461 840
1 519
369 781
142 692
442 956
356 917
207 774
377 813
7 857
112 729
472 994
404 580
73 867
409 921
155 981
355 832
193 703
42 928
339 985
149 986
144 551
244 502
87 615
38 593
123 955
35 689
345 620
489 631
76 635
279 747
257 555
270 699
73 608
423 748
448 920
25 523
233 639
88 875
335 878
79 650
486 604
87 878
147 613
325 809
40 629
272 657
378 974
30 515
353 743
61 582
45 614
192 755
125 517
166 568
389 641
24 808
57 618
51 957
62 504
426 856
278 679
261 824
396 908
364 664
23 690
454 687
416 836
126 754
411 842
397 591
137 682
390 715
415 869
341 990
272 502
52 589
242 754
345 926
66 536
255 682
263 966
24 528
88 988
456 947
340 588
463 846
493 614
298 708
66 827
143 727
210 932
159 742
12 923
103 534
253 847
127 544
311 845
22 788
55 697
51 787
406 924
96 812
218 827
238 662
427 564
271 960
416 556
285 975
40 835
306 588
173 672
68 636
92 933
370 542
337 927
451 979
250 744
419 861
291 546
329 751
132 639
408 541
136 788
246 962
379 535
56 892
325 913
409 603
190 803
372 540
86 508
3 674
403 658
320 714
161 886
72 914
13 954
274 659
235 607
361 628
136 606
277 827
20 767
30 773
303 575
270 677
176 638
430 629
274 753
326 912
59 999
89 516
477 568
397 731
438 723
290 839
289 881
401 619
446 722
458 918
310 684
221 773
256 677
57 652
67 906
371 991
310 616
298 824
425 746
196 810
459 921
120 892
299 848
448 971
485 731
472 848
249 913
115 668
217 652
52 898
263 620
144 643
273 554
120 852
469 539
282 647
210 721
312 673
287 736
149 612
28 993
75 877
338 790
43 997
239 898
124 911
225 930
443 759
460 764
32 581
233 968
272 889
14 880
145 598
44 698
204 530
146 650
277 974
323 871
48 863
415 758
279 876
34 839
369 627
425 687
349 535
30 551
231 896
90 647
436 589
270 988
451 504
467 582
201 535
261 569
53 610
442 826
352 745
472 789
272 646
88 931
472 823
389 847
377 778
83 526
225 864
447 791
1 574
347 817
452 633
278 952
303 651
212 993
209 739
320 611
265 799
31 828
120 734
183 990
42 943
68 518
365 977
163 926
276 896
68 542
15 705
353 826
47 1000
431 704
143 938
345 867
406 747
350 790
45 506
241 979
75 587
250 586
248 701
29 939
128 681
406 947
122 950
265 659
340 950
284 843
221 547
55 944
153 775
129 844
177 863
472 812
167 939
389 684
292 603
196 669
241 630
206 775
472 938
348 610
229 700
190 984
288 943
131 976
47 954
207 583
325 568
407 522
88 738
133 675
335 848
294 869
395 648
58 648
173 745
286 736
95 567
177 737
273 940
263 526
125 717
421 783
343 647
294 561
377 772
37 527
14 513
163 844
412 552
132 732
344 698
189 632
322 649
376 1000
341 516
118 686
422 516
231 823
77 765
104 679
308 926
299 639
6 841
390 822
310 767
387 812
66 694
42 930
411 914
106 508
36 948
433 917
320 795
261 552
336 931
427 703
8 620
306 686
369 932
380 795
162 623
338 952
277 871
355 938
49 567
422 721
230 600
317 910
399 889
208 636
12 688
107 946
76 859
217 640
437 942
73 699
290 994
225 997
47 850
168 646
119 694
400 771
73 857
156 873
342 746
128 705
275 924
71 830
307 572
500 896
54 929
11 929
389 756
441 820
464 812
111 678
189 525
429 686
361 658
26 835
3 931
321 631
28 654
200 997
131 997
450 682
208 828
457 563
472 539
99 697
216 756
248 856
395 637
109 794
353 992
398 875
455 617
90 936
244 884
57 940
393 687
348 656
290 739
291 868
326 522
329 975
124 785
364 628
438 570
300 987
376 682
432 851
443 897
32 975
130 544
117 662
447 856
266 963
425 686
242 607
70 672
145 750
272 1000
295 777
129 672
22 962
363 548
293 701
417 763
34 641
385 859
270 543
75 696
253 661
21 874
261 516
71 702
373 615
393 554
449 600
220 668
314 908
358 556
75 721
72 959
390 913
367 895
371 980
328 701
470 640
165 642
347 817
280 653
303 990
446 733
445 732
101 642
189 509
319 831
476 613
228 689
388 892
307 944
164 909
233 729
203 667
22 618
351 684
26 896
288 719
435 781
179 908
231 656
345 541
233 842
224 963
166 559
25 649
418 628
157 701
306 793
287 625
331 718
486 678
176 707
261 960
482 595
412 632
105 675
465 594
289 666
257 979
99 799
152 611
415 990
256 917
194 833
115 973
146 541
142 675
116 739
176 914
284 713
111 703
355 926
493 586
381 862
271 807
417 611
24 915
282 613
70 848
31 868
202 589
277 506
150 886
91 982
90 702
125 668
292 505
132 705
19 967
267 842
164 949
285 969
21 964
469 694
430 509
40 996
420 624
142 755
284 567
162 686
490 715
287 526
282 623
385 536
282 801
11 701
322 853
78 860
351 986
194 886
133 769
209 646
159 592
492 900
326 785
109 630
457 505
197 709
37 824
131 642
37 665
51 968
52 757
262 559
1 564
148 643
490 618
387 567
339 628
31 717
366 658
154 852
359 753
89 808
302 804
451 722
94 593
44 1000
408 717
115 861
105 603
95 838
234 964
125 946
196 741
38 877
452 609
484 818
264 513
297 858
333 966
373 712
77 694
191 545
175 568
311 695
81 734
199 702
160 586
207 812
100 699
4 897
411 547
269 544
312 703
347 886
167 538
350 628
132 537
158 959
68 773
9 654
180 680
463 585
24 996
148 512
496 878
111 1000
108 643
413 788
118 715
139 508
320 902
3 534
70 756
52 783
194 841
106 730
471 643
320 804
67 529
41 711
98 568
49 551
191 729
273 997
385 915
162 564
51 930
361 959
265 964
479 887
57 567
177 963
443 927
248 506
138 935
66 823
179 931
277 728
11 816
336 664
316 953
162 926
448 693
247 620
393 586
58 681
80 787
304 780
300 559
228 596
423 534
317 800
340 677
142 520
199 677
343 652
271 795
190 988
126 932
303 542
181 596
292 853
426 870
22 515
81 640
447 850
191 682
95 784
148 728
94 625
125 933
406 868
267 553
226 886
309 655
362 727
394 549
396 919
193 956
178 976
386 586
230 670
474 610
131 776
151 680
476 597
244 821
104 759
361 580
157 831
