139 537
67 986
39 711
276 640
32 596
338 987
57 858
132 679
185 791
478 914
27 589
404 753
108 522
21 998
426 505
129 660
118 706
364 928
52 869
158 619
163 970
247 958
356 721
316 798
188 562
204 825
258 627
392 835
239 1000
86 992
252 806
149 983
154 711
164 924
487 583
130 504
326 537
51 618
355 512
499 771
220 712
41 830
376 974
425 751
177 882
271 894
278 526
44 563
396 648
17 703
321 766
491 955
443 786
428 989
375 893
326 943
43 682
370 766
35 976
483 992
27 909
127 627
86 827
272 508
194 775
458 835
184 637
142 941
60 606
218 574
468 985
157 537
61 635
92 949
85 541
453 698
128 655
122 503
266 936
332 682
144 534
323 549
202 684
439 676
1 539
47 559
85 778
22 773
228 841
162 866
445 554
315 941
482 925
265 651
64 619
398 536
135 731
163 967
243 680
234 891
269 512
499 626
350 541
451 844
403 751
133 605
76 567
244 758
188 996
474 529
21 527
292 926
212 908
335 782
142 903
64 562
86 536
451 557
107 683
389 830
104 639
15 706
122 980
476 625
282 684
463 958
8 935
277 625
27 564
26 969
405 680
30 509
195 669
287 503
82 833
57 990
426 597
45 671
284 789
31 926
239 790
17 991
274 834
80 501
472 519
443 742
212 798
384 684
68 601
425 788
366 963
31 904
259 569
448 557
250 705
264 619
255 630
430 512
47 663
134 707
254 608
333 800
248 613
18 839
385 627
89 867
40 574
127 865
492 962
54 717
88 884
369 841
322 752
62 956
173 737
294 765
29 944
105 689
111 501
181 899
440 813
296 708
149 560
371 641
433 516
116 624
294 965
260 859
263 692
257 1000
280 647
401 874
257 1000
339 618
249 521
160 850
77 518
67 539
395 539
431 768
278 623
327 698
44 868
258 770
3 637
449 556
211 783
72 948
228 875
487 992
479 724
27 567
431 730
40 780
171 813
321 556
491 884
79 940
265 995
265 784
95 643
278 625
397 529
279 836
452 661
119 654
136 813
358 942
492 522
25 958
12 950
498 995
229 955
77 546
192 743
202 552
392 746
310 520
365 691
32 872
428 574
150 569
428 556
272 608
57 736
289 603
417 599
69 965
463 712
306 575
257 815
481 655
361 592
332 629
373 627
117 734
22 937
186 997
390 655
298 920
85 751
226 881
377 640
221 659
275 852
156 531
241 786
473 554
458 503
14 989
188 726
276 914
57 602
31 658
344 654
330 962
387 759
187 512
107 558
63 904
304 716
73 807
26 676
349 604
254 963
358 901
493 690
63 931
465 634
211 690
48 847
471 714
18 751
210 743
241 555
424 668
381 901
188 644
410 928
247 721
96 746
345 828
353 985
168 920
227 998
196 644
475 889
419 716
220 978
424 911
315 600
372 525
247 679
221 656
230 692
428 837
19 778
148 548
281 981
210 602
476 800
291 976
329 931
135 968
49 835
417 912
89 603
229 693
73 841
253 729
35 521
163 561
46 658
410 721
143 520
3 892
14 530
436 601
338 903
75 864
492 738
103 807
267 884
71 630
359 810
424 975
1 685
230 645
254 869
432 731
388 723
431 886
345 707
431 633
470 716
326 761
124 865
306 506
80 718
485 763
8 751
158 927
435 662
259 973
132 593
10 540
97 885
385 632
310 641
327 754
225 757
117 886
251 757
499 892
168 576
179 942
487 534
497 555
360 751
239 657
185 533
446 957
161 749
352 664
439 912
412 531
470 520
102 801
254 688
41 598
315 764
357 672
228 993
274 773
460 838
178 844
482 757
127 951
37 901
32 790
254 851
438 773
427 690
319 744
434 541
274 632
488 835
151 872
18 513
487 968
262 922
172 572
430 838
116 853
350 762
50 621
444 587
370 870
462 633
139 805
100 713
9 894
266 622
413 830
452 581
377 645
367 786
94 700
470 899
201 527
241 935
5 899
240 686
269 639
232 544
352 914
128 685
3 665
232 989
462 581
209 588
493 626
57 959
74 594
486 555
344 826
360 588
91 783
228 829
231 719
50 998
146 517
263 990
219 569
248 734
60 740
122 704
44 689
264 634
385 901
459 746
72 771
169 825
174 509
353 536
197 760
55 581
98 939
190 759
464 554
56 592
239 637
239 783
423 1000
377 542
292 947
33 747
285 524
177 773
317 877
239 777
151 788
30 564
240 693
376 721
193 903
310 523
274 654
305 715
270 861
150 562
57 556
255 736
499 566
129 791
205 631
58 627
42 939
28 575
165 581
47 549
403 877
278 632
467 962
321 988
9 566
194 662
36 606
464 792
80 608
447 592
65 518
378 881
248 901
286 657
382 608
42 684
147 800
120 633
443 952
403 868
230 527
186 985
180 582
251 809
207 529
409 902
86 920
303 645
174 926
188 922
99 659
47 544
366 650
305 827
356 559
93 738
10 989
187 709
289 680
126 684
127 514
255 815
362 604
435 590
211 996
175 623
467 713
144 932
248 948
246 553
359 509
378 619
412 749
256 922
69 964
133 698
397 589
225 846
200 599
45 607
286 568
273 639
311 863
419 812
363 544
33 528
69 758
497 691
213 919
113 841
376 816
57 596
348 852
104 627
284 735
441 513
423 971
232 569
108 720
203 675
163 935
403 628
401 651
359 780
35 508
275 966
89 979
450 617
272 950
143 666
97 818
188 799
463 662
350 918
342 832
239 682
386 562
5 785
361 584
31 596
72 892
266 882
77 979
428 946
296 531
382 732
45 614
181 647
39 940
450 605
290 835
167 632
386 792
170 736
298 589
125 805
11 948
330 552
399 800
308 991
499 706
360 996
189 889
287 886
44 600
60 577
178 830
144 704
74 937
241 564
313 684
481 793
95 981
444 689
300 721
255 799
458 887
245 834
342 545
219 760
166 725
239 771
163 694
362 812
171 541
164 817
310 603
379 912
120 745
297 935
26 782
400 864
176 542
163 508
350 982
177 953
138 569
155 623
469 981
381 508
455 779
116 973
498 970
261 516
240 513
141 516
20 591
60 815
8 572
241 582
258 972
323 869
439 609
387 820
266 898
42 595
304 752
151 820
114 701
305 530
354 596
342 675
233 745
94 756
303 722
419 952
147 639
4 510
219 687
151 984
268 760
497 594
175 823
204 985
369 762
265 820
133 912
40 600
27 550
64 799
353 534
236 984
365 939
197 988
264 827
229 785
278 514
400 985
184 855
360 877
219 857
188 951
367 553
22 997
318 689
32 637
378 946
286 521
306 900
213 574
273 866
85 639
131 809
423 703
414 766
500 526
1 713
471 775
82 967
426 827
385 981
258 764
438 554
405 581
440 885
48 978
184 727
436 952
154 748
99 670
407 793
175 883
15 722
67 844
141 631
29 859
413 845
394 539
246 983
5 802
16 702
410 671
177 978
129 729
354 526
245 755
114 935
63 580
144 992
257 905
191 801
249 585
223 767
8 889
220 674
452 950
285 549
373 531
329 712
98 906
445 673
276 784
249 869
439 744
166 549
378 953
428 888
417 610
389 565
401 808
409 770
56 682
252 788
300 645
214 725
324 846
222 740
360 868
492 962
492 829
224 857
417 891
145 802
355 615
458 649
423 535
348 536
249 823
497 897
356 687
232 900
490 906
5 581
158 565
281 520
17 998
406 765
374 970
427 665
226 675
482 849
402 934
153 999
195 961
305 518
207 786
404 894
396 930
127 927
12 736
363 633
94 966
35 681
432 982
253 722
190 551
245 688
489 698
25 723
269 639
494 851
349 848
223 956
116 877
13 860
150 917
283 713
130 693
42 678
416 728
289 833
61 768
24 989
128 865
393 598
268 507
499 722
429 929
19 624
27 534
228 627
455 922
295 731
124 990
410 596
41 830
264 673
433 880
154 566
241 900
292 532
297 888
77 999
145 829
194 835
147 539
356 755
87 731
3 664
231 977
409 764
429 952
155 755
183 749
65 730
296 738
26 648
68 899
7 712
259 873
226 822
285 834
7 944
179 506
55 856
299 809
230 661
340 599
480 839
203 957
244 695
96 591
80 560
313 759
45 743
490 908
417 968
414 670
48 804
165 673
500 766
335 857
278 916
145 770
249 907
364 627
1 732
287 910
205 607
465 925
181 891
123 530
439 944
3 549
300 638
93 506
449 762
110 674
59 788
18 561
308 896
73 983
203 699
208 814
280 681
122 909
330 806
142 920
157 818
239 518
67 967
48 851
282 633
391 823
297 575
324 539
266 684
437 695
322 614
41 568
83 911
22 742
19 660
273 780
462 537
112 645
84 682
480 891
348 905
469 698
453 782
408 699
18 757
173 922
107 528
219 504
64 711
315 964
86 806
40 587
421 843
283 710
435 938
344 592
313 920
448 527
367 653
241 794
292 511
311 757
304 746
422 943
450 638
270 798
126 735
496 805
160 710
382 936
58 837
181 566
49 698
430 688
319 546
397 523
404 969
190 697
87 512
400 885
33 683
43 755
354 633
224 621
265 910
479 536
74 540
332 766
76 994
225 542
288 533
339 513
337 985
228 993
180 687
403 753
194 595
408 508
310 900
389 583
367 579
60 886
47 854
112 784
320 675
363 716
206 509
294 617
365 902
403 849
420 682
308 738
375 613
49 909
387 706
312 909
434 669
302 673
443 828
214 850
190 575
254 694
45 739
444 780
372 524
295 984
172 882
239 759
128 850
137 876
39 979
181 587
296 744
185 852
246 580
284 727
248 701
72 814
113 934
53 527
56 784
239 745
97 964
40 944
278 811
271 988
198 903
442 623
369 665
87 598
301 770
357 947
89 769
305 836
494 537
247 780
1 708
3 974
150 767
441 907
111 908
326 763
407 904
66 955
444 774
261 581
401 694
439 807
294 820
267 761
452 514
393 769
408 914
293 663
99 715
40 759
218 846
367 504
183 676
43 768
69 830
295 950
195 939
465 525
157 569
116 875
129 792
418 665
224 544
383 698
138 670
279 618
282 606
20 761
488 847
196 840
193 989
111 874
141 899
115 599
383 544
82 790
152 588
459 657
8 780
132 690
238 993
313 807
354 751
344 717
447 832
17 889
247 589
479 696
225 609
97 964
8 521
42 569
284 529
406 524
208 811
432 641
208 692
97 748
437 681
50 971
263 711
192 638
310 858
198 876
380 671
229 614
496 600
462 665
120 785
198 926
201 745
69 871
315 582
355 755
370 977
437 696
85 723
244 833
466 580
293 945
456 534
114 902
153 877
473 925
210 532
9 545
352 632
131 708
136 711
111 610
7 659
75 982
147 802
430 764
491 886
124 510
14 726
190 652
205 902
43 547
481 923
361 523
384 591
308 861
310 722
124 665
243 516
33 558
208 690
36 983
27 890
441 912
309 770
143 813
453 857
295 576
259 544
460 795
438 531
351 932
358 656
269 669
363 727
278 902
91 932
325 756
195 560
92 788
426 709
169 881
125 777
234 815
252 930
314 811
109 693
154 909
46 832
422 905
483 972
440 616
174 633
376 638
168 560
426 831
301 551
96 806
143 760
460 608
456 902
310 802
430 609
294 726
240 812
72 769
302 810
23 927
93 826
153 883
147 865
252 726
315 597
343 892
245 683
53 968
91 841
218 515
324 587
454 620
397 934
22 540
128 996
463 630
319 658
447 912
73 625
425 633
456 582
290 974
308 576
284 562
441 939
469 662
418 905
430 895
228 868
16 745
391 595
96 988
255 635
168 511
252 549
257 860
268 623
421 907
472 649
214 630
313 981
241 510
96 734
339 816
59 526
449 719
347 731
52 707
401 886
332 877
30 528
53 893
104 507
485 777
7 907
354 928
424 734
90 871
98 664
361 654
395 509
379 793
59 876
458 897
15 646
277 769
18 519
199 614
347 904
379 940
170 596
250 905
269 763
356 800
401 868
96 897
58 682
157 738
469 998
457 541
498 936
344 720
237 896
94 530
288 741
409 731
220 602
439 999
186 994
33 993
264 624
9 596
327 538
49 528
233 583
256 773
164 858
345 925
102 559
310 572
72 820
190 547
13 930
188 988
269 542
401 931
469 798
42 584
491 969
286 808
308 560
257 755
283 724
387 530
156 679
89 832
79 592
289 672
141 733
25 694
124 576
500 930
248 618
7 742
230 965
153 503
83 529
217 736
196 756
81 725
145 963
58 754
288 598
439 635
68 720
132 997
9 503
417 994
140 711
72 931
189 992
165 693
402 851
210 858
160 663
244 781
167 591
322 727
140 855
291 716
254 989
229 687
304 646
70 975
272 553
82 856
327 900
370 564
308 834
192 800
48 780
161 677
444 696
223 884
190 519
261 791
418 884
488 919
232 993
89 799
178 711
175 758
354 764
410 974
154 867
104 883
2 1000
227 580
70 894
466 662
78 823
117 899
70 820
331 948
292 863
471 598
207 776
424 917
170 853
247 510
107 850
181 598
164 709
311 556
27 560
402 829
88 808
152 647
24 639
10 968
159 915
378 526
82 919
12 989
219 530
298 638
349 615
155 807
362 612
334 731
57 948
165 776
111 807
465 565
17 969
286 670
371 789
88 794
480 668
369 938
37 612
126 688
209 934
490 708
390 524
111 673
202 795
377 686
42 909
180 522
140 603
391 677
101 820
312 650
114 840
87 853
188 799
15 778
267 734
136 674
85 537
90 784
457 881
56 864
277 545
284 882
21 941
94 546
121 575
37 777
71 698
274 722
298 604
384 917
457 543
291 961
325 959
194 676
108 953
181 778
310 860
431 761
171 736
401 893
113 780
417 686
418 611
97 526
414 750
51 591
445 983
440 608
341 606
457 782
110 998
66 734
184 906
289 635
115 900
160 960
338 869
456 965
415 777
30 965
124 791
404 618
394 934
254 871
275 524
218 914
107 619
412 505
238 704
168 728
361 877
173 536
394 826
324 526
436 652
130 709
41 528
386 620
392 949
490 781
296 837
121 775
308 802
256 774
127 981
239 961
297 768
180 538
475 876
346 667
252 767
386 953
440 658
455 655
277 778
340 551
222 777
452 712
175 995
17 940
491 886
142 693
25 571
71 628
336 780
110 899
60 907
369 679
463 720
35 751
89 575
131 681
369 784
296 506
216 782
76 930
295 877
86 908
336 649
41 594
267 707
464 870
378 583
218 635
290 823
194 682
493 589
367 749
205 920
162 617
312 885
479 991
320 608
25 640
457 573
348 745
224 723
36 524
322 759
280 537
330 914
385 794
370 599
57 531
36 589
156 709
224 779
452 552
272 998
396 706
474 665
487 864
172 645
357 861
126 560
5 872
484 677
94 901
47 632
211 981
471 994
18 696
41 772
52 884
146 604
390 798
403 611
41 986
361 617
213 654
19 754
341 956
215 851
331 615
345 955
313 747
290 926
492 659
445 866
32 686
22 621
492 827
309 729
75 778
211 694
497 754
38 535
85 589
104 697
201 627
258 669
60 868
201 648
272 605
54 829
123 866
495 632
271 865
454 847
304 776
174 978
320 669
92 697
155 979
69 541
306 679
381 744
434 869
498 755
365 921
40 972
381 809
331 707
428 737
424 953
488 738
201 906
97 989
246 873
351 548
3 900
77 908
173 615
204 925
114 516
293 567
114 610
39 930
98 787
354 709
372 821
99 816
330 886
459 765
327 984
127 565
312 958
96 561
415 562
220 878
36 513
80 536
95 990
347 750
329 643
427 532
95 769
256 641
272 565
329 645
221 706
352 684
9 930
278 552
421 639
15 600
237 996
439 536
131 649
271 823
49 969
237 579
62 933
159 566
242 514
401 780
264 543
260 553
194 905
304 917
93 796
290 703
360 639
199 757
234 755
127 998
91 580
257 522
369 909
238 610
398 602
14 734
338 925
39 758
351 696
154 911
113 817
318 914
483 561
363 883
470 576
456 995
74 985
452 896
16 704
289 991
193 556
351 830
213 754
2 618
49 890
27 535
181 521
404 652
476 635
408 976
177 772
416 601
280 928
362 726
106 577
388 627
165 707
146 863
336 581
100 988
325 814
134 564
294 614
109 558
462 700
487 550
480 519
372 522
383 608
409 513
409 812
45 836
26 832
121 519
290 808
99 962
356 950
124 564
365 989
312 813
312 817
319 664
300 785
93 608
353 887
193 558
410 620
71 506
48 542
294 698
183 536
438 605
294 752
249 672
236 835
468 591
427 698
423 817
401 962
126 836
451 551
46 821
238 753
182 804
291 556
33 988
204 663
410 924
103 854
427 841
66 769
254 834
381 924
277 936
140 753
274 912
168 667
164 887
196 655
174 767
353 822
424 989
238 661
438 940
310 818
31 629
60 971
34 610
471 597
261 626
110 607
422 605
488 734
45 939
330 608
5 998
456 858
419 774
362 581
400 846
364 815
378 909
321 652
71 712
37 851
192 876
203 567
112 633
419 880
320 817
179 711
335 521
163 548
495 633
124 557
319 774
223 966
163 543
13 745
421 666
426 826
487 781
326 539
80 638
323 539
181 690
370 512
485 651
456 789
101 872
204 994
487 850
449 845
134 510
139 883
346 887
41 666
281 606
354 943
143 789
457 901
340 990
297 652
171 799
124 947
101 584
440 773
32 883
431 813
477 829
215 833
122 549
228 909
293 806
424 733
372 720
84 531
396 765
215 940
139 669
236 608
190 614
385 865
194 552
416 730
41 707
197 896
384 800
382 579
455 891
463 910
215 658
481 844
384 922
194 919
355 809
462 995
135 612
120 936
277 847
393 809
201 845
487 922
397 506
52 623
34 789
248 664
40 527
352 792
492 653
406 544
360 896
443 548
290 621
492 899
38 665
438 615
189 913
33 845
223 960
318 697
41 684
94 652
257 987
186 573
491 793
142 652
485 550
34 974
248 734
23 612
135 872
15 676
241 846
176 616
69 921
140 805
27 870
422 910
341 879
332 542
485 717
413 660
255 668
236 548
468 890
453 574
297 693
112 985
381 904
149 998
314 893
104 573
162 857
96 983
480 865
75 994
426 513
198 865
322 527
328 913
9 605
51 819
131 861
246 981
174 535
263 690
494 994
22 535
