465 810
171 545
10 996
166 784
426 926
495 725
372 568
47 823
474 857
325 777
291 591
29 687
271 509
427 696
184 723
129 714
248 751
390 713
109 705
138 698
217 530
139 898
224 906
126 988
133 945
422 521
66 560
453 764
319 961
96 587
313 811
184 898
380 604
5 558
198 961
199 618
304 676
461 577
55 879
121 644
199 928
169 685
105 598
304 959
118 986
169 692
426 987
438 701
356 654
296 934
102 919
419 714
366 551
278 847
296 751
224 551
214 817
482 710
180 566
373 526
252 785
36 980
176 620
405 963
158 593
335 983
330 860
440 581
452 528
370 752
126 841
244 683
86 631
121 600
441 824
145 969
85 856
409 912
348 928
472 552
50 766
132 893
272 983
267 818
171 712
430 827
129 784
22 898
304 579
126 809
381 624
291 508
486 608
248 574
481 695
325 714
146 661
19 926
4 993
161 673
128 748
164 826
175 653
387 832
368 855
189 648
359 557
258 906
446 566
448 739
165 541
419 584
164 888
287 697
343 784
338 934
14 928
64 1000
68 761
488 655
152 986
230 967
386 923
33 753
95 682
395 652
145 501
373 592
170 970
178 978
291 713
175 538
159 714
140 933
88 945
494 947
407 718
423 501
122 911
38 726
386 582
65 873
413 640
140 772
95 529
43 880
6 950
125 633
71 557
197 844
287 944
118 960
64 992
439 526
417 741
94 723
452 677
34 632
109 767
286 869
240 670
221 501
379 936
214 560
254 953
370 648
178 709
94 658
373 979
491 928
113 744
163 810
140 738
316 847
268 960
350 630
354 794
54 874
177 939
28 931
131 621
320 816
104 832
230 838
51 833
334 705
338 955
199 811
236 623
111 512
30 587
155 663
339 913
287 934
99 936
196 873
210 964
314 949
10 827
344 579
194 582
185 815
139 643
306 990
437 807
426 953
173 991
188 628
209 677
62 852
86 606
20 827
447 836
62 649
193 947
203 912
208 695
90 869
389 777
420 787
67 501
247 571
42 687
221 932
91 764
236 722
100 691
117 706
134 981
294 752
218 922
209 805
405 725
438 644
387 808
142 796
330 645
283 707
420 556
484 917
376 579
488 850
95 539
442 662
9 663
314 553
304 857
204 509
148 628
385 982
112 574
341 869
327 968
499 608
2 643
196 667
412 869
346 554
120 685
93 851
413 965
34 856
9 907
217 850
425 510
398 548
235 608
197 676
366 579
424 960
197 793
344 953
338 948
176 686
107 945
476 852
485 631
186 618
488 608
147 892
448 611
213 776
221 558
187 797
402 778
322 898
469 731
351 529
432 922
317 975
412 736
424 713
461 988
270 629
343 733
495 823
313 872
453 523
205 718
286 930
481 871
338 515
262 793
194 949
229 619
225 524
29 883
209 780
265 694
129 512
17 832
285 732
63 705
335 885
461 534
359 845
209 657
103 520
118 509
100 755
393 993
234 636
473 835
159 814
129 702
408 653
415 701
152 545
55 651
216 771
457 773
401 729
280 523
135 863
192 981
214 637
143 769
435 954
462 556
160 903
287 947
310 610
253 874
258 578
391 581
362 676
357 730
421 847
201 727
20 647
458 744
456 859
26 690
441 939
296 786
263 620
25 633
399 925
356 969
349 802
354 758
162 757
465 989
332 775
180 975
409 796
338 823
54 536
442 698
348 709
345 720
31 722
347 996
149 881
145 703
497 687
25 539
233 661
237 858
39 754
24 587
157 822
280 999
419 735
56 700
420 901
176 744
303 577
384 994
55 772
288 557
219 527
250 852
390 745
415 930
489 798
400 520
55 968
488 709
235 946
141 578
142 782
123 635
456 804
128 960
240 996
287 662
378 809
491 544
230 501
224 775
368 821
415 693
306 542
80 730
188 738
378 951
159 783
107 751
236 853
405 796
453 716
67 604
307 660
118 616
237 721
352 797
176 650
344 926
160 680
21 668
254 630
443 528
214 768
272 818
218 683
4 592
455 952
340 997
64 963
232 924
103 917
120 567
429 571
317 935
342 509
62 729
197 543
447 956
389 990
222 688
106 830
437 734
97 942
38 622
500 869
183 743
302 670
265 846
300 932
8 946
115 722
83 513
52 836
125 550
101 770
363 816
2 941
272 867
142 558
405 502
110 642
372 890
194 928
89 882
419 698
63 551
389 932
75 534
339 592
105 586
447 867
300 718
487 714
116 749
136 980
99 833
170 977
32 786
36 862
241 910
106 837
439 859
396 507
144 890
397 790
447 689
465 692
82 636
284 524
473 830
185 789
366 556
54 708
482 721
444 679
305 853
13 964
482 889
270 561
275 716
152 839
471 777
7 711
317 759
422 740
264 742
52 789
440 641
17 847
406 541
356 579
169 862
218 803
378 628
49 996
323 870
76 890
13 544
302 546
227 985
142 627
323 561
182 628
76 948
23 803
485 738
379 930
310 702
351 646
209 542
124 825
185 967
431 609
221 933
239 976
443 751
338 739
131 760
371 829
474 762
369 638
290 552
353 788
427 532
107 634
479 934
302 513
377 892
160 767
493 946
476 644
305 775
445 869
105 988
170 616
29 832
345 785
366 783
473 666
283 787
427 851
230 588
312 866
422 525
269 957
370 632
83 969
473 535
165 878
49 549
170 857
364 575
158 682
395 660
191 759
494 976
443 527
313 803
267 982
120 549
279 932
225 921
46 789
467 524
323 999
86 924
71 965
424 945
81 640
373 787
160 763
132 578
345 680
161 929
383 837
245 889
243 955
304 784
155 668
184 763
87 786
449 830
305 771
302 729
383 655
33 673
225 778
77 641
109 972
10 860
290 976
177 648
360 916
99 505
157 955
324 878
374 845
151 581
334 677
421 881
313 864
114 994
165 514
485 792
179 861
400 951
248 553
461 695
382 802
279 773
368 902
285 911
6 810
270 557
410 753
59 885
1 824
334 513
325 649
152 984
22 939
457 555
168 549
374 743
105 519
226 640
327 621
229 790
143 663
493 865
61 976
487 980
397 839
378 583
349 512
245 646
136 797
361 884
324 853
385 759
474 545
203 766
28 618
206 990
132 705
455 530
29 771
444 833
411 603
233 571
351 507
174 652
465 811
35 587
410 508
27 703
105 631
153 639
145 522
293 711
37 631
434 709
415 983
51 699
149 923
96 589
2 679
423 558
276 646
79 705
208 703
121 793
318 806
376 877
339 751
174 907
6 958
341 936
366 620
476 517
289 559
360 916
335 919
338 545
57 670
379 729
42 598
68 920
374 640
173 629
354 867
430 996
46 561
321 681
91 647
23 958
471 657
145 539
176 584
15 860
87 832
242 605
477 650
163 906
449 938
388 571
320 673
126 676
397 888
178 548
342 692
37 506
104 845
55 740
300 869
55 583
404 920
441 840
152 501
240 854
199 932
402 785
200 724
120 902
478 615
459 782
347 750
46 812
136 749
259 708
144 644
463 833
290 723
251 939
481 636
129 594
324 890
298 916
251 955
168 531
47 531
379 983
94 703
34 700
51 836
182 949
200 696
76 564
260 855
53 730
91 778
62 708
99 707
3 828
280 817
151 824
493 897
154 842
190 591
19 676
21 528
443 522
220 510
47 501
33 925
37 812
383 607
92 548
226 901
333 782
228 991
141 742
211 872
439 899
125 583
171 794
356 720
240 869
200 811
115 711
213 511
220 828
465 865
250 882
298 967
145 588
497 586
285 990
154 916
465 904
292 547
388 735
475 868
2 754
16 730
85 876
491 604
160 518
367 917
250 996
80 602
483 821
121 951
106 732
479 882
437 620
245 714
142 988
495 565
154 760
127 811
149 831
160 521
97 618
166 632
109 562
6 708
289 591
127 898
95 578
426 815
209 634
74 653
483 825
480 569
71 620
468 600
74 763
147 724
426 679
38 980
209 924
35 815
129 583
324 845
495 550
330 633
43 801
490 850
308 851
323 507
488 644
101 641
291 582
488 691
107 939
344 574
358 836
161 729
289 664
217 843
446 896
381 588
240 968
56 986
137 693
145 863
32 519
416 807
359 625
271 985
414 810
161 733
186 822
464 667
172 712
309 722
438 894
213 556
451 758
482 596
366 919
75 646
337 535
173 829
480 760
323 932
266 529
85 882
477 962
457 970
76 896
296 827
137 504
80 685
13 652
398 560
143 972
464 816
301 590
260 902
148 676
202 538
56 623
75 830
57 642
48 890
120 631
382 927
29 751
110 504
346 980
379 657
333 648
166 674
33 738
89 605
257 625
395 679
253 902
272 562
40 579
213 506
80 846
479 741
337 619
139 769
77 745
373 607
267 994
270 737
252 878
386 696
124 590
15 639
317 866
491 822
45 644
65 567
19 978
107 513
239 903
60 703
210 598
432 989
257 994
196 776
134 882
72 575
10 650
257 903
101 987
150 571
49 914
214 732
322 704
295 989
75 859
438 588
258 991
332 602
99 814
442 652
329 976
95 953
228 753
475 871
122 816
456 538
414 998
73 915
121 743
200 516
55 717
185 557
267 892
8 951
387 904
426 788
51 719
15 943
312 560
342 925
104 887
370 842
254 850
130 672
260 983
117 576
300 635
294 969
103 666
193 825
44 645
20 764
427 866
402 608
24 812
269 686
380 919
474 655
194 744
363 909
234 953
250 593
125 838
160 697
66 965
266 907
324 628
320 916
38 624
14 716
171 521
236 574
55 987
3 790
284 957
83 709
366 944
405 874
300 529
159 877
427 575
404 609
414 951
438 586
74 1000
342 511
260 821
260 821
388 542
259 661
396 721
204 741
215 752
344 899
102 696
193 789
124 548
296 633
100 583
394 959
354 975
318 891
161 850
249 863
118 983
346 939
480 647
477 699
333 517
432 738
382 665
382 1000
76 881
367 554
448 592
309 629
365 944
319 982
340 526
308 572
29 622
118 547
276 755
415 700
185 748
430 955
394 988
472 947
334 542
103 700
361 677
404 793
289 970
34 742
370 599
43 907
333 782
87 504
407 768
102 983
299 785
397 786
93 792
323 971
1 739
65 960
65 978
10 795
456 697
11 951
94 902
476 688
486 695
433 745
394 939
67 931
169 534
264 526
165 794
250 876
371 611
255 774
293 729
119 658
107 998
85 596
439 895
432 862
113 805
280 895
254 664
468 925
364 988
310 757
449 907
80 575
280 726
265 774
360 816
220 822
44 690
413 724
64 680
480 634
491 738
153 680
321 714
103 792
188 510
487 993
53 754
432 681
382 587
194 823
295 619
107 559
50 974
460 918
270 628
445 729
208 595
424 813
319 957
92 604
363 705
239 839
190 555
127 812
335 767
443 811
411 783
351 603
398 962
151 921
91 695
472 598
449 768
290 775
75 984
285 882
121 860
478 843
87 785
480 517
382 677
5 809
142 946
9 658
119 608
308 601
460 909
144 997
434 775
40 931
493 948
473 593
106 976
124 984
244 503
96 622
302 713
245 673
372 856
421 904
421 569
124 515
280 624
242 737
82 622
249 901
383 673
73 850
50 725
41 653
358 774
261 818
198 994
299 558
125 953
223 878
194 552
406 831
340 963
134 559
389 878
408 861
70 948
128 738
367 779
423 573
76 826
127 954
365 797
215 722
178 875
225 768
354 543
296 671
174 701
490 590
337 951
487 634
325 971
41 526
226 537
220 861
111 792
321 659
184 679
340 985
476 788
404 896
251 568
139 789
290 720
203 905
486 715
440 674
45 540
267 915
492 573
258 961
479 989
488 717
336 624
182 731
377 772
293 849
117 819
258 885
94 919
373 705
443 901
123 808
197 879
358 984
246 823
45 671
253 538
81 580
362 940
465 938
73 630
424 929
488 533
399 640
496 537
255 956
263 651
260 861
134 798
189 542
93 747
248 763
193 995
455 728
426 941
174 599
78 518
192 816
276 889
475 770
260 741
435 858
454 943
178 715
232 926
115 713
455 851
275 509
32 794
309 613
284 944
36 964
470 961
14 580
446 634
179 864
253 980
134 855
108 667
47 971
172 750
144 864
320 790
34 772
258 990
211 785
295 596
235 882
143 706
149 576
336 925
470 718
61 627
307 985
492 518
78 972
15 957
478 827
88 775
139 566
350 997
104 887
90 728
401 827
143 988
474 978
39 947
98 747
405 770
402 845
460 630
283 767
433 763
237 915
370 872
34 786
250 639
207 569
288 834
159 608
482 982
21 518
347 628
272 690
243 901
10 651
448 954
126 754
140 851
48 695
214 596
461 514
123 708
89 851
197 617
70 727
407 925
261 894
412 655
57 914
357 529
136 788
119 727
456 723
29 597
488 567
51 680
54 849
50 915
15 750
101 541
445 529
312 599
297 903
292 712
164 728
138 503
256 983
103 661
351 870
123 859
238 650
7 777
218 697
372 649
277 740
268 559
257 934
247 890
307 926
95 746
91 746
213 593
388 868
356 949
220 718
162 704
145 833
463 868
454 637
348 938
367 832
103 921
170 555
107 754
278 549
408 842
395 622
410 790
482 861
313 502
292 581
326 798
129 905
483 875
4 838
65 501
444 908
303 818
137 929
493 693
492 890
62 882
492 893
79 652
81 809
142 780
69 588
8 557
293 586
331 994
418 717
459 998
36 598
299 898
408 783
157 961
471 691
184 591
198 684
478 582
87 781
207 803
334 667
425 906
461 778
279 590
439 937
249 666
68 587
97 870
222 546
452 726
290 828
59 878
397 787
71 592
93 888
31 612
200 804
101 698
111 988
115 761
475 999
17 874
290 621
27 569
478 699
392 955
287 868
473 795
64 619
176 729
395 882
242 870
77 643
246 676
46 843
319 835
60 743
170 636
353 788
229 684
236 664
432 819
347 768
440 905
500 775
497 809
175 547
102 644
364 504
437 531
320 852
315 529
470 781
21 898
341 887
457 992
461 892
58 859
422 685
165 813
496 647
476 848
430 564
187 807
494 691
437 863
291 501
15 912
307 609
366 869
76 836
234 557
80 546
420 505
332 980
202 734
304 926
373 866
322 849
95 986
333 502
186 514
131 704
237 717
256 587
17 852
354 664
59 670
311 658
420 651
346 851
342 580
401 621
72 809
424 865
475 538
238 694
191 913
281 928
56 533
61 582
334 809
319 607
489 867
192 711
281 531
16 711
260 771
441 817
474 780
267 671
343 530
280 555
23 936
12 879
226 589
438 922
170 726
75 801
199 718
281 919
113 999
212 700
144 879
368 646
401 750
99 957
331 724
337 615
242 652
452 518
235 926
402 640
492 856
131 759
118 627
340 720
448 787
402 810
484 810
359 569
413 824
283 766
61 508
144 692
374 948
45 765
328 594
248 923
123 765
438 601
41 949
28 876
176 592
122 747
468 700
128 955
476 662
259 509
342 883
354 756
448 665
37 880
214 1000
203 948
150 697
140 881
175 748
265 617
167 975
432 691
44 922
198 936
350 987
365 595
162 817
221 903
56 684
273 635
110 567
400 924
154 932
381 891
153 940
368 729
323 537
76 650
360 999
481 714
134 709
172 996
391 755
302 755
138 667
49 553
238 668
281 892
92 696
280 887
273 533
100 825
115 890
27 705
218 703
50 854
221 984
167 508
374 559
312 745
451 944
438 872
13 944
396 838
485 873
336 945
136 887
235 845
498 992
201 978
226 508
181 949
445 758
266 819
375 734
91 760
27 606
421 666
439 636
156 685
389 768
270 729
92 728
355 914
149 985
134 759
136 574
488 653
83 791
434 617
320 820
443 741
248 596
96 961
166 791
230 510
363 724
461 953
331 845
326 544
430 926
302 701
335 745
148 891
295 773
441 817
311 684
86 669
232 879
194 935
86 913
269 918
340 620
390 712
246 639
95 919
385 511
18 504
225 796
58 699
65 884
57 926
180 702
134 964
308 713
147 813
496 907
65 801
455 665
206 953
426 545
423 648
61 611
135 777
342 514
272 559
109 573
399 592
328 602
135 581
131 711
385 978
338 842
306 693
134 707
163 515
16 852
163 596
332 874
147 890
68 526
489 504
129 503
130 980
160 929
169 744
321 924
242 529
352 755
321 796
406 866
255 788
376 718
120 554
219 556
457 843
265 718
185 755
431 961
222 840
44 696
498 739
115 980
170 552
25 934
325 619
298 948
300 901
1 677
154 505
197 522
313 884
408 608
334 914
323 996
274 561
5 587
278 636
220 939
6 943
79 552
483 739
458 690
222 862
383 723
322 781
324 820
159 947
255 956
201 889
500 851
293 771
91 738
82 989
312 683
323 927
360 608
81 594
360 678
480 949
213 640
68 941
304 960
201 667
377 638
211 869
35 560
450 514
210 740
133 847
480 654
163 538
438 619
193 580
475 817
135 892
308 548
398 561
497 929
212 631
404 733
196 729
467 721
115 763
25 914
280 953
214 980
496 691
325 674
307 797
18 793
173 601
368 785
377 662
355 670
136 545
309 937
215 636
354 906
186 851
280 784
142 930
143 587
288 849
195 751
231 1000
291 766
451 915
78 734
363 520
248 547
168 866
214 752
305 800
362 956
484 814
48 507
287 749
154 835
402 738
381 625
241 807
73 897
260 814
119 771
202 724
456 568
411 939
412 524
105 990
319 675
391 962
482 937
306 770
469 847
209 781
489 697
235 694
404 698
251 938
335 862
160 706
106 809
172 781
432 785
420 716
444 504
30 551
133 868
437 851
456 590
256 903
73 903
78 776
84 988
130 972
308 541
271 992
247 683
484 813
210 975
285 567
417 826
172 734
93 724
300 588
14 640
203 652
302 942
146 603
193 791
391 767
120 827
14 1000
124 758
222 726
350 909
114 750
159 782
434 947
30 752
494 632
478 945
426 759
119 911
24 764
110 690
430 973
433 579
488 749
37 868
392 537
307 652
392 999
95 878
206 560
232 715
378 767
458 905
204 594
486 816
376 751
80 973
26 877
154 879
335 939
30 828
359 764
422 768
404 641
156 801
269 807
13 814
348 617
483 895
30 968
292 517
204 931
154 937
29 769
43 826
421 803
197 547
419 552
396 771
57 910
261 917
5 834
115 507
240 523
398 708
380 887
