482 856
365 829
299 522
400 545
439 914
339 869
273 866
156 626
356 964
281 861
211 550
361 991
487 734
84 663
442 622
268 693
119 562
471 878
498 576
272 711
170 550
56 733
158 774
62 694
174 705
377 822
369 675
157 506
368 747
397 829
67 928
39 936
52 532
73 791
488 712
450 543
199 613
142 631
262 853
87 708
169 650
149 682
65 761
282 578
300 700
373 513
333 737
2 800
334 893
49 504
208 796
34 728
215 578
177 777
11 670
176 800
17 652
453 603
384 621
211 766
425 991
98 699
486 974
109 806
378 940
470 681
317 609
427 534
447 516
193 906
102 530
206 660
420 811
116 525
183 543
183 907
181 948
29 987
296 741
424 702
472 683
222 693
408 699
122 593
2 934
198 984
36 522
124 755
95 550
130 841
305 864
467 715
57 716
313 682
484 899
84 919
2 519
251 659
4 765
437 635
313 568
140 849
69 609
407 679
323 547
300 908
355 862
275 839
311 548
78 530
457 591
91 558
494 931
249 859
404 711
193 748
213 748
231 960
401 877
489 687
307 563
17 936
398 783
63 961
165 861
228 876
24 857
129 525
69 870
206 990
16 890
286 508
371 972
332 504
239 853
405 894
45 639
500 832
232 819
68 683
3 839
303 590
308 961
250 638
106 852
431 584
157 535
297 829
34 946
421 873
407 845
387 824
82 896
267 619
293 989
487 930
138 922
293 856
458 728
151 961
6 807
483 945
487 742
269 543
231 846
293 723
426 743
469 870
51 902
20 935
373 910
371 544
303 883
441 885
98 834
453 936
430 742
69 576
87 972
149 888
362 541
389 994
267 922
386 937
241 821
27 947
50 772
3 657
286 637
426 778
349 647
165 834
94 698
49 781
20 814
463 632
191 669
33 627
126 578
83 935
368 788
470 719
62 580
292 771
405 515
370 836
387 887
125 601
374 528
476 523
135 956
53 993
41 585
83 780
138 860
340 719
429 712
271 526
325 596
367 677
180 899
452 860
50 937
109 970
32 528
341 522
126 883
155 900
151 928
237 533
336 534
37 525
137 873
292 509
457 664
299 973
273 663
246 791
403 805
272 548
315 799
430 810
475 604
181 881
341 732
139 526
309 586
180 643
63 680
66 924
442 760
128 559
342 665
134 692
21 714
447 849
479 838
310 701
53 891
11 972
185 793
207 775
108 571
258 906
87 955
227 720
396 840
160 960
170 922
163 573
398 747
222 912
196 837
379 834
8 880
341 929
198 1000
325 625
64 552
200 877
133 549
176 919
186 632
210 772
439 575
88 688
308 748
311 968
398 757
408 799
483 874
160 866
142 870
453 666
37 704
246 677
315 806
231 663
142 800
267 995
90 551
457 714
75 960
471 754
449 893
268 927
156 511
362 800
330 774
341 805
107 842
210 636
456 893
366 922
72 557
236 870
426 763
28 709
39 776
254 509
408 867
1 589
202 679
2 640
188 876
128 824
486 509
236 995
329 605
112 571
295 680
125 922
121 753
289 695
281 540
357 880
361 506
306 727
370 724
480 754
378 884
170 614
407 911
201 882
106 722
296 742
212 775
464 514
176 648
295 530
365 693
410 511
385 531
129 897
486 921
335 880
11 649
79 524
456 755
32 627
435 732
91 940
141 542
432 964
24 918
458 703
266 781
292 609
384 963
449 949
63 993
393 706
229 789
321 669
81 861
229 600
122 599
300 769
44 938
445 958
457 742
100 547
464 597
177 862
293 521
78 577
324 673
185 527
359 763
425 532
148 754
439 765
335 618
297 728
182 929
196 886
436 919
26 859
279 761
352 951
145 982
47 851
394 867
328 815
72 503
99 538
385 695
179 631
76 979
61 750
128 956
363 897
369 505
452 926
250 555
307 706
104 928
44 856
292 821
170 538
261 816
269 683
225 748
450 885
485 613
408 566
346 726
17 861
439 710
197 548
8 533
24 815
39 595
325 818
300 696
60 968
199 968
302 748
221 811
31 593
27 731
127 746
109 584
369 874
143 520
376 547
117 897
14 704
295 529
68 514
358 620
227 820
384 887
319 900
408 646
48 979
194 909
216 617
462 983
236 857
129 995
487 589
254 901
78 721
457 819
205 533
242 588
173 520
239 946
138 527
3 752
274 638
124 898
499 905
166 658
83 906
480 724
341 533
168 804
6 648
223 813
109 922
194 545
94 555
161 619
224 635
11 897
358 950
63 689
340 629
412 926
259 574
465 956
103 577
183 628
64 592
467 861
272 589
43 803
379 731
446 857
395 654
163 825
443 973
62 982
299 639
103 957
19 589
147 623
402 891
116 607
390 892
205 906
285 875
23 831
227 881
71 819
362 852
394 616
258 631
64 868
499 887
205 1000
303 734
441 775
382 808
168 593
306 662
71 960
472 754
217 861
134 786
400 698
194 610
99 613
433 541
19 838
310 768
264 794
59 636
118 925
342 691
393 691
455 772
361 656
21 526
397 818
193 599
217 816
461 718
91 595
356 717
202 968
274 790
59 903
357 680
123 578
55 546
301 891
349 852
486 946
219 817
26 943
37 744
179 631
183 716
238 691
55 817
152 891
315 790
68 521
203 801
88 815
161 512
254 799
139 913
470 896
427 886
338 930
4 986
314 891
130 649
214 651
241 872
245 544
473 790
343 910
239 844
436 682
481 513
9 525
314 933
307 563
229 807
394 936
168 956
488 704
449 924
67 946
205 716
176 984
282 735
360 960
89 862
486 567
260 594
327 998
91 995
172 764
115 692
110 864
326 517
124 931
158 560
454 705
220 610
474 564
64 709
134 924
86 645
330 685
404 605
6 716
284 618
170 743
245 763
264 737
285 996
182 988
196 767
92 928
186 546
299 529
118 514
24 530
51 838
206 765
394 679
64 728
238 918
383 578
472 960
466 777
482 711
39 679
115 739
462 633
358 584
221 592
270 643
312 955
6 908
327 923
71 611
250 635
151 945
387 746
157 848
356 590
129 514
73 788
75 951
296 765
316 628
97 647
368 935
491 741
143 678
163 759
480 761
126 785
310 620
234 971
422 853
93 602
178 516
233 892
10 567
352 874
436 583
33 798
309 683
133 844
34 590
32 944
251 805
68 892
309 823
25 733
215 847
88 658
139 688
142 799
129 640
360 677
212 917
266 907
227 665
193 512
381 681
233 523
68 671
170 711
459 822
320 549
468 556
288 820
425 878
294 728
147 957
7 506
299 825
159 715
343 943
372 970
450 661
114 842
70 715
37 739
402 946
64 738
415 754
355 548
282 980
278 718
144 811
392 744
156 604
173 805
157 540
209 878
344 752
426 962
278 816
254 958
365 609
293 868
485 558
371 813
272 755
249 798
499 635
49 801
213 618
195 803
174 846
266 555
290 776
459 513
66 661
323 799
171 999
124 806
202 644
428 858
412 517
38 582
14 692
320 970
287 990
180 573
307 1000
431 898
67 526
476 948
127 665
220 700
75 992
356 922
107 951
465 871
461 669
13 925
219 522
88 995
194 734
318 936
333 996
86 777
277 1000
54 680
477 820
415 798
177 983
20 570
141 633
266 630
322 827
50 708
241 529
200 912
211 584
409 958
453 889
269 921
276 702
459 953
232 792
65 527
151 916
207 829
233 704
5 894
393 987
231 777
346 658
478 802
482 708
82 924
467 818
171 562
296 601
150 984
15 654
4 740
137 814
388 946
418 864
439 929
192 885
295 846
41 766
111 650
357 769
331 657
258 550
219 980
154 536
107 756
365 841
388 508
122 786
253 693
361 941
434 926
243 673
157 876
142 783
339 743
325 692
133 666
399 658
112 876
26 754
35 624
338 794
416 608
280 745
170 746
372 789
80 564
493 559
341 867
61 954
472 823
441 986
443 828
323 875
189 718
423 522
14 712
203 814
265 881
54 900
44 757
239 602
427 725
149 589
345 842
131 746
193 551
242 758
250 689
157 763
235 542
153 741
80 715
188 858
480 674
260 679
461 574
130 547
78 780
433 706
282 840
91 610
463 594
487 863
370 960
76 613
458 608
280 886
348 551
193 823
182 710
170 766
31 969
196 892
1 728
33 617
128 738
393 893
137 685
201 921
192 689
176 539
58 598
447 564
274 565
459 777
168 562
144 787
68 970
110 669
416 756
105 610
394 979
67 831
443 788
364 993
431 831
101 860
196 667
135 547
288 844
369 877
436 917
170 673
284 719
200 969
23 866
259 901
324 655
311 912
382 853
76 994
114 673
9 864
60 789
357 635
174 660
93 646
460 749
307 797
362 992
491 799
353 554
363 854
33 654
445 782
95 679
72 638
466 970
91 716
338 904
259 628
247 971
203 578
131 878
243 510
401 881
335 652
2 776
265 964
61 720
372 938
34 949
125 954
142 784
76 961
268 726
61 691
128 636
278 757
130 769
1 740
236 553
4 676
63 879
410 790
267 931
296 900
427 659
331 806
128 911
53 829
456 922
412 862
99 864
494 557
408 814
42 555
380 782
203 791
238 793
287 887
349 719
33 906
77 652
371 912
43 947
386 909
141 975
9 761
329 791
133 823
89 659
432 576
443 525
273 642
191 742
202 541
3 611
357 544
441 580
245 725
16 995
384 827
138 826
332 927
409 847
77 686
456 562
310 564
407 714
16 588
29 832
168 667
121 915
346 686
497 689
187 629
440 804
378 828
319 581
65 583
32 952
177 626
139 806
146 952
50 919
350 957
453 918
147 576
302 955
141 542
32 748
339 662
108 672
388 828
462 737
456 590
136 598
111 590
324 962
47 923
127 954
46 959
105 883
462 779
243 742
106 590
500 814
298 782
29 867
166 559
453 993
461 651
159 898
290 934
319 734
185 731
43 751
458 802
16 860
120 518
153 978
201 974
243 554
477 702
211 743
445 668
2 614
391 967
421 914
279 825
350 851
401 688
280 683
153 852
445 657
353 619
376 994
18 827
419 909
375 648
143 511
302 956
14 784
454 610
406 929
495 697
73 769
276 918
416 611
309 832
48 937
466 646
323 997
169 806
185 784
430 748
220 881
206 783
458 833
482 890
102 654
282 862
257 682
161 845
363 817
77 717
249 948
426 735
416 884
39 568
123 801
446 743
145 849
321 583
366 627
406 814
232 650
238 573
99 968
314 521
139 679
264 998
403 865
322 885
498 719
366 790
214 630
300 579
309 851
254 684
143 967
414 899
177 769
388 808
386 894
275 580
402 606
180 670
166 666
54 832
112 780
157 684
137 672
29 862
485 740
359 632
138 682
176 545
314 955
34 717
496 963
148 537
90 864
225 608
251 766
240 663
274 526
334 927
307 656
477 680
451 700
266 809
283 901
85 926
459 906
392 905
137 877
138 683
389 954
395 887
378 830
136 937
75 713
283 584
170 761
31 526
289 503
184 508
112 556
133 906
365 543
46 896
472 581
100 810
477 694
364 875
480 906
237 788
59 535
247 933
335 580
179 853
85 695
197 708
374 885
142 788
397 614
413 785
28 859
67 769
340 867
443 870
472 829
243 766
261 610
41 715
54 501
124 693
429 729
325 827
346 861
212 820
366 567
232 684
372 710
316 548
13 877
13 899
42 791
412 862
419 621
133 938
326 709
471 760
384 833
62 915
139 915
275 781
113 662
429 532
262 847
30 927
164 686
14 942
406 956
406 862
477 528
105 511
164 899
160 520
218 815
2 985
361 810
78 579
118 672
33 767
398 549
435 799
398 766
338 714
148 917
258 538
339 942
74 778
212 752
493 828
423 785
220 814
289 911
72 657
455 549
313 889
267 915
51 526
398 816
242 965
164 833
317 635
314 739
46 764
215 691
237 758
249 740
4 574
25 556
244 714
240 920
285 722
282 741
77 976
412 573
128 639
500 757
189 734
88 802
112 716
407 889
430 860
311 766
181 508
208 588
355 860
271 844
457 989
500 807
269 814
427 710
210 574
185 592
375 566
150 644
389 719
148 853
230 959
73 803
213 726
167 743
2 577
84 503
103 742
20 683
368 591
129 778
232 549
11 581
257 540
328 603
218 615
297 707
348 973
499 779
432 708
79 864
489 730
199 722
248 604
81 810
72 905
271 873
184 586
428 985
413 625
497 869
361 764
18 560
422 706
53 545
465 888
133 613
179 823
109 634
471 885
370 646
161 908
379 905
469 820
236 730
188 501
59 890
374 648
460 985
424 838
159 974
207 990
54 940
144 531
8 953
51 989
379 794
258 952
363 959
483 633
474 665
455 716
228 533
280 712
227 552
181 986
166 767
254 834
86 737
270 895
440 612
453 801
492 605
430 953
368 779
316 637
72 785
204 625
427 564
375 820
348 938
317 879
466 963
294 639
76 711
397 873
244 711
126 766
235 953
187 752
464 964
145 975
422 595
140 586
496 839
233 607
189 879
346 763
83 823
134 923
112 683
103 910
72 826
347 791
169 696
392 725
233 917
286 907
150 813
209 755
70 921
358 689
285 942
50 553
246 793
96 635
255 551
454 567
233 970
33 684
432 535
419 870
91 610
243 996
83 504
395 922
443 589
187 832
266 944
85 646
160 972
201 506
175 684
348 658
154 970
443 767
335 822
161 650
479 949
265 630
150 964
375 728
118 519
253 896
203 972
116 995
50 797
475 835
142 666
164 818
308 863
388 674
73 518
414 900
31 698
256 907
72 930
4 825
36 727
148 648
272 593
235 551
420 718
188 673
496 685
298 517
460 612
355 565
11 808
162 906
485 649
380 554
498 785
145 990
330 945
43 938
189 868
112 982
44 916
382 529
412 691
429 730
212 675
354 631
180 771
242 633
383 591
4 550
487 891
318 654
131 837
483 694
124 750
358 567
457 932
10 963
83 903
88 540
435 903
445 563
258 658
225 947
79 725
354 748
431 683
463 837
431 580
44 784
244 891
325 589
323 987
280 807
487 993
446 910
331 748
234 866
4 507
290 582
74 520
461 852
224 537
304 900
200 749
197 741
329 858
85 707
9 902
245 951
318 800
150 922
428 881
443 525
391 900
91 923
238 765
160 949
26 957
113 650
155 903
418 878
109 957
159 778
137 651
371 799
271 851
484 501
180 530
324 863
492 704
255 541
372 600
4 711
388 586
180 743
376 836
93 880
236 895
66 859
403 894
479 571
204 546
426 641
213 806
323 662
69 626
92 770
241 974
353 988
110 836
107 772
316 719
242 766
12 501
135 531
187 568
309 507
395 661
122 739
64 652
40 894
253 986
336 542
79 758
309 911
241 607
156 894
328 700
317 616
72 658
108 945
337 560
305 847
414 649
101 959
211 558
362 982
339 807
140 875
432 544
234 971
419 716
406 770
329 642
24 791
13 970
408 937
302 862
462 716
180 641
332 599
130 863
88 622
238 902
477 535
265 946
96 610
249 515
326 902
265 993
295 783
209 948
3 967
308 529
40 972
470 817
259 899
306 888
36 774
438 936
368 996
291 800
25 617
44 572
17 908
339 522
102 794
187 871
118 925
276 705
97 826
46 848
185 512
109 696
163 660
44 940
78 749
100 852
308 899
5 881
162 893
276 514
301 633
359 830
234 836
218 795
280 678
446 833
79 662
374 737
29 622
151 956
309 961
15 609
363 943
199 622
114 978
254 825
195 740
299 921
224 823
40 802
448 625
489 857
388 780
496 726
156 865
264 850
320 853
369 672
313 703
415 773
328 839
363 609
187 862
399 973
57 537
195 921
180 660
398 650
217 833
3 751
201 803
295 509
385 827
393 972
142 806
78 867
71 931
105 609
174 741
197 905
434 962
425 894
460 938
318 721
149 937
294 974
159 509
204 945
365 848
281 754
45 632
173 852
59 840
12 894
481 591
210 780
238 665
339 870
494 527
290 934
407 946
243 508
65 824
279 930
209 729
66 953
341 584
197 952
140 744
71 924
204 941
391 549
286 547
14 541
162 930
280 851
54 595
108 751
412 616
116 579
155 644
387 700
495 551
122 953
183 747
472 731
488 530
354 860
72 986
145 841
93 893
32 602
247 696
8 707
419 697
33 999
301 655
461 567
422 992
426 513
261 611
326 767
40 935
86 765
415 662
20 882
340 947
355 838
143 962
119 806
281 544
326 524
56 503
255 543
68 544
428 763
65 977
120 571
23 587
86 592
329 613
346 747
166 504
418 676
22 860
455 900
5 647
491 514
460 916
290 530
159 554
318 610
150 803
291 877
104 523
161 801
172 890
333 550
38 691
59 759
92 507
204 657
250 858
217 589
39 568
93 968
118 785
219 524
185 887
13 681
9 621
187 733
161 722
452 814
123 685
485 955
299 538
244 994
193 880
332 521
83 929
80 761
316 719
455 571
19 822
226 797
120 610
51 831
48 934
82 612
193 800
259 704
21 721
500 822
337 749
1 655
196 853
94 766
481 754
450 609
390 957
51 720
53 597
313 907
455 544
2 732
465 765
455 743
285 553
385 598
418 797
174 770
240 674
275 581
365 941
467 765
471 545
379 897
70 622
245 802
249 933
470 567
129 863
451 842
159 513
64 863
219 960
473 661
250 646
393 762
286 707
458 866
170 979
316 805
5 587
323 814
190 542
271 506
403 883
67 965
438 939
125 730
386 678
37 558
326 953
401 674
148 520
384 597
465 506
483 509
93 665
374 572
262 640
263 781
408 589
100 716
244 850
425 671
185 683
46 949
10 752
225 951
411 820
281 810
236 510
373 564
208 851
84 742
132 546
333 851
73 821
368 785
245 569
131 826
249 782
68 832
44 785
458 971
326 662
481 585
2 857
31 979
420 805
126 928
274 840
143 685
216 564
355 543
488 516
414 657
352 794
279 800
293 850
32 935
122 601
415 698
334 506
253 903
17 689
417 602
453 530
53 864
414 800
423 699
124 839
483 557
39 846
119 832
453 904
211 612
215 649
306 650
40 967
379 832
186 580
312 513
381 840
14 981
188 580
218 731
132 786
151 520
256 754
368 710
371 817
355 865
94 757
109 752
267 678
322 786
181 835
28 528
160 775
54 581
418 961
141 585
318 848
337 989
67 702
337 969
466 536
