30 873
406 598
310 719
215 749
191 556
239 851
26 841
237 897
335 667
130 694
266 597
25 592
152 755
280 840
38 949
27 896
424 963
332 563
77 653
244 957
171 562
365 919
358 973
406 974
323 791
354 814
327 573
146 894
496 717
143 681
130 505
450 513
68 513
333 824
235 942
456 911
338 987
454 900
288 784
311 717
145 615
490 680
6 660
169 643
133 999
397 950
256 804
178 934
366 505
419 751
39 945
378 645
67 945
228 671
336 696
309 674
44 732
376 791
153 558
455 873
478 730
96 776
104 566
207 826
446 534
157 861
233 612
357 927
154 950
294 792
9 817
65 549
35 909
290 621
385 961
460 860
132 666
335 729
257 888
221 511
318 868
155 988
288 555
16 579
474 758
266 705
45 713
110 677
81 732
396 692
106 504
368 657
99 925
437 782
367 866
46 620
341 825
144 977
330 816
490 671
17 671
173 670
264 692
140 955
496 910
117 782
432 814
182 803
376 528
472 691
162 927
484 612
7 536
242 940
246 836
293 597
74 949
91 671
280 718
393 511
261 816
3 640
253 718
51 754
390 939
103 562
450 576
102 569
23 689
210 616
336 939
485 884
354 970
383 996
339 913
404 669
407 523
461 989
129 607
404 889
7 964
435 606
200 816
160 673
257 982
480 879
430 524
428 834
26 688
391 929
348 859
131 790
221 645
245 859
176 692
335 733
201 506
126 762
418 866
236 568
401 552
420 771
468 957
101 825
258 986
156 715
167 659
315 943
30 899
427 765
382 926
4 823
291 871
484 673
115 846
179 606
214 887
273 1000
292 686
382 625
89 601
267 777
373 582
19 534
386 817
228 583
269 933
498 550
38 608
281 991
200 503
92 741
245 577
490 826
416 696
10 887
187 823
345 767
59 659
130 570
229 804
460 928
24 578
205 879
330 830
146 728
411 796
34 969
93 586
370 776
440 615
176 667
485 650
335 975
233 910
152 863
331 855
306 867
476 710
99 818
99 530
164 983
475 757
123 821
47 878
145 544
111 735
16 582
330 557
241 505
43 892
225 961
150 732
113 689
289 624
163 977
343 574
496 991
30 956
81 721
395 853
321 514
69 531
410 707
355 879
419 695
394 717
426 643
352 582
219 812
316 705
221 546
68 901
476 505
486 565
491 717
156 903
98 734
224 897
130 732
353 848
401 966
228 527
228 633
437 894
244 650
492 860
343 716
467 559
76 617
484 748
254 550
200 531
437 903
450 569
430 763
454 901
8 524
236 949
179 623
274 555
440 503
115 586
4 785
153 990
227 578
108 807
9 559
110 899
399 506
474 870
248 758
443 743
426 851
319 953
87 693
213 566
485 748
154 639
384 933
466 678
52 642
12 527
62 921
442 800
197 866
364 847
134 759
246 903
370 645
424 904
459 567
441 799
156 691
459 900
229 805
194 869
340 697
223 719
147 607
223 913
310 539
50 857
77 914
377 521
482 900
246 598
364 611
72 732
88 659
487 926
88 584
374 714
178 919
395 774
86 611
194 708
441 764
222 654
367 943
314 598
42 992
488 989
312 608
293 653
433 507
207 885
80 561
363 555
380 575
456 622
253 612
311 973
276 907
402 662
296 707
466 825
220 684
471 805
57 825
151 961
101 542
126 939
54 933
73 667
29 783
148 840
191 781
376 729
173 970
116 698
32 824
75 976
91 884
28 782
388 1000
414 986
398 734
345 520
419 983
382 904
401 657
142 713
36 959
201 677
255 994
280 603
122 806
37 640
80 656
454 953
46 682
140 776
490 941
475 872
23 986
70 975
390 922
380 933
128 874
137 614
3 921
452 720
114 578
288 991
379 918
45 523
319 559
461 579
240 502
395 868
10 635
382 769
269 812
229 564
258 902
186 645
153 602
304 732
295 510
66 743
36 512
200 696
103 536
249 602
255 619
222 936
105 932
273 881
155 524
451 908
308 702
199 882
261 892
265 972
209 725
49 934
204 631
276 884
338 916
104 570
271 597
296 534
433 786
216 613
69 520
270 959
499 892
294 728
105 985
48 994
432 604
430 554
211 636
108 746
493 802
305 626
301 507
117 741
414 545
211 750
270 974
221 578
327 950
47 582
86 616
342 511
380 768
257 786
427 700
180 615
372 527
300 537
254 695
161 524
414 924
229 613
69 904
232 578
455 903
452 538
52 643
326 816
107 898
126 929
138 895
190 605
45 644
13 644
325 766
279 844
125 527
18 997
168 939
95 897
193 828
267 699
357 776
141 579
387 825
404 821
382 564
210 510
487 719
309 752
118 720
36 640
156 556
7 855
95 988
24 535
324 700
171 971
350 594
199 715
398 863
199 558
102 647
433 554
262 889
262 769
257 776
290 865
220 746
348 821
398 998
474 633
228 777
162 509
115 934
195 929
56 773
182 702
242 945
47 700
159 755
434 719
60 584
26 530
398 631
460 910
127 654
325 836
22 532
223 534
335 919
288 512
277 750
182 764
421 834
89 605
452 658
48 697
95 662
290 893
52 724
101 746
256 730
180 763
434 971
214 948
364 883
221 574
422 754
398 764
308 646
158 563
499 801
480 589
498 794
422 559
417 999
274 721
274 767
205 918
9 959
243 695
37 743
295 600
199 597
427 575
473 700
205 804
118 945
153 771
249 842
205 895
40 696
312 929
476 942
139 702
39 745
369 534
455 744
165 639
316 695
8 883
487 654
163 920
195 661
496 576
387 703
285 697
65 512
150 878
411 830
271 914
310 963
490 828
104 721
224 589
29 718
155 630
165 646
438 770
286 657
43 659
97 525
128 795
36 557
388 635
188 886
174 958
143 641
136 639
304 627
121 580
422 720
500 837
409 989
229 671
82 848
46 896
2 749
459 569
301 790
95 834
335 978
486 716
386 623
415 501
80 627
374 501
83 611
93 586
274 754
220 757
50 823
36 971
330 634
62 504
205 583
269 584
430 915
22 863
385 953
73 864
453 914
227 680
395 551
263 509
271 887
254 599
229 765
108 707
111 672
424 678
68 937
394 864
458 764
487 764
312 938
385 572
164 650
403 862
354 646
242 902
271 966
481 571
19 582
85 794
117 902
65 928
417 615
499 896
196 922
349 716
408 924
55 930
346 503
472 637
70 763
191 622
457 569
398 718
415 712
366 597
318 744
98 769
233 829
135 752
330 937
441 789
263 963
230 958
389 820
277 894
474 974
50 703
92 858
285 717
484 591
412 672
21 783
479 960
259 914
76 890
53 771
215 547
480 814
265 867
482 954
112 785
483 663
277 649
119 999
217 852
208 507
279 894
314 660
440 963
135 999
351 523
132 639
235 962
227 745
465 667
493 545
173 658
428 975
449 686
133 829
340 801
39 937
140 612
43 645
243 898
322 553
174 825
290 567
279 987
470 981
209 931
362 753
222 815
364 769
134 798
123 613
468 930
377 803
51 733
39 671
77 875
82 873
279 791
132 705
210 518
276 741
63 924
452 861
395 581
140 533
60 577
488 994
469 586
113 602
420 911
454 595
34 739
334 921
411 750
157 826
335 957
126 951
327 647
272 782
175 945
179 621
15 969
29 760
236 850
100 909
55 995
125 881
61 527
250 702
286 796
71 568
102 606
452 652
291 618
4 765
185 625
232 600
141 902
192 550
198 564
306 743
108 785
369 889
157 983
61 778
91 913
330 635
264 884
457 579
240 844
56 971
85 983
45 659
461 810
308 558
345 931
320 821
312 902
79 700
189 958
139 777
466 668
385 895
305 893
394 783
446 549
34 976
321 897
411 902
115 799
113 870
307 999
448 717
460 679
98 875
398 811
137 993
166 821
455 550
452 535
482 936
451 744
63 718
234 974
202 971
388 984
263 509
344 950
487 626
316 697
463 801
199 530
195 575
103 832
476 847
39 999
99 699
401 596
295 692
205 898
10 825
456 984
205 906
177 858
304 599
154 752
214 674
21 585
248 701
48 711
259 703
215 626
115 514
489 943
279 984
470 834
136 845
311 860
105 715
1 584
163 970
450 991
191 678
74 810
261 660
145 882
87 811
20 686
347 813
213 573
430 890
22 554
485 640
390 529
321 656
291 654
279 580
77 558
170 568
208 834
306 688
129 682
383 918
488 897
242 794
309 804
251 569
187 534
398 565
316 627
377 679
41 918
308 939
15 954
89 581
411 965
65 852
360 604
195 884
277 576
491 602
230 715
117 893
417 837
418 576
131 716
84 732
416 782
353 537
172 571
144 932
101 666
336 573
108 935
38 680
300 843
99 854
57 793
326 670
28 504
115 706
155 864
357 531
93 612
356 735
68 800
19 796
365 858
104 517
486 833
334 953
153 669
454 992
300 810
152 542
233 752
202 704
176 814
327 911
49 593
491 897
374 712
97 893
464 810
381 596
210 800
271 551
49 867
73 714
72 737
222 988
395 919
54 755
268 905
300 770
13 740
475 936
431 739
33 990
158 777
147 951
324 903
451 686
214 816
73 645
223 935
353 652
379 918
280 980
461 758
120 850
442 690
49 561
385 800
271 573
74 791
2 713
445 691
294 675
391 819
187 808
300 701
482 557
101 881
3 759
216 924
296 901
133 549
53 705
375 833
450 530
158 998
383 863
261 936
295 642
343 874
246 663
326 681
412 750
316 631
355 568
377 556
33 655
389 614
200 955
247 626
233 748
463 768
6 839
379 585
43 809
451 526
17 790
159 978
113 702
103 535
195 975
166 586
388 998
500 957
247 540
153 660
190 993
405 670
447 990
159 522
8 749
412 541
425 577
238 574
385 585
278 895
193 526
327 752
430 841
191 971
374 564
487 509
349 562
203 528
221 507
417 899
67 633
109 693
370 735
77 640
263 990
392 551
43 893
60 992
59 843
322 921
186 808
218 626
207 587
499 842
115 659
81 867
237 885
292 608
425 656
92 982
255 556
359 844
461 929
486 572
446 929
283 765
145 766
371 681
106 805
221 762
189 765
324 545
448 745
460 860
150 503
12 757
445 968
311 925
29 958
80 784
387 517
40 666
253 619
388 875
475 739
335 716
391 910
135 643
231 916
227 620
494 820
285 648
447 937
483 725
497 556
479 507
304 541
309 728
459 948
169 914
434 715
299 956
424 735
441 895
65 633
118 600
480 568
454 918
77 902
150 630
268 862
231 554
173 914
125 828
297 709
288 683
301 789
376 565
196 587
44 638
467 945
420 670
319 592
291 892
42 944
46 976
425 995
264 705
206 697
490 814
231 893
273 596
423 782
482 917
391 704
332 789
152 783
166 761
202 587
386 763
281 846
228 553
344 552
403 597
43 998
324 770
10 578
242 568
497 707
397 845
35 838
40 644
110 833
165 798
381 858
203 690
250 651
161 799
152 916
28 510
42 992
487 614
231 719
416 963
486 517
328 716
288 672
397 654
356 713
125 1000
349 604
129 545
162 871
371 832
6 680
190 829
25 772
30 633
171 771
428 882
68 648
210 780
20 658
110 520
489 800
414 970
491 650
69 912
300 635
125 551
402 941
483 704
266 578
87 590
384 906
121 727
397 856
59 973
225 563
48 677
457 927
196 775
22 536
448 641
126 966
471 894
211 786
446 836
176 514
42 559
190 576
41 548
259 670
141 795
279 813
386 839
160 814
414 731
435 572
46 771
450 646
156 688
106 989
467 775
461 668
351 533
111 789
110 596
193 805
286 707
191 730
481 862
64 687
250 825
249 637
106 594
380 626
300 888
101 801
427 841
288 661
190 611
426 528
147 945
44 555
309 890
121 644
317 608
424 740
377 667
164 995
429 925
426 948
69 719
321 738
417 922
70 704
153 939
437 706
232 961
86 691
241 542
249 763
450 804
68 573
203 689
283 951
496 576
280 792
189 504
248 741
137 688
350 907
367 750
168 570
422 505
246 530
100 574
96 521
484 806
64 626
116 971
359 513
22 775
444 830
296 665
268 644
460 732
498 608
257 722
232 962
126 746
355 842
48 534
61 691
221 557
329 871
396 820
493 871
39 528
364 624
25 785
426 782
5 997
149 643
224 691
131 643
30 780
343 921
480 539
3 710
138 816
172 975
439 724
196 742
424 946
35 875
94 521
252 596
423 508
228 583
8 597
159 625
271 920
30 845
447 961
311 511
241 662
425 573
204 519
317 703
409 522
351 986
365 584
401 525
467 635
33 852
74 775
123 563
449 517
97 785
239 997
165 956
446 876
359 754
405 678
214 950
344 693
387 556
3 691
27 841
276 714
389 869
348 843
461 593
136 787
390 644
17 535
47 844
83 601
20 848
243 878
323 643
55 849
443 517
284 751
83 563
438 607
379 788
46 935
382 875
83 817
469 734
369 675
324 715
6 942
460 782
285 914
244 769
277 636
136 649
246 610
327 838
231 736
331 940
26 930
340 710
133 934
480 763
239 694
414 633
433 993
444 627
34 593
460 574
112 935
123 550
74 558
111 891
180 884
160 525
459 623
463 760
50 874
200 718
16 526
360 965
357 909
227 531
217 941
330 826
425 673
398 923
113 934
170 755
371 612
447 739
25 740
419 952
100 969
347 603
470 762
412 668
418 892
284 782
239 522
45 608
22 780
135 974
201 582
296 738
253 780
94 688
415 701
194 569
358 963
169 817
116 950
285 940
190 904
41 560
22 922
474 603
23 691
333 933
334 720
65 717
113 574
36 980
266 969
320 688
43 566
142 960
412 805
11 767
486 812
47 710
322 770
407 677
75 998
380 737
306 517
242 768
353 970
293 618
191 839
189 534
248 655
393 773
389 887
72 671
179 994
317 830
397 928
7 641
473 740
171 542
248 902
85 537
420 655
302 548
430 501
25 533
440 819
305 921
347 762
336 513
92 760
364 825
83 768
364 512
283 921
422 571
306 880
144 874
300 544
283 782
277 536
177 707
28 745
387 641
189 609
213 826
153 788
366 655
475 829
410 556
203 883
12 740
112 784
132 563
459 683
426 986
229 771
121 510
5 758
473 803
42 645
270 570
218 702
278 594
345 957
461 784
163 932
463 597
396 811
149 643
356 777
235 651
219 531
360 623
369 539
108 621
448 802
373 539
243 720
374 779
418 501
74 512
56 875
386 920
104 619
486 807
476 988
371 515
486 755
438 740
319 691
443 612
472 789
198 676
410 774
71 594
343 640
1 992
94 752
349 859
438 833
253 741
264 847
226 562
58 971
483 567
383 869
419 962
496 651
223 774
199 574
147 836
417 929
271 942
20 862
235 681
77 991
261 953
466 669
172 723
260 551
26 531
34 774
366 736
102 531
396 977
277 843
491 689
195 970
241 717
412 603
282 892
472 865
119 918
288 808
279 657
318 981
275 832
305 619
287 710
167 634
217 653
219 763
311 930
473 820
97 948
141 644
34 844
378 608
267 650
148 872
466 956
157 570
205 836
476 763
248 930
341 863
452 561
69 584
299 725
404 898
285 707
249 858
270 753
235 831
197 687
4 831
378 615
384 517
274 697
466 817
33 642
429 634
159 708
498 545
83 866
203 702
367 601
103 673
130 564
229 712
278 675
18 732
452 876
372 642
470 560
287 906
191 969
29 650
23 728
181 628
468 821
315 870
311 741
440 781
196 730
46 704
194 741
102 806
121 906
179 934
304 530
241 820
207 782
269 574
330 846
66 724
194 944
466 583
64 933
86 612
330 971
381 788
16 502
448 681
142 632
328 666
456 972
257 630
142 843
64 951
90 989
471 893
113 596
89 908
52 633
128 926
58 757
346 830
426 819
100 984
167 946
34 553
205 611
132 991
463 741
201 844
426 722
17 933
188 518
448 577
101 702
6 839
101 794
121 630
72 693
204 902
425 505
61 772
49 587
12 759
126 614
436 708
430 998
351 652
464 513
434 807
29 870
126 562
298 789
206 902
256 560
344 681
357 562
145 895
37 520
62 626
412 841
375 866
177 891
277 580
384 533
423 552
55 643
500 567
302 738
20 585
268 680
428 742
136 592
201 958
352 669
156 968
234 632
485 839
110 700
20 520
82 587
438 821
102 982
10 746
323 994
414 508
461 941
228 564
190 886
315 837
382 701
467 921
421 755
17 764
362 882
364 951
8 960
424 566
225 686
478 672
109 754
44 889
103 861
263 965
133 675
420 793
103 984
1 856
473 986
67 744
244 531
436 869
173 539
418 749
266 699
449 969
176 782
494 514
129 657
491 802
188 932
171 825
333 979
221 813
262 611
344 677
75 763
231 663
486 516
396 910
406 607
292 909
343 672
65 925
186 581
469 521
348 977
356 527
191 543
185 681
275 868
405 912
308 687
478 671
452 985
109 879
57 932
372 904
495 858
146 987
476 688
123 560
122 615
117 690
40 629
300 728
430 637
495 818
179 743
257 919
362 780
235 709
495 715
413 847
181 775
230 876
151 520
319 959
490 731
34 729
315 760
194 692
390 555
381 921
206 630
106 739
326 907
242 975
237 855
177 770
182 778
191 763
195 602
174 759
336 968
271 537
370 697
187 975
327 861
132 715
272 939
6 626
16 978
233 857
315 931
56 979
463 633
141 749
152 964
77 976
156 950
488 530
308 785
472 921
314 577
172 608
349 719
106 612
311 609
106 676
351 985
225 647
208 678
426 671
145 743
427 658
148 867
48 880
361 588
85 847
371 779
369 906
434 899
318 967
412 927
288 734
498 919
7 965
135 751
364 990
399 615
436 996
65 769
29 691
265 578
496 919
463 566
270 960
299 513
241 546
492 552
444 718
5 911
94 571
429 854
405 596
223 511
216 866
488 831
187 888
302 963
50 635
54 543
231 633
188 909
345 535
261 731
138 961
83 684
365 946
91 633
117 645
213 832
86 981
334 635
302 643
339 681
314 984
54 861
500 518
147 614
394 835
356 914
177 619
304 928
374 710
251 798
15 655
318 716
352 515
457 533
69 685
263 840
347 547
150 854
113 728
49 616
367 651
312 785
330 986
19 667
33 725
381 903
108 863
97 561
121 965
496 683
28 822
285 672
304 653
435 527
130 540
344 720
343 655
321 540
96 578
208 774
