340 544
273 885
244 741
367 722
258 886
495 628
303 717
104 636
186 811
327 631
181 740
273 702
437 968
272 605
302 848
493 908
405 758
306 711
180 661
15 980
72 903
488 885
50 965
333 558
334 796
351 783
16 998
293 877
153 630
297 587
316 762
463 879
475 625
28 564
284 816
219 817
31 732
388 592
475 654
351 786
406 681
212 732
353 632
87 945
72 766
157 860
425 957
338 953
287 803
290 709
482 899
377 571
107 669
79 958
262 928
493 515
429 907
283 748
368 562
274 557
65 537
19 668
326 649
262 950
286 933
101 876
215 995
328 604
151 917
24 942
362 636
150 641
278 909
477 839
222 749
152 781
410 538
244 619
6 725
15 508
243 929
35 750
366 596
402 622
75 807
455 569
430 571
79 685
337 753
149 852
266 868
30 501
290 719
300 642
17 958
151 774
412 783
498 970
134 590
359 550
11 777
336 791
258 515
314 808
205 634
40 980
335 856
249 703
398 597
293 567
438 876
250 789
241 864
352 956
297 767
34 932
254 543
216 813
482 582
275 506
443 722
491 755
61 630
398 701
375 808
348 930
92 615
332 744
184 517
471 985
268 600
297 505
67 657
234 794
463 891
196 935
415 924
450 732
149 703
202 570
116 653
46 918
138 631
197 900
68 545
126 819
190 632
186 621
137 814
286 854
85 998
197 980
282 789
44 952
373 662
351 519
460 853
98 795
442 949
225 698
268 576
487 793
42 617
450 915
415 916
292 638
66 902
261 982
152 923
24 887
280 513
279 722
122 809
79 845
430 627
301 566
226 504
439 886
329 799
484 649
68 685
304 723
178 989
184 507
206 782
210 638
41 927
474 611
248 906
154 979
88 851
221 971
408 990
277 904
403 750
133 828
176 877
267 856
354 627
494 553
13 801
386 540
355 802
141 584
134 766
13 588
3 886
312 517
134 839
63 920
132 810
94 723
408 663
174 777
212 843
427 511
237 513
296 659
217 559
233 612
212 965
392 723
326 653
449 707
372 877
472 502
238 521
284 944
224 994
243 697
68 838
343 931
54 545
109 662
306 900
210 887
360 641
362 671
166 625
112 670
183 960
38 691
157 933
187 589
479 911
185 581
461 702
50 565
457 601
405 995
305 739
135 977
381 885
450 735
62 516
26 633
196 806
192 741
371 616
446 685
446 662
307 791
271 545
429 561
123 537
92 816
240 697
356 597
397 983
368 601
251 985
111 525
356 704
28 768
310 569
369 911
420 521
444 534
250 733
137 536
357 911
97 950
500 560
203 615
340 686
283 878
344 872
222 915
170 579
439 901
19 562
479 542
57 540
163 893
382 614
272 916
311 657
107 983
412 932
456 838
288 823
438 627
452 860
242 545
161 613
387 891
294 836
205 747
327 551
355 946
326 537
75 707
106 783
247 694
79 907
187 753
442 858
113 947
265 809
196 818
11 729
80 575
478 853
18 520
195 607
492 856
336 930
216 712
81 644
253 831
265 757
132 667
429 701
316 531
391 676
106 717
143 838
100 819
226 732
152 544
264 520
255 891
198 927
455 580
340 938
150 864
406 740
147 717
271 924
129 531
182 823
29 794
90 630
251 598
92 939
194 842
131 731
138 858
338 665
218 975
376 815
57 923
156 705
79 774
484 517
19 685
153 777
395 549
446 583
452 717
86 592
6 925
32 973
496 648
132 704
421 722
267 676
57 618
284 855
152 811
111 691
82 908
107 668
263 858
49 511
314 611
223 798
332 923
271 760
448 536
371 738
163 861
384 726
271 633
49 595
68 567
200 797
365 795
224 668
422 839
464 774
194 828
214 576
362 956
6 604
296 810
438 884
496 580
302 767
367 781
104 815
297 990
76 554
230 857
175 594
381 557
379 798
452 956
310 559
144 961
249 851
107 636
111 981
155 867
110 533
183 545
471 651
446 717
49 581
282 708
258 806
273 983
386 631
153 587
238 603
178 707
341 626
88 651
52 559
65 806
21 964
477 966
355 728
479 880
374 802
437 907
483 801
162 559
257 594
459 940
426 852
68 987
59 521
185 700
302 852
53 647
485 691
411 936
62 803
227 857
352 989
188 566
383 834
165 882
432 723
255 630
205 818
161 525
309 672
318 719
496 734
404 671
156 855
239 878
8 991
90 633
284 588
237 747
337 918
235 627
215 664
66 879
237 567
364 551
180 591
9 999
459 948
75 815
344 667
131 895
310 534
495 989
453 556
360 748
309 797
179 787
61 589
2 743
59 779
265 587
345 851
317 877
500 733
38 516
123 819
367 539
284 969
258 544
301 914
185 720
166 636
7 677
162 748
341 609
228 925
81 971
143 660
284 900
309 680
200 751
155 894
22 609
4 727
419 960
1 922
392 505
187 748
155 552
9 932
17 625
168 602
317 810
109 845
387 952
404 877
105 754
178 519
107 568
204 718
450 530
62 902
193 937
121 883
135 736
481 882
13 696
346 743
348 835
436 650
397 826
450 784
33 885
367 533
400 779
115 986
354 533
461 954
335 743
378 710
88 913
53 583
319 855
36 996
254 776
109 757
456 816
376 756
3 557
55 865
382 624
238 733
226 647
357 892
447 962
231 537
250 888
259 863
58 916
20 840
498 506
329 609
409 575
2 574
257 566
443 733
124 718
397 677
139 550
255 840
39 873
364 539
155 683
151 658
420 831
327 737
49 721
88 907
305 551
391 978
158 830
321 820
498 741
351 930
58 923
278 667
268 610
456 508
425 825
363 691
426 658
241 700
199 625
341 828
150 638
443 582
88 955
324 985
440 947
171 894
240 877
34 600
500 910
406 918
254 521
163 913
83 764
417 588
342 898
402 948
375 523
166 852
154 546
57 622
201 735
56 622
357 571
59 634
17 582
450 893
279 803
489 611
306 810
238 922
200 649
374 950
324 787
495 516
51 768
356 717
366 935
171 965
389 980
152 705
83 718
314 621
335 508
48 915
477 734
386 752
440 827
356 663
22 595
119 703
470 638
370 697
393 638
241 564
286 519
460 859
392 666
99 651
133 892
148 681
329 667
405 950
391 666
284 954
57 913
398 861
302 528
306 799
482 835
22 868
264 561
178 997
316 617
91 905
218 926
69 709
119 605
194 999
149 978
389 904
11 823
116 591
146 903
393 612
90 512
158 938
307 566
347 914
222 936
305 976
415 833
235 941
174 603
231 668
278 632
192 636
257 736
8 707
486 623
47 982
403 722
378 595
173 621
499 609
390 861
155 545
491 845
294 924
307 709
225 756
177 613
183 681
314 995
214 639
187 972
238 704
97 629
103 566
269 512
275 984
47 821
108 986
269 861
380 735
36 874
339 504
275 774
31 970
454 947
355 511
82 791
460 823
243 728
49 731
128 949
353 796
427 988
399 510
136 721
437 893
432 642
235 644
140 604
114 759
476 816
327 593
291 508
74 503
468 691
250 535
446 958
486 826
363 981
175 546
484 658
191 783
104 990
451 950
88 785
125 643
367 699
167 996
478 583
24 757
10 532
332 571
329 583
402 953
235 534
491 803
420 921
215 726
27 695
241 531
407 597
191 638
18 789
14 607
146 870
195 639
464 713
211 913
389 804
84 709
166 968
420 985
171 777
112 943
236 934
273 717
455 981
64 877
335 792
2 680
291 823
233 663
206 544
61 649
36 516
168 1000
52 593
237 752
218 797
362 593
9 967
451 548
105 831
312 808
13 825
370 980
188 964
86 880
181 747
43 697
309 556
60 606
299 775
433 995
154 701
329 770
178 982
201 994
23 670
45 529
368 939
461 787
17 771
150 987
151 982
241 612
405 779
235 760
135 907
119 767
204 514
106 577
51 600
53 645
132 763
404 507
417 601
104 909
195 926
94 955
44 575
264 759
346 548
235 994
338 505
437 944
299 707
496 605
154 956
303 741
24 995
26 847
291 684
426 709
110 600
60 614
12 510
361 905
254 880
276 605
233 729
197 966
382 881
249 603
132 651
274 881
455 592
436 633
190 949
249 680
168 773
436 620
87 641
245 770
162 817
312 774
149 729
238 901
57 746
94 705
279 576
4 699
168 593
135 683
474 983
90 541
433 544
94 793
231 785
366 710
315 701
304 999
217 566
97 852
217 987
484 628
30 804
322 668
98 663
157 964
380 716
234 691
337 876
154 959
497 520
167 996
355 803
205 566
248 779
138 945
190 823
113 566
111 566
310 721
125 677
177 958
83 922
17 771
155 955
171 619
206 955
407 881
159 767
11 954
413 902
225 837
153 901
340 600
336 514
194 959
4 657
87 883
217 991
401 703
476 829
124 730
300 576
247 651
219 798
483 952
28 866
209 666
64 601
416 916
407 969
28 953
391 820
476 924
176 553
262 738
263 954
344 698
288 535
151 512
227 676
396 786
274 784
86 916
471 836
99 601
99 867
276 969
480 759
498 936
332 933
181 636
179 902
364 821
77 955
144 970
210 952
231 634
396 684
42 525
233 947
192 564
74 905
11 614
403 724
388 909
83 633
385 745
456 909
296 776
48 795
221 787
377 985
1 826
158 580
170 798
190 602
296 824
177 969
440 734
50 568
224 905
172 917
420 759
413 605
316 860
377 613
403 974
281 585
160 999
401 651
13 947
283 647
401 858
395 516
37 660
155 850
2 733
232 538
437 668
476 727
409 948
88 710
76 683
194 737
460 738
392 969
148 772
468 765
481 891
79 723
301 640
252 565
135 661
273 990
396 889
491 590
128 778
481 554
306 732
137 881
291 595
213 847
99 819
242 638
325 572
12 534
152 529
207 876
241 841
286 949
104 711
340 665
458 862
173 814
113 515
341 969
99 593
261 509
354 929
130 929
91 613
178 555
6 603
377 809
104 520
381 663
218 851
105 890
334 732
387 836
435 572
430 874
350 578
250 564
48 731
296 649
462 625
310 702
170 905
275 622
123 859
259 577
189 841
59 877
421 817
143 705
402 576
139 579
149 627
398 534
148 637
149 645
86 926
475 631
54 871
65 960
293 514
282 824
237 605
255 934
160 835
49 774
268 886
42 859
184 771
295 827
45 554
364 910
261 999
248 930
26 786
334 672
194 597
30 591
5 853
277 953
37 866
395 647
34 780
298 744
301 616
435 664
434 657
206 982
302 587
112 904
151 951
63 549
322 918
497 977
43 986
66 796
293 669
12 998
235 561
133 743
59 674
110 696
335 532
12 934
239 935
57 626
374 989
278 763
109 753
168 809
434 624
268 859
363 552
120 649
147 682
391 937
410 899
308 803
484 970
263 662
406 822
212 886
277 674
368 723
129 700
112 584
455 783
292 553
362 968
204 555
475 578
234 617
464 881
316 835
282 964
3 523
462 895
492 578
47 542
10 614
300 904
436 749
160 856
364 853
214 889
422 599
301 934
31 963
464 720
261 874
285 889
15 525
208 880
301 884
128 661
300 855
89 688
477 972
328 739
124 891
251 536
402 858
421 622
20 937
68 762
105 790
481 579
208 1000
18 723
59 543
242 889
230 669
476 770
111 615
376 879
185 980
181 806
73 862
16 783
233 659
200 524
221 972
64 697
439 726
474 649
408 518
160 820
366 692
435 841
145 502
196 572
244 518
235 547
260 682
125 606
53 661
67 913
416 637
196 837
148 612
331 938
171 511
359 736
419 822
336 654
165 660
358 827
24 890
212 587
115 510
172 872
414 820
426 871
207 864
291 977
367 577
151 535
317 897
467 604
493 694
167 694
495 536
199 718
117 897
250 818
481 866
45 538
97 694
472 729
362 870
234 677
200 890
41 830
3 694
205 512
360 700
52 513
153 631
396 602
437 580
296 835
194 777
238 650
299 731
134 602
452 536
233 760
449 535
473 560
28 869
164 941
60 949
222 918
217 642
30 976
228 789
392 633
85 828
494 1000
472 631
446 880
463 974
264 816
169 530
119 727
63 907
286 594
483 965
257 648
442 961
189 759
163 680
4 986
61 738
101 826
137 673
292 926
391 951
388 519
349 966
277 585
222 735
175 672
461 621
361 526
249 961
64 663
92 661
444 794
216 676
245 659
474 903
246 697
12 641
354 671
446 824
487 992
403 835
475 995
495 754
146 987
98 600
176 645
487 640
378 914
404 741
44 842
49 814
306 763
1 603
71 829
446 991
342 595
106 747
447 816
354 528
320 857
368 657
187 641
307 876
202 649
460 848
64 613
480 748
95 809
30 822
251 534
365 656
258 964
334 625
9 514
77 915
52 660
99 896
129 844
262 645
162 835
152 905
306 561
330 888
169 553
399 738
218 625
13 875
258 752
26 739
76 787
331 806
440 826
172 903
416 686
261 676
18 963
452 827
158 752
13 890
208 658
182 801
460 972
211 759
74 952
170 522
132 705
385 572
65 928
49 623
165 889
300 868
375 539
303 510
376 763
451 966
150 660
71 777
246 601
322 556
283 519
356 915
283 954
497 844
433 698
119 608
89 921
115 847
451 560
416 758
441 612
215 628
433 928
330 966
182 956
480 791
284 949
174 924
282 677
212 832
224 794
262 667
333 838
19 819
12 782
331 578
447 677
134 605
457 637
36 609
289 665
344 565
357 739
273 842
284 673
156 718
404 964
268 858
281 624
132 840
265 546
256 998
428 999
160 767
277 584
459 588
373 584
451 766
279 766
144 944
324 677
50 641
116 975
99 964
194 776
352 913
447 731
366 911
209 807
176 559
398 903
494 507
378 633
463 715
241 639
4 520
259 829
93 849
250 847
263 504
54 797
368 877
75 773
150 808
142 928
38 584
70 606
40 783
187 681
118 663
7 975
67 547
114 818
313 877
109 780
94 563
447 601
187 738
383 539
298 639
338 594
279 774
124 897
455 963
466 938
393 768
191 799
231 950
47 589
341 717
22 522
433 667
483 959
214 922
366 676
338 629
39 702
97 810
122 557
282 976
493 606
209 799
434 762
292 710
89 608
343 547
353 614
262 778
225 944
129 939
375 607
134 991
205 911
23 598
471 524
304 616
156 658
477 663
450 858
145 539
470 867
31 601
433 713
407 617
108 918
171 883
339 818
259 876
324 869
40 618
205 634
371 901
93 724
198 515
337 909
154 752
440 541
59 834
438 692
151 952
60 582
412 982
318 747
219 813
88 986
128 719
194 712
357 677
14 968
306 574
87 791
222 900
470 589
355 865
114 812
50 633
430 821
311 963
334 533
147 597
276 704
294 726
256 908
438 779
387 879
333 685
208 939
152 679
361 785
366 619
53 740
200 588
17 858
313 903
162 626
349 697
438 581
487 977
151 526
233 909
302 695
85 939
31 681
288 572
274 586
459 913
248 593
207 999
221 915
49 818
153 953
426 831
47 501
436 558
465 575
4 534
71 604
125 689
230 583
156 819
104 600
465 889
95 718
412 703
97 623
446 643
216 908
264 802
18 847
499 972
73 601
6 773
131 658
202 557
30 628
456 852
238 885
184 767
93 870
153 888
48 794
35 764
480 577
272 647
192 611
393 504
247 926
228 940
250 875
329 648
277 524
342 731
131 822
311 572
401 699
134 690
484 771
411 852
322 562
426 837
375 971
182 783
28 857
349 562
310 747
343 626
235 982
126 785
349 527
352 980
169 860
307 527
210 813
200 845
483 950
475 987
287 749
183 682
292 981
358 639
373 800
125 564
173 507
68 907
206 979
476 566
473 637
82 981
278 562
461 948
284 523
244 795
11 926
370 881
153 899
105 822
137 725
341 850
13 746
437 674
442 781
458 769
20 758
204 732
78 909
11 900
52 825
450 514
442 599
208 533
441 962
264 909
308 605
339 945
117 819
225 587
117 853
475 639
497 929
361 818
199 610
231 512
85 542
380 716
487 675
103 804
99 731
437 750
25 678
219 921
310 768
149 639
101 597
192 576
74 632
441 772
293 700
209 788
123 789
149 983
160 664
256 912
297 581
293 683
459 594
254 531
212 554
420 799
331 799
342 967
247 850
305 671
116 506
101 982
235 682
34 850
427 668
408 855
5 617
392 999
282 882
10 522
481 538
39 602
178 636
167 544
40 835
63 854
494 655
418 772
493 898
57 965
283 984
181 964
170 726
358 605
288 756
86 514
34 896
234 936
133 983
293 980
67 737
393 935
39 767
92 818
318 783
115 517
437 815
323 502
392 673
400 689
341 636
83 551
206 795
274 791
493 675
171 524
281 865
46 510
362 626
477 756
430 580
389 566
351 674
375 583
341 597
240 974
170 682
272 977
155 527
490 585
473 526
81 858
450 693
366 826
187 971
413 649
259 729
58 797
109 835
300 998
415 682
126 880
388 654
399 884
436 743
160 817
26 520
457 519
150 765
17 637
153 836
356 545
6 859
145 808
50 533
202 936
414 967
292 871
115 630
72 991
31 992
490 979
376 869
375 819
251 796
438 874
48 725
123 966
272 991
117 570
460 832
91 583
234 860
486 696
420 558
219 516
170 828
213 507
151 660
317 921
433 524
284 520
258 789
224 809
450 792
468 987
226 516
32 700
109 850
400 828
252 637
378 925
89 694
125 722
63 695
150 877
24 816
495 937
469 818
240 860
403 733
458 526
344 946
220 838
16 746
257 768
375 926
365 861
331 968
286 902
23 909
488 688
492 733
262 992
332 895
347 505
114 886
487 998
5 730
407 974
305 716
377 565
141 737
192 673
197 874
316 776
109 945
4 540
364 612
271 848
256 885
500 940
6 898
21 704
343 784
268 559
187 893
49 860
427 891
7 531
325 649
20 746
273 938
49 793
478 897
353 987
486 639
316 856
319 742
26 697
257 877
331 530
16 958
339 560
282 507
317 663
205 543
482 894
440 850
88 859
390 558
330 707
313 956
316 986
147 895
255 866
179 932
68 954
49 758
182 952
138 607
206 870
461 936
463 639
216 817
443 716
335 963
6 602
233 961
291 652
295 965
306 916
139 674
395 537
290 996
217 742
477 632
98 711
99 906
224 878
90 685
185 847
39 783
232 697
246 769
11 739
163 506
243 853
247 601
140 706
254 929
167 821
185 944
145 710
