439 679
467 930
336 615
222 556
68 764
55 908
202 672
456 831
215 832
460 847
498 741
369 759
162 801
99 518
343 550
68 735
367 802
61 574
367 862
178 615
247 565
168 523
176 795
17 903
320 966
191 835
157 579
155 745
361 960
392 607
178 905
125 899
196 920
449 814
81 749
500 502
296 995
112 902
377 876
398 918
261 586
27 704
338 868
5 893
229 620
474 913
364 610
125 721
173 976
396 806
201 561
409 931
378 738
91 892
133 889
238 528
81 758
99 850
122 577
269 790
343 873
221 720
487 958
77 621
51 914
267 803
152 526
113 677
178 513
150 975
344 836
485 559
41 619
208 949
107 588
127 716
381 541
345 586
466 863
396 512
462 545
361 742
16 629
390 807
199 745
205 923
68 988
88 541
271 833
36 912
131 545
480 721
360 713
337 841
111 731
491 624
373 669
183 603
492 672
232 900
162 765
432 739
156 650
231 612
108 899
35 949
30 914
21 890
354 546
352 654
209 900
385 618
379 803
379 759
318 868
387 524
71 780
247 820
25 801
375 737
382 597
296 715
20 513
401 855
394 520
98 575
132 658
316 642
135 502
492 987
38 620
289 586
28 548
2 710
99 560
20 595
188 551
212 952
234 647
299 807
392 529
323 507
155 755
107 698
48 730
333 614
125 949
450 814
452 839
42 975
368 520
324 954
234 594
267 988
39 680
344 801
101 656
362 691
375 964
169 702
23 850
390 503
314 518
239 958
112 563
386 915
292 501
184 649
357 594
184 864
153 502
48 989
22 696
330 523
487 931
293 861
346 851
181 738
30 814
12 651
448 804
468 639
265 876
161 611
123 653
115 649
182 953
217 874
451 811
41 850
484 998
226 559
272 725
274 534
248 954
3 678
126 695
430 558
457 724
28 740
198 703
445 809
200 806
100 835
10 895
263 816
270 536
434 882
331 553
495 574
141 902
116 889
41 692
277 970
497 846
239 691
188 725
433 916
126 502
189 515
380 512
166 620
338 553
49 966
243 675
58 557
157 845
199 836
111 770
196 948
439 846
77 904
476 609
406 694
436 745
495 909
271 697
290 595
287 888
249 917
219 688
150 674
320 969
27 649
422 891
83 993
481 648
152 585
347 702
70 731
4 622
490 873
20 685
47 756
97 799
335 552
110 867
126 709
477 686
359 507
83 690
238 609
356 601
68 575
229 942
133 859
348 638
316 857
465 740
498 667
244 864
468 738
161 994
202 782
69 654
54 965
8 817
367 793
410 887
76 956
334 690
445 964
172 995
387 638
280 854
147 712
166 637
351 705
273 909
437 548
403 505
139 957
183 950
176 917
323 866
136 749
7 579
109 752
152 945
335 807
481 939
95 692
52 969
90 727
320 587
433 594
186 809
125 619
276 643
309 639
29 779
440 655
441 540
70 854
289 852
277 864
232 530
63 904
200 504
237 985
457 619
439 511
28 821
388 748
20 738
401 608
96 788
12 646
323 655
177 713
139 602
67 861
144 836
37 554
488 796
283 594
146 983
265 688
380 691
40 978
475 662
92 873
404 847
64 953
417 649
219 591
253 751
85 548
220 958
182 659
45 725
447 555
277 877
470 926
291 537
291 862
458 576
115 667
10 701
319 533
83 793
186 860
206 906
384 884
400 746
468 833
59 682
286 683
83 599
20 766
179 684
5 848
378 722
449 926
265 797
146 702
52 725
354 845
17 559
340 970
440 729
453 694
199 823
474 783
441 622
60 601
77 909
354 675
456 684
90 875
171 710
477 654
463 789
72 564
8 821
193 663
218 594
171 558
365 741
328 535
285 935
119 952
486 581
136 857
352 836
44 506
157 800
223 743
413 650
149 542
268 874
329 748
341 663
335 843
83 969
127 544
124 505
120 684
478 824
101 812
17 672
199 964
374 721
349 815
273 933
103 634
441 842
55 623
483 853
365 822
83 724
107 625
392 714
490 545
443 960
63 559
268 516
77 836
469 709
247 544
212 734
379 543
170 636
447 905
435 709
149 651
454 961
9 758
283 658
272 893
212 780
238 892
133 827
378 560
430 647
232 760
347 793
494 539
338 818
184 899
39 654
365 924
240 632
17 720
340 713
404 915
250 951
366 786
454 948
166 614
158 503
434 638
252 936
373 945
194 895
391 902
177 688
267 797
168 522
97 651
96 902
117 850
483 764
199 877
332 885
91 759
216 513
433 704
377 890
296 945
127 579
307 682
15 627
361 772
48 556
167 694
391 613
85 787
312 679
263 579
376 973
318 716
20 781
52 727
40 649
134 761
406 657
419 712
341 651
20 972
411 512
92 558
199 580
403 753
39 648
23 726
476 760
378 589
382 723
2 935
231 965
45 813
464 889
422 897
148 861
103 672
79 757
355 543
417 814
388 1000
445 692
135 708
302 657
406 970
383 558
77 521
348 540
388 799
445 606
303 698
469 676
167 937
376 562
269 577
175 550
239 949
300 974
102 682
491 591
308 829
238 567
74 678
498 508
134 922
211 920
126 649
253 523
166 632
486 695
27 854
2 565
356 891
229 697
52 704
486 896
77 532
227 810
334 912
119 806
71 926
494 594
430 640
424 766
179 849
409 820
289 760
462 583
47 840
36 721
73 613
60 981
79 991
140 788
158 610
326 838
469 567
21 745
61 569
87 843
24 515
88 546
208 572
322 531
172 518
368 785
79 943
311 970
169 890
341 551
231 668
275 973
481 789
436 987
472 564
383 870
398 541
148 729
137 533
392 563
293 829
225 938
463 582
290 778
132 639
495 551
272 598
104 537
122 975
235 893
240 910
406 695
306 566
458 609
139 812
134 967
292 532
19 986
409 983
11 515
163 984
257 798
48 826
205 538
25 697
417 836
150 669
49 698
344 848
371 977
234 722
282 533
116 612
286 715
383 700
261 882
379 653
254 697
398 911
128 613
175 714
397 844
293 959
243 995
72 788
297 990
357 588
296 598
398 759
328 684
463 903
337 834
433 732
404 675
110 948
78 671
203 754
249 969
457 805
214 626
435 515
415 894
216 645
90 791
311 988
129 882
318 636
382 709
350 633
266 965
452 941
76 627
399 524
431 676
31 647
16 811
336 518
33 718
347 961
220 848
255 704
55 563
75 665
416 607
480 996
403 976
171 802
113 825
383 536
184 610
339 537
167 895
130 858
348 670
380 609
170 936
155 738
41 932
330 551
413 920
493 764
331 782
195 804
475 839
8 841
27 870
90 787
69 942
268 511
80 609
337 859
113 839
445 725
308 798
158 1000
278 961
87 758
409 901
120 857
465 562
466 828
468 679
393 540
48 847
311 668
264 587
456 826
83 590
278 723
43 851
143 625
373 641
495 650
175 670
302 943
334 748
230 569
281 663
237 598
424 673
161 857
343 914
374 625
253 922
58 897
476 827
67 911
228 637
440 907
444 856
131 624
98 912
335 715
373 901
65 595
26 909
435 505
165 822
282 794
322 642
226 598
168 539
50 614
496 620
99 693
450 850
81 689
469 711
62 645
269 688
176 879
484 954
193 677
392 521
298 627
496 622
467 973
176 670
452 782
273 502
41 667
392 549
267 532
328 775
360 504
476 942
275 790
233 742
169 505
73 895
408 919
46 961
425 627
460 740
423 939
134 638
216 885
124 569
325 659
377 844
449 940
332 970
392 642
357 756
25 647
407 887
61 780
483 853
465 962
425 532
417 991
365 574
175 724
51 563
466 615
175 887
343 891
251 673
474 686
459 534
31 845
96 908
448 688
331 689
464 751
156 622
152 708
131 860
59 671
127 720
493 680
226 515
130 658
32 663
430 916
348 641
261 843
217 782
122 676
229 898
199 953
318 521
17 979
64 574
219 599
325 519
493 553
478 765
378 692
11 641
172 751
342 646
175 761
102 669
63 584
454 584
286 753
30 712
228 567
130 957
284 706
462 920
270 549
374 812
191 650
260 693
311 729
437 508
470 949
102 629
196 626
268 750
155 633
106 604
55 987
276 676
276 757
193 847
435 998
271 642
95 558
397 783
327 801
297 668
330 693
185 768
180 651
95 597
457 736
413 540
212 852
27 605
286 960
132 758
376 647
6 747
461 966
371 671
364 661
454 836
87 720
186 839
444 845
59 607
332 805
152 942
165 770
374 703
252 535
355 576
347 626
500 601
344 536
240 658
93 916
440 730
358 880
348 938
200 529
145 826
464 645
326 829
463 606
210 638
363 969
18 598
76 612
4 550
439 854
400 575
276 953
25 922
398 823
338 905
12 859
140 804
47 599
116 566
4 598
43 842
72 898
238 534
41 955
222 516
325 723
263 693
323 565
32 870
103 607
91 911
327 871
381 771
449 747
148 982
36 842
202 661
292 573
355 699
377 889
124 602
259 690
62 573
239 600
33 875
269 855
387 702
190 582
213 705
422 731
493 663
153 522
47 866
153 857
206 990
1 649
68 705
482 562
335 517
389 723
270 631
213 682
130 720
195 902
359 649
451 725
390 840
379 934
338 551
377 824
474 780
438 930
266 557
338 737
232 891
363 970
69 602
159 991
263 676
227 876
468 602
313 810
160 974
228 685
423 893
51 623
123 967
462 677
416 898
436 890
256 803
276 536
180 851
269 891
278 673
89 856
180 702
98 842
434 537
113 700
66 882
395 865
259 974
496 780
34 702
240 587
355 579
442 732
479 971
221 786
73 820
440 896
412 743
161 905
445 972
295 913
379 869
458 567
330 691
139 603
258 818
7 948
230 681
499 518
483 979
392 681
439 546
76 874
383 842
16 738
266 681
380 914
225 665
432 509
7 963
261 838
30 964
110 862
409 866
126 726
174 584
147 561
73 718
296 673
414 637
97 916
251 696
23 889
254 736
245 986
455 523
427 553
409 961
162 925
207 632
386 501
213 947
65 955
43 885
407 747
311 509
154 756
474 737
77 749
19 820
492 729
149 687
151 631
157 571
355 567
159 923
130 585
205 588
135 590
447 591
492 929
352 849
487 953
432 896
455 912
458 914
55 718
142 605
447 990
328 923
240 646
156 810
1 540
428 780
164 529
288 625
301 603
449 686
76 540
296 649
56 940
257 687
73 791
167 737
403 617
418 669
362 511
22 558
196 757
482 791
499 796
109 663
21 758
65 818
461 503
128 691
167 874
96 702
435 764
137 628
177 660
149 670
107 776
288 879
390 964
444 661
187 833
225 747
248 609
19 594
143 976
208 686
196 758
329 755
341 719
381 755
154 680
411 621
397 694
199 873
338 620
223 657
247 687
323 731
202 633
394 597
152 829
407 715
321 722
471 741
387 998
380 980
208 508
230 708
487 890
226 560
36 945
65 930
84 811
303 816
418 731
416 551
172 715
237 923
285 863
477 791
447 894
90 769
254 711
219 671
3 600
253 713
21 608
193 568
83 727
161 937
342 689
465 822
148 685
381 749
376 978
299 970
271 920
397 865
275 846
18 610
103 915
245 590
333 896
359 536
460 935
47 503
420 933
35 942
307 813
123 552
78 816
304 695
355 759
46 836
434 635
345 847
472 946
476 733
219 625
380 516
303 797
177 721
500 893
101 641
255 679
40 798
369 928
387 726
213 993
89 605
102 582
52 502
500 754
311 733
472 957
207 761
122 584
48 662
223 661
251 573
297 753
480 568
399 964
335 812
282 997
355 735
67 952
224 868
121 842
346 834
454 542
33 643
34 958
259 552
94 695
347 909
82 511
46 703
491 736
406 626
249 945
172 838
479 869
17 553
488 912
87 526
233 894
322 879
429 985
445 536
174 768
196 531
405 944
406 958
343 859
435 972
85 956
92 821
164 897
300 727
1 767
445 572
325 985
241 576
218 604
165 587
376 553
451 997
261 750
135 806
467 785
4 652
44 703
193 983
360 857
331 965
102 603
296 996
328 996
13 873
154 610
346 975
387 574
317 901
127 855
66 873
495 692
315 777
396 852
173 840
364 702
414 547
294 855
367 802
471 560
177 736
495 506
153 935
424 589
279 957
277 721
52 505
52 590
395 765
380 912
190 577
299 833
380 728
353 651
310 797
283 693
8 706
416 685
35 877
351 787
4 857
242 819
260 827
218 578
411 515
242 594
144 964
371 904
405 998
94 524
73 796
265 922
489 570
186 682
420 979
83 659
474 792
435 960
310 737
87 998
351 985
260 813
494 659
283 649
55 854
436 629
152 702
341 559
261 631
122 609
137 885
347 994
167 985
453 807
304 941
140 814
348 678
388 985
34 829
4 946
376 841
256 628
15 568
320 703
246 931
104 600
261 710
136 646
240 876
465 835
11 631
281 786
375 608
181 926
469 772
105 656
345 796
24 858
314 883
208 516
225 686
245 556
411 855
499 505
480 842
13 650
257 900
44 512
303 911
329 860
133 641
268 588
405 509
162 700
349 746
126 666
225 553
411 525
462 599
262 520
201 725
176 808
162 920
302 727
397 840
46 761
2 777
481 938
65 942
69 635
280 944
500 515
386 818
158 857
83 922
153 960
169 560
194 827
141 767
420 503
109 689
426 853
264 606
63 984
181 582
430 910
186 514
182 720
78 757
166 778
175 685
299 604
282 618
361 540
159 856
162 733
164 831
422 743
31 648
369 688
273 915
207 846
388 978
136 714
412 769
407 664
227 790
271 659
181 633
19 953
218 853
385 616
309 929
458 801
289 813
274 699
69 998
203 806
152 849
470 902
292 722
264 856
60 563
13 572
379 929
89 816
446 866
5 980
120 933
419 871
112 757
261 619
288 819
340 590
56 889
177 898
162 970
415 560
209 955
108 763
188 944
386 613
467 577
7 847
379 726
362 738
499 937
499 652
19 564
163 628
389 961
487 622
57 627
456 765
52 525
98 564
296 766
90 711
177 583
467 887
329 565
145 777
113 622
213 721
366 640
470 578
131 799
237 505
14 559
217 705
208 850
31 829
310 646
216 506
16 664
101 598
191 978
203 574
271 509
459 751
479 719
18 648
456 805
21 905
364 985
469 550
380 533
403 770
454 740
453 929
278 583
314 747
259 630
204 878
215 979
142 996
186 991
236 598
38 668
19 693
282 598
227 523
198 644
203 770
361 706
163 785
100 892
233 644
150 962
446 914
23 763
153 997
2 842
294 550
105 502
15 930
208 819
222 874
354 680
226 633
365 766
362 655
120 718
74 708
228 902
271 536
380 814
389 507
491 526
241 653
246 949
238 630
347 706
260 632
143 524
456 603
55 920
139 597
293 757
255 871
348 866
166 687
418 544
386 932
229 620
278 848
235 654
143 868
158 640
469 598
205 680
331 507
261 971
39 709
140 853
361 896
404 892
494 528
329 734
423 676
300 911
336 782
167 977
228 993
439 690
148 587
24 683
323 837
320 628
261 708
91 857
208 906
490 876
437 570
445 960
329 545
190 718
462 935
483 710
20 583
209 629
468 620
494 942
370 746
362 801
252 908
14 617
428 843
209 543
290 762
88 657
465 746
483 626
214 730
354 844
281 998
423 845
98 993
362 606
269 851
132 942
58 759
168 906
407 910
284 571
238 845
340 711
199 940
31 565
336 823
342 514
33 919
163 752
30 944
2 544
392 578
186 883
256 840
248 890
241 957
128 825
282 928
328 871
35 847
225 568
15 726
216 949
176 952
254 728
182 744
277 638
370 662
243 992
163 804
389 745
128 758
79 952
407 513
75 905
241 679
153 935
73 571
453 625
13 585
245 951
320 727
19 898
50 721
73 501
106 890
488 675
138 547
152 920
455 846
129 790
134 856
319 655
79 516
212 953
220 924
339 953
137 974
118 536
102 991
129 841
137 836
356 862
42 961
250 628
108 765
21 633
452 762
110 861
318 719
451 869
313 670
224 857
21 787
212 877
315 782
454 917
252 938
58 825
144 775
244 793
374 655
396 658
487 728
362 857
292 851
90 831
47 696
128 967
356 517
383 628
26 522
239 907
118 540
93 690
353 694
157 962
36 564
98 704
476 825
116 839
228 555
100 720
159 871
314 623
268 739
390 588
156 540
166 818
134 578
393 883
187 969
321 617
468 501
35 876
159 743
200 723
361 604
121 925
336 524
51 966
447 724
104 614
499 684
451 823
210 979
406 965
445 961
150 762
462 962
397 573
43 630
494 737
381 592
26 727
443 813
421 760
164 567
314 799
394 774
191 670
88 522
132 789
2 581
200 706
40 659
382 790
126 645
151 515
467 701
61 950
420 613
269 608
65 852
396 542
388 585
373 742
221 552
388 590
290 928
256 864
164 894
27 835
91 660
102 554
191 679
486 617
349 744
221 739
209 649
363 945
437 830
359 844
494 647
481 528
110 705
161 766
409 754
35 797
153 805
187 746
310 656
288 776
188 765
32 607
380 921
259 912
316 659
418 773
393 926
488 917
488 575
257 845
230 657
483 744
243 687
114 613
49 610
281 720
493 808
337 777
50 566
313 602
307 722
173 603
206 584
254 589
27 563
271 784
186 909
388 542
139 769
362 509
140 770
252 814
185 584
246 886
59 516
55 763
199 833
456 860
195 992
373 679
199 542
59 748
474 661
15 915
189 814
491 596
56 701
160 610
94 768
420 691
148 885
367 945
123 667
426 848
16 805
149 834
357 578
494 969
76 741
368 851
289 748
35 995
278 648
9 877
143 878
81 623
250 812
109 955
433 832
239 894
102 580
48 877
91 720
53 867
346 841
17 803
440 972
20 586
202 999
204 934
445 987
157 739
371 685
50 927
404 520
21 503
149 747
367 800
133 524
84 744
474 972
244 640
416 599
414 953
323 869
69 948
428 668
394 600
80 887
367 960
115 673
93 706
58 665
472 645
112 566
365 562
248 915
487 590
410 514
445 896
103 696
342 601
330 873
64 754
236 755
435 593
51 725
152 512
433 889
362 555
244 747
292 906
272 913
288 772
101 707
251 823
247 723
386 633
244 855
303 843
212 919
83 755
56 964
404 679
449 764
405 929
474 972
367 707
319 754
111 973
314 837
291 795
284 636
186 775
243 748
429 592
56 952
452 525
20 736
