171 725
113 612
353 800
76 828
67 557
131 585
108 612
407 685
436 886
73 731
99 619
418 777
381 602
295 806
199 717
28 632
137 911
20 618
500 897
457 520
188 660
328 690
218 727
384 727
160 733
433 880
276 953
348 765
239 851
352 591
226 890
391 602
45 874
117 539
409 767
456 537
122 608
73 907
435 832
436 744
264 978
258 975
304 533
248 948
397 721
244 793
96 658
93 850
23 634
274 857
33 517
412 778
395 634
463 570
245 528
47 693
277 900
489 742
222 955
81 642
408 778
381 820
149 774
337 907
162 825
360 777
228 625
53 963
387 785
261 944
412 822
231 778
67 707
7 896
404 670
165 842
68 927
362 950
152 557
313 801
315 508
57 878
34 680
109 740
330 744
166 542
424 803
364 665
346 839
125 761
393 763
381 927
184 511
112 553
259 658
239 776
438 679
95 996
353 640
237 951
88 766
489 756
465 784
30 553
353 956
70 849
294 771
275 897
135 578
329 778
352 723
455 877
164 839
344 889
154 811
369 716
256 912
190 762
211 540
10 664
110 861
52 956
383 980
471 872
239 855
67 946
281 860
224 686
194 524
73 846
456 589
300 659
93 794
167 545
327 894
369 511
89 867
81 991
398 641
36 719
393 905
499 763
442 982
10 756
286 841
205 814
279 638
324 594
321 531
450 749
148 575
231 735
184 587
175 952
50 981
403 521
295 691
22 667
101 567
198 926
54 701
272 943
328 873
155 847
454 897
182 930
288 656
414 989
328 668
474 577
77 600
128 590
135 961
273 543
450 787
360 550
169 692
241 875
59 624
69 512
179 852
162 553
10 807
7 816
47 587
105 697
167 998
146 909
255 756
48 538
237 821
41 714
173 878
486 806
465 564
307 905
372 737
188 929
153 587
162 575
8 875
183 830
446 626
147 948
230 967
3 975
482 690
366 683
380 972
15 748
344 916
359 605
96 727
362 872
144 565
263 772
421 594
231 894
371 995
171 764
349 707
476 925
94 888
294 950
9 654
382 641
201 583
33 502
480 541
287 755
317 501
103 911
188 551
255 782
214 761
109 906
342 599
420 864
25 747
313 750
389 510
258 697
226 824
287 932
244 865
208 557
332 947
283 537
135 812
351 567
307 769
241 534
220 868
213 680
326 799
172 797
109 977
281 726
59 945
71 723
450 816
189 738
196 839
478 762
414 586
475 610
404 651
190 555
313 950
261 912
363 803
249 578
244 910
322 769
184 560
475 664
255 683
200 997
349 639
424 692
434 830
91 886
16 992
429 762
10 839
139 898
298 863
237 731
43 637
404 586
229 962
359 607
271 594
150 613
328 895
416 770
446 532
367 776
292 790
469 551
354 896
213 519
375 848
4 611
225 799
497 656
365 835
459 692
143 833
89 534
229 560
83 684
219 656
472 967
248 685
362 807
127 672
366 837
14 704
456 791
329 679
33 806
152 784
211 599
65 931
249 655
193 945
387 590
3 671
497 982
311 805
163 693
242 778
3 790
492 670
453 968
169 538
422 867
384 522
436 631
196 611
409 991
420 580
371 921
278 885
13 507
278 955
219 939
38 961
72 774
32 856
164 894
464 865
132 542
401 567
163 650
13 920
473 879
456 830
171 552
248 819
496 572
85 901
219 846
236 870
84 612
31 806
381 946
384 988
324 952
133 962
444 811
175 991
271 740
138 795
476 678
319 583
214 813
154 542
280 748
316 857
432 950
265 887
483 799
268 798
389 730
405 917
378 807
498 787
479 844
420 773
152 744
189 683
272 892
229 900
380 971
438 604
358 726
86 578
244 633
313 546
54 546
244 966
104 787
99 608
202 659
182 517
323 703
274 550
114 868
380 976
75 805
227 513
195 626
178 669
32 623
115 535
453 614
401 736
362 577
414 679
98 984
100 675
125 618
339 980
497 925
282 788
485 629
48 750
280 965
158 859
390 650
387 927
439 624
290 973
314 878
367 604
26 901
139 859
399 866
474 634
245 846
94 974
351 752
348 688
118 559
122 595
380 834
392 834
465 958
450 549
328 522
362 771
79 567
328 988
491 832
20 712
24 502
87 704
21 723
489 987
43 860
236 872
18 867
116 602
148 921
44 686
382 896
260 922
186 673
115 976
223 660
424 573
373 746
203 848
77 945
409 527
246 822
17 541
410 690
145 573
16 583
280 533
234 820
103 626
316 974
232 972
313 639
341 824
115 559
178 662
279 589
42 944
337 680
343 677
67 761
41 601
374 739
399 726
47 801
340 731
429 507
261 759
309 638
120 577
152 663
414 513
101 926
366 592
154 980
487 889
214 730
158 622
151 545
319 597
392 967
90 931
243 667
142 843
105 801
292 582
109 517
13 706
115 757
125 621
118 854
108 642
432 874
211 571
18 540
151 702
60 836
454 664
242 966
37 867
449 595
414 917
48 555
386 818
32 740
333 827
98 885
85 520
211 567
331 945
428 992
386 566
73 953
323 764
380 853
155 992
305 513
409 729
267 540
194 795
386 830
225 650
118 529
419 765
304 620
452 602
59 976
136 533
52 805
241 810
442 992
229 650
362 926
59 771
438 832
451 550
223 961
88 866
201 761
170 548
395 899
10 766
59 551
288 905
336 814
385 998
147 606
174 712
412 760
232 639
90 657
473 786
495 927
336 788
405 940
396 806
28 888
127 592
136 917
113 1000
174 775
289 846
272 531
103 614
281 954
176 809
307 782
267 587
333 791
182 886
217 923
24 672
41 860
35 872
324 779
236 894
396 911
410 587
5 505
367 592
113 931
281 664
264 636
431 512
352 746
353 871
467 669
141 610
237 886
87 934
187 716
330 795
120 967
491 743
173 925
196 811
140 991
177 705
296 906
378 694
381 846
61 986
181 702
412 577
331 594
250 531
411 669
169 944
353 532
91 604
365 741
223 947
432 732
493 573
239 714
289 710
460 675
385 558
184 595
328 589
136 755
264 871
297 990
165 640
411 579
276 788
379 567
227 781
321 638
117 519
176 790
126 676
202 768
9 605
394 739
493 601
29 937
338 694
449 680
163 972
436 735
470 963
385 906
296 998
307 681
10 852
135 616
278 763
126 991
179 792
316 741
227 874
269 694
320 758
119 525
370 849
97 567
29 569
279 646
379 837
2 696
103 768
486 904
48 754
185 986
172 677
456 717
375 813
104 555
255 974
97 961
482 822
126 585
39 903
308 800
128 537
358 829
303 577
61 533
108 721
157 613
412 774
317 606
276 531
317 908
412 542
446 718
17 858
27 928
164 872
262 503
179 875
278 663
164 865
281 730
252 588
404 577
350 883
318 745
226 848
130 634
195 998
279 967
335 987
179 825
397 519
491 835
190 577
244 718
402 703
211 983
197 963
97 619
286 880
296 969
229 744
142 980
24 981
32 658
305 588
490 617
297 658
380 569
100 623
168 606
423 974
367 937
165 658
316 958
466 686
132 658
308 814
292 784
3 816
197 619
301 805
492 848
71 528
85 881
182 981
336 797
189 838
253 638
403 838
355 893
269 859
485 882
172 703
256 534
151 517
173 535
35 717
152 513
99 864
269 886
50 971
470 852
89 913
321 898
420 853
407 584
66 566
486 803
477 549
447 586
441 527
302 922
95 598
145 809
262 525
125 601
385 711
94 691
90 703
11 673
31 662
391 508
452 861
313 897
209 533
430 561
120 730
320 929
336 654
379 839
126 642
21 812
108 964
160 716
295 840
170 970
444 906
207 522
424 663
142 798
453 968
486 761
183 985
299 522
191 707
472 733
313 982
371 946
273 784
1 939
253 614
317 526
109 547
369 978
143 807
126 860
74 602
172 838
486 729
46 709
287 892
466 536
297 858
183 607
205 976
401 758
379 985
73 730
140 765
470 705
143 839
202 981
42 545
142 657
197 656
76 883
69 888
390 782
7 769
485 863
357 912
271 552
316 811
17 662
351 563
237 744
392 987
370 825
122 670
183 950
99 960
259 770
126 676
333 530
96 730
269 547
21 676
211 616
308 519
212 795
320 907
358 677
418 716
173 802
184 911
369 552
21 859
177 855
25 997
286 781
270 541
228 627
25 542
159 616
257 666
407 693
256 733
222 892
222 884
52 611
113 667
85 533
272 602
253 682
148 690
447 622
468 550
347 574
92 605
413 759
306 689
461 714
435 706
295 882
62 874
295 838
386 763
270 699
70 761
127 912
161 746
390 813
35 948
380 650
282 868
391 689
453 968
68 508
121 602
277 982
409 601
436 951
366 822
28 688
183 946
151 902
170 651
428 515
132 788
273 757
19 607
142 747
8 974
300 691
208 981
349 579
350 730
18 680
203 531
314 883
189 967
349 734
191 726
261 756
422 978
111 855
450 792
381 950
438 951
156 709
196 868
266 852
440 819
222 565
192 710
220 985
64 909
403 641
279 603
50 804
446 638
270 706
224 908
447 581
70 633
202 512
64 725
47 933
184 613
166 985
411 658
32 823
241 608
34 711
127 518
495 539
313 927
115 541
97 874
496 604
406 802
173 938
162 779
78 980
315 945
333 923
277 917
351 990
327 993
155 899
244 763
64 838
439 770
75 920
422 799
51 825
160 622
261 948
280 581
242 710
152 697
104 847
4 824
2 947
393 716
27 801
397 605
282 612
350 737
265 968
48 820
198 917
461 583
346 701
213 831
316 827
305 862
265 834
112 910
449 713
18 874
334 504
343 890
419 655
72 776
175 843
288 574
102 516
493 521
490 932
116 700
41 949
49 595
52 650
431 717
399 766
375 673
405 693
420 518
327 787
192 837
405 685
33 743
84 774
432 506
466 735
123 735
204 776
341 932
4 718
356 883
445 888
162 793
428 982
317 753
456 636
254 982
463 620
107 833
439 584
293 918
116 720
381 928
34 811
448 854
485 756
282 913
477 777
388 660
401 516
148 501
427 949
81 705
63 615
244 980
322 835
374 906
236 923
277 629
277 879
134 745
89 772
207 551
97 682
336 627
85 917
150 878
469 705
393 707
349 776
25 895
150 627
461 613
15 704
394 572
162 934
269 801
336 732
109 569
281 952
301 674
385 514
125 680
367 943
6 579
365 605
220 968
456 508
229 521
394 685
157 807
248 985
495 769
127 677
253 570
131 558
75 896
260 699
176 771
42 648
481 705
309 525
183 955
285 731
307 817
143 689
234 897
300 575
30 701
435 696
393 962
272 532
357 612
179 751
104 698
339 942
457 510
375 843
127 646
446 822
486 649
261 680
361 701
28 743
40 880
133 644
245 676
150 964
481 874
180 951
163 652
137 810
149 984
63 592
167 639
294 552
15 848
194 840
339 606
479 958
324 564
456 674
280 762
209 728
175 905
305 732
397 623
3 515
256 951
222 797
123 724
107 508
407 911
356 573
325 518
431 915
43 613
388 677
210 672
258 751
35 605
151 965
121 979
380 845
76 650
385 553
260 801
39 619
338 530
328 526
290 814
244 815
430 674
457 511
404 567
240 909
254 808
20 778
350 778
224 662
349 970
101 931
213 532
247 737
456 610
459 514
393 720
172 708
38 971
89 860
101 541
188 604
498 745
112 957
361 914
233 863
478 684
475 819
120 692
243 830
373 635
155 711
351 797
161 814
406 685
272 850
453 744
24 970
411 551
327 919
361 617
40 934
436 709
252 765
268 616
98 661
143 808
359 896
33 871
328 948
348 595
421 648
197 969
468 721
482 925
367 841
195 802
127 838
129 595
51 693
141 572
419 617
439 936
416 655
168 968
392 815
308 585
266 559
39 885
139 561
54 816
338 665
206 808
289 716
351 954
324 787
456 944
329 560
55 875
107 612
393 698
109 914
154 930
186 519
433 579
424 685
233 824
128 900
422 837
328 818
220 600
97 991
188 659
225 897
70 921
357 977
118 738
225 725
359 772
364 530
98 506
177 588
87 661
120 644
127 792
133 608
328 564
43 963
105 906
165 806
352 703
348 853
323 885
23 509
310 827
294 991
42 892
242 688
270 636
277 917
488 777
315 728
485 946
6 982
90 579
489 949
106 723
235 888
469 839
286 757
477 766
61 702
326 567
131 602
365 829
343 688
54 801
137 840
246 972
82 724
309 773
250 850
36 642
161 934
407 540
289 835
494 622
459 529
239 759
13 914
229 814
36 762
121 798
331 615
24 518
40 615
48 980
227 590
96 598
141 869
17 881
423 585
383 625
403 763
329 905
60 996
416 845
413 558
381 872
344 886
15 585
302 636
69 691
97 516
108 991
435 709
29 805
256 876
32 536
124 649
287 604
420 614
404 782
341 596
202 997
45 532
94 975
293 914
194 667
174 871
43 866
495 599
279 501
378 747
410 877
76 827
416 916
379 954
27 980
169 583
161 884
464 704
88 753
335 717
34 873
108 749
110 664
32 721
493 510
283 838
370 685
419 802
30 541
142 986
73 882
341 598
240 605
139 910
108 779
205 973
382 668
376 640
412 919
364 711
463 515
152 669
125 825
292 1000
220 711
338 968
96 670
434 850
82 753
482 781
345 871
217 525
478 691
125 847
230 982
308 533
245 751
241 678
332 911
47 923
310 983
343 909
135 969
450 900
469 715
126 548
80 660
346 902
457 593
97 730
118 967
58 820
268 661
426 764
111 992
177 877
117 930
457 658
211 904
136 944
112 684
100 549
401 835
303 848
441 951
496 773
41 787
274 527
259 584
201 915
97 897
331 513
386 782
453 660
10 716
95 802
495 616
117 703
146 733
283 979
58 880
10 634
466 631
247 614
371 965
117 658
405 545
381 814
418 881
92 872
99 892
107 965
274 820
439 525
91 962
268 827
344 959
211 735
63 556
418 724
72 803
82 650
408 874
435 725
472 790
484 922
219 777
440 856
205 563
155 842
281 537
113 957
329 850
357 892
132 919
85 616
396 716
294 503
173 649
204 666
199 603
49 626
344 803
126 983
450 716
81 808
346 881
279 662
336 741
89 805
326 504
125 861
421 953
431 664
457 944
485 965
307 803
428 532
392 834
387 629
337 944
420 927
307 696
395 531
394 538
500 958
192 873
241 988
189 673
115 942
255 609
299 736
429 504
271 544
178 724
469 626
87 766
69 660
258 824
107 824
163 708
84 672
487 761
283 801
226 940
460 767
391 545
36 661
144 928
192 984
191 898
253 777
306 713
8 625
136 673
243 664
457 858
104 741
323 811
198 898
408 641
25 987
500 733
210 754
372 645
290 502
250 993
336 754
322 759
471 756
50 584
280 662
34 538
41 1000
454 762
272 890
376 781
136 780
487 730
230 632
119 671
129 704
454 552
82 824
472 820
208 819
144 616
237 999
408 765
225 581
170 697
8 773
306 741
176 907
299 579
20 850
97 605
91 956
441 620
284 916
200 556
425 997
443 591
275 873
211 918
225 537
464 896
243 591
394 544
104 694
407 652
455 712
53 780
471 544
11 545
193 865
179 976
63 815
101 876
341 964
240 636
267 994
174 876
192 925
253 974
350 832
327 632
111 881
106 566
52 794
455 865
280 553
430 825
57 647
381 764
212 524
35 871
103 860
367 812
64 538
314 651
476 558
404 703
443 907
185 783
442 671
368 666
257 911
209 557
362 757
247 595
113 611
316 764
221 893
253 818
284 929
28 883
302 804
479 527
384 578
375 861
266 844
79 985
414 533
89 602
22 764
489 817
37 744
74 898
153 721
479 880
373 633
471 672
32 866
70 681
440 547
31 843
56 811
405 590
417 688
367 889
81 753
300 615
109 518
132 941
435 990
147 998
158 826
478 917
486 688
256 826
256 998
413 516
212 702
228 676
117 864
342 686
414 930
178 552
441 521
71 803
465 958
478 909
169 787
108 836
434 739
228 949
183 682
405 816
9 668
316 666
381 968
162 726
83 939
195 963
11 749
286 755
343 520
442 603
368 593
87 669
347 639
333 535
208 580
493 700
271 595
376 698
427 888
14 807
69 774
442 613
382 643
197 582
211 809
438 970
483 611
130 872
237 929
136 916
107 563
87 820
307 825
101 910
131 645
242 838
358 884
192 727
454 739
265 624
471 698
431 814
102 694
65 965
211 839
290 917
214 679
235 769
264 726
110 516
135 862
442 644
184 592
498 724
451 911
282 993
348 972
42 668
7 653
14 928
435 741
192 702
381 905
102 642
464 771
240 915
499 681
284 833
58 851
378 508
235 530
101 639
256 869
23 915
278 958
40 623
429 658
251 779
8 823
168 848
4 737
283 698
276 692
440 971
284 993
499 736
428 716
337 804
26 786
96 916
332 931
383 730
437 964
305 774
255 501
463 844
300 509
186 663
117 923
134 516
224 857
364 695
391 923
189 740
40 850
416 971
186 733
346 644
119 726
473 712
256 647
413 846
408 595
161 716
80 986
464 554
173 623
362 592
464 660
222 715
79 695
421 799
31 775
102 993
37 727
463 814
421 502
61 763
213 897
309 948
496 938
363 540
481 926
482 999
69 674
318 858
487 929
242 586
474 978
459 676
293 935
233 781
194 686
335 779
227 621
90 727
433 784
325 976
79 651
237 874
482 658
380 734
281 524
61 877
250 528
349 765
327 737
391 722
124 774
11 577
30 564
110 634
439 558
113 613
305 621
270 991
418 594
255 717
267 735
57 829
55 937
392 595
420 624
76 619
143 617
132 716
90 910
417 780
34 881
452 765
307 707
252 677
235 719
299 667
76 624
24 618
93 985
151 540
199 676
110 574
111 912
39 820
336 749
239 780
101 626
481 912
245 670
428 903
492 706
401 777
234 621
8 997
476 949
444 997
347 645
417 630
246 530
3 519
430 764
444 531
444 854
60 901
429 568
287 641
452 766
473 565
282 514
292 683
432 912
81 526
495 987
129 892
99 507
425 677
31 861
283 592
386 790
236 872
499 545
124 733
226 567
437 766
286 682
490 752
98 584
214 848
57 592
293 853
290 965
55 597
432 711
18 845
387 832
223 812
366 553
27 729
346 510
129 677
460 929
50 522
222 821
480 777
339 906
428 831
93 625
12 970
392 739
