264 688
273 817
344 702
411 539
210 599
75 673
276 692
91 649
360 721
94 519
281 716
317 648
24 991
486 538
389 586
174 769
100 993
149 728
31 899
479 783
377 546
295 741
345 791
80 679
398 951
203 593
148 525
272 709
192 509
374 727
320 656
241 883
251 956
98 780
250 712
274 588
292 595
227 737
475 945
14 625
426 684
27 555
80 620
72 995
187 928
243 729
426 506
353 756
318 911
233 1000
454 513
158 911
360 727
333 903
207 735
105 919
34 761
323 808
9 758
62 789
36 905
301 808
249 939
491 685
280 579
117 894
298 885
498 889
63 906
8 921
457 605
193 948
20 1000
179 947
207 832
465 630
390 824
98 783
404 856
465 863
11 961
7 606
418 772
235 709
420 968
369 727
149 933
229 774
250 843
4 572
207 576
59 875
306 761
435 512
270 541
369 590
375 907
275 531
444 903
73 681
443 817
490 851
422 597
386 716
426 847
391 825
332 879
464 710
337 533
54 820
248 680
18 945
21 611
271 890
164 554
288 959
450 573
310 641
384 800
141 569
379 733
195 670
345 692
87 593
325 693
339 615
121 521
370 749
265 815
386 951
411 520
94 943
474 696
29 953
162 525
266 617
339 635
359 946
440 799
118 665
413 767
91 928
295 523
494 700
431 680
10 843
15 762
394 549
463 871
439 515
480 971
9 889
363 606
482 844
147 855
210 564
250 887
20 789
36 734
242 632
134 862
348 601
161 949
113 552
409 941
495 526
173 527
400 680
141 645
166 655
247 582
480 818
467 660
180 801
266 585
348 639
120 696
138 834
494 731
17 753
375 881
250 564
342 504
236 941
19 585
286 894
33 691
332 719
247 733
86 685
83 950
263 558
3 761
47 936
333 821
459 830
28 793
170 561
16 695
153 560
190 936
298 901
213 897
98 793
147 865
226 645
438 806
229 1000
461 997
347 981
354 931
424 824
357 834
324 788
220 844
161 884
456 957
127 709
134 859
460 747
233 554
256 620
380 707
283 970
475 549
400 708
49 705
139 850
413 561
227 941
41 776
326 715
347 841
341 676
295 564
457 672
453 802
286 897
95 579
41 706
208 986
444 623
19 608
36 563
99 710
415 865
268 648
198 581
55 777
413 565
116 575
304 624
95 890
400 822
16 577
118 729
168 804
435 639
296 587
345 579
99 998
444 720
10 868
430 712
166 620
311 906
352 928
217 906
397 571
248 980
37 532
406 856
224 832
347 882
388 953
111 584
411 572
38 558
403 687
446 625
367 770
495 771
118 992
38 765
27 713
305 571
323 958
309 925
391 785
393 875
157 882
420 979
89 546
286 627
495 919
117 628
264 945
376 783
462 725
355 911
262 778
423 551
250 698
458 726
107 827
336 807
380 622
446 885
88 860
290 774
377 815
166 868
129 652
77 1000
467 531
18 698
342 645
108 993
393 965
128 523
367 905
223 887
216 908
271 701
469 719
398 868
364 561
360 937
358 770
198 615
317 615
202 652
320 828
291 808
350 717
485 822
348 548
43 613
329 743
211 732
136 809
404 676
56 842
372 686
59 872
485 884
59 696
411 548
249 551
372 578
208 997
278 642
275 735
95 969
375 527
207 633
465 632
401 643
295 646
193 704
269 809
182 717
1 803
29 532
498 680
444 789
277 826
85 553
66 745
202 628
145 600
63 770
75 852
390 702
24 850
193 706
38 518
421 702
342 860
436 578
124 531
462 696
309 755
245 851
2 622
379 557
326 724
299 572
253 625
442 932
491 817
423 955
221 594
281 868
89 741
473 737
136 999
61 520
259 893
235 700
448 622
88 891
409 742
319 816
352 953
178 748
220 822
212 975
39 709
416 532
307 736
181 904
51 519
80 594
449 992
166 929
107 569
131 605
411 965
55 866
251 707
23 816
415 678
299 682
118 907
109 945
7 560
446 750
277 713
46 843
143 573
372 766
278 750
489 665
356 773
392 553
187 657
465 696
348 886
59 938
21 727
250 819
63 773
327 928
210 721
44 994
175 708
437 951
450 956
3 673
421 865
202 718
423 552
153 859
68 894
373 857
280 965
441 979
71 891
348 922
266 503
115 726
92 534
497 913
105 725
200 639
187 965
208 994
273 981
179 714
491 837
133 913
36 884
258 870
305 723
258 768
474 866
205 517
330 631
368 683
340 762
53 735
194 691
29 670
76 757
423 563
242 941
419 733
65 914
331 547
222 992
479 903
130 515
434 908
219 616
171 989
232 947
430 737
318 772
1 879
81 524
191 969
61 902
289 700
225 618
83 647
90 697
283 806
382 514
458 999
59 856
168 677
28 725
16 944
449 669
25 506
398 607
211 682
74 569
314 861
373 737
254 634
197 905
95 534
450 573
301 900
286 972
480 838
288 874
444 935
34 593
369 587
338 965
165 986
292 565
242 573
145 723
259 554
325 615
456 621
483 718
99 504
477 814
487 929
79 732
447 782
373 839
476 843
479 753
242 904
207 551
334 911
206 978
420 659
5 964
275 834
215 913
417 887
171 559
194 887
72 903
293 975
403 749
178 825
179 975
289 848
142 707
113 822
451 707
291 523
281 801
426 997
4 549
73 588
262 875
195 609
293 753
187 725
260 975
19 848
317 763
95 966
412 502
15 779
254 951
23 811
75 764
373 799
229 652
478 864
114 515
391 970
34 583
416 752
375 646
301 805
368 900
346 786
139 812
323 930
178 818
137 645
144 634
4 866
343 879
326 569
146 658
404 514
497 847
31 917
94 888
73 705
120 633
44 725
469 878
27 834
124 587
342 633
74 659
207 779
124 987
311 539
5 549
443 870
416 558
205 656
235 743
85 566
477 849
83 679
32 858
144 657
424 671
232 565
423 858
351 529
38 736
430 915
428 998
113 619
296 776
178 711
193 845
426 682
437 613
439 728
181 587
415 996
291 509
215 636
330 556
10 856
301 571
275 915
393 738
387 955
282 676
318 887
496 712
147 873
45 725
247 980
466 998
139 964
161 879
348 644
165 824
388 814
15 853
434 810
381 829
412 990
371 838
251 698
73 560
29 806
271 576
105 748
255 829
294 850
33 514
497 825
234 651
372 759
153 745
372 844
176 751
451 558
180 896
13 564
32 840
62 687
193 958
12 538
26 601
148 741
137 591
76 786
367 604
7 990
400 572
391 634
491 584
175 948
335 838
391 763
50 863
269 825
204 602
57 622
125 915
129 534
250 973
402 943
218 773
334 971
136 503
4 570
407 884
465 682
367 864
54 724
168 810
145 794
477 532
355 519
161 639
172 538
381 630
208 818
115 549
139 568
114 708
196 727
407 734
214 847
205 761
365 724
379 616
198 722
342 832
164 506
197 725
277 667
57 601
70 545
269 687
293 710
404 847
421 513
181 705
321 991
15 779
127 565
94 910
460 881
105 914
449 844
67 749
39 509
340 641
146 795
408 628
68 810
166 827
387 828
348 762
440 567
41 929
370 705
327 792
196 791
381 890
284 583
25 790
62 653
6 690
61 930
228 728
442 516
204 638
105 562
255 679
136 807
27 685
283 997
126 880
395 527
354 771
247 669
146 764
312 910
207 607
451 848
491 955
19 889
410 602
415 502
48 745
279 989
161 804
487 740
429 990
289 706
349 556
97 647
223 630
112 940
386 819
202 779
416 571
475 824
99 811
436 579
422 527
12 892
184 994
409 853
131 904
342 503
18 731
156 723
376 948
123 516
162 968
323 851
373 592
440 920
486 684
78 996
6 792
300 848
420 931
166 795
442 814
132 506
253 775
449 579
47 572
75 812
316 751
360 540
246 529
409 601
58 791
253 695
47 758
25 854
285 755
360 976
371 635
25 824
215 729
453 903
437 941
285 567
407 575
300 737
127 540
214 702
454 716
466 606
321 620
343 762
186 955
162 535
64 613
154 846
263 770
66 872
362 782
238 543
499 976
194 862
200 881
62 598
58 916
387 726
63 604
415 896
205 603
106 944
20 716
361 634
499 736
434 618
254 885
298 965
489 993
321 889
44 690
497 573
11 715
224 691
175 703
93 927
471 791
271 824
331 905
484 750
365 954
407 827
92 985
295 671
97 987
121 977
63 814
341 974
479 668
326 620
234 966
118 988
195 895
377 568
139 857
63 916
64 631
153 512
400 612
433 607
25 962
253 787
5 674
354 506
102 570
473 552
139 735
384 534
162 572
496 901
23 902
74 860
348 613
53 650
79 629
414 955
310 771
172 732
462 847
361 734
473 651
164 961
404 907
460 624
117 873
413 952
417 578
275 890
124 548
381 710
427 925
266 791
366 779
128 860
484 705
494 514
85 960
347 949
471 887
169 798
480 910
36 962
264 702
351 515
360 845
434 815
479 877
318 861
141 793
238 544
143 620
173 544
18 549
57 941
306 590
238 880
285 896
178 681
305 758
127 736
442 955
150 727
454 927
259 942
110 681
94 574
145 842
320 580
49 768
452 575
496 947
258 881
1 807
8 506
457 709
490 937
20 792
286 647
64 638
32 997
95 652
162 775
177 916
176 516
282 875
383 886
133 636
5 521
423 511
30 745
258 578
264 732
38 626
73 753
448 931
39 728
463 680
212 637
489 993
374 597
187 772
131 843
461 748
258 534
290 544
263 522
353 595
47 513
365 943
197 574
151 672
25 614
20 703
417 818
487 774
284 539
229 718
213 526
344 719
147 559
16 924
104 808
276 636
372 953
184 615
219 782
280 671
232 574
169 502
68 689
316 933
414 609
263 931
479 797
422 927
23 904
67 685
203 566
165 890
180 733
124 816
255 754
219 538
327 529
230 786
43 695
206 696
340 596
57 711
258 685
230 717
378 966
365 885
29 993
343 835
153 606
288 779
400 516
141 796
11 875
148 582
119 978
82 945
317 581
262 935
310 827
485 906
215 715
149 630
318 522
355 895
41 874
207 880
104 664
402 515
459 785
357 778
268 621
186 697
481 686
335 598
189 578
125 661
397 517
479 661
262 847
87 712
416 935
470 710
224 764
419 570
115 583
377 544
252 735
1 662
459 825
172 615
357 824
79 593
143 578
103 666
330 511
384 511
399 535
128 913
250 856
132 948
398 982
294 585
221 767
387 972
12 826
155 833
343 682
15 669
408 669
90 911
301 908
437 657
35 682
2 982
390 603
118 925
426 924
308 651
443 754
170 575
30 790
283 952
480 731
261 675
24 548
500 501
102 663
43 518
457 902
8 718
423 561
388 536
486 787
87 891
252 726
354 626
148 624
399 663
2 609
282 928
442 822
365 638
91 915
383 890
351 833
409 853
65 612
253 530
229 926
282 967
290 841
20 886
115 976
376 919
260 569
311 599
420 557
194 902
337 700
472 608
417 798
149 503
3 624
31 732
283 805
183 956
484 966
325 915
283 918
105 755
69 539
391 554
471 505
203 951
451 858
188 738
495 763
325 710
397 735
44 871
73 872
467 674
201 586
352 994
447 550
164 806
319 873
48 501
325 986
245 834
355 505
180 911
110 747
57 845
79 987
303 934
73 902
344 801
492 786
251 516
272 763
302 892
63 632
474 875
309 996
302 519
185 583
210 861
396 820
127 670
131 819
192 737
305 995
282 647
217 880
3 945
355 547
242 502
88 888
292 611
16 679
115 732
403 584
32 881
49 768
214 760
37 751
5 654
211 903
68 585
48 700
306 739
367 574
293 855
31 858
52 655
429 958
312 811
454 828
490 784
240 560
113 853
344 902
446 786
17 501
359 723
281 630
19 830
431 818
456 804
338 798
332 677
483 988
400 520
142 857
459 640
196 510
366 644
62 732
405 874
183 995
400 805
449 858
58 724
322 702
427 601
368 696
278 546
297 927
123 741
72 881
221 697
16 567
429 599
270 980
49 914
69 694
375 944
158 851
472 618
36 759
429 679
34 512
122 982
247 655
53 571
276 611
378 793
6 720
90 940
383 953
357 767
165 753
482 964
270 563
176 683
25 873
90 784
3 545
59 882
401 551
314 953
250 650
164 991
256 764
304 510
224 717
46 701
433 650
377 969
29 542
401 639
334 963
89 699
224 721
293 964
213 524
352 764
289 661
366 952
456 916
423 892
142 855
185 558
269 765
480 926
113 614
499 830
270 643
316 603
90 748
199 924
82 867
199 712
440 620
323 716
233 745
320 762
412 855
309 747
34 716
306 817
271 512
269 836
263 990
419 836
459 941
81 521
99 845
18 974
160 615
119 670
228 752
44 822
321 570
142 723
438 703
191 848
140 684
347 520
472 895
499 548
328 601
297 695
283 904
416 932
378 879
202 937
279 841
22 676
463 651
40 588
198 824
490 964
243 882
488 960
266 764
209 523
105 613
295 652
356 647
446 796
285 660
14 583
309 549
347 783
23 881
33 966
303 550
491 570
350 654
430 575
239 921
35 764
200 981
469 753
365 744
120 978
152 823
124 960
236 522
369 667
84 972
171 568
66 548
69 584
470 675
28 819
456 632
68 760
106 853
257 894
446 866
203 966
264 909
49 530
344 623
7 791
485 588
91 694
364 783
41 712
270 718
377 834
115 746
341 774
299 616
318 838
66 970
104 673
378 842
456 745
99 758
219 926
465 909
129 534
302 523
323 686
52 792
81 904
353 518
187 932
155 610
190 880
81 824
52 818
242 998
267 649
307 865
311 764
88 777
465 768
351 735
61 604
450 936
302 730
91 587
126 782
350 678
432 839
145 944
344 662
195 933
232 556
302 619
460 644
107 931
394 587
210 841
241 586
467 636
461 509
42 518
18 643
372 805
319 779
280 701
192 868
234 803
182 710
11 859
369 761
358 824
251 649
204 518
282 906
34 695
23 688
393 888
450 791
367 541
410 882
355 513
271 827
358 683
279 700
243 593
310 580
176 874
145 845
29 990
241 634
316 925
289 506
390 756
187 959
49 776
93 988
313 606
307 872
264 536
130 529
146 724
80 991
494 698
9 949
5 817
364 657
236 790
293 693
59 938
445 761
236 716
260 537
145 581
3 930
281 835
139 766
72 563
41 828
383 656
375 764
361 877
191 978
258 534
94 771
279 829
69 773
382 610
450 813
85 801
177 903
73 904
406 608
476 515
291 704
94 504
483 512
167 611
59 868
58 663
413 895
325 780
314 563
107 793
239 610
347 509
8 780
78 827
226 922
180 677
414 896
443 644
200 677
430 848
343 985
362 658
342 699
255 872
378 991
153 513
66 944
337 892
190 617
114 673
257 686
387 663
471 936
322 981
98 739
386 701
404 566
228 848
461 800
356 892
165 775
115 557
301 843
197 612
306 605
107 986
466 865
419 858
479 944
262 827
422 701
432 621
492 547
422 573
205 864
500 844
194 879
220 681
83 691
243 944
299 853
238 746
89 767
445 814
433 956
184 778
205 786
262 608
177 990
154 794
142 599
51 924
99 601
390 992
283 666
172 634
264 965
15 574
296 888
443 685
367 884
71 842
308 675
418 837
297 864
327 811
313 794
2 572
450 600
262 919
273 982
32 668
105 747
21 997
194 596
143 742
40 731
3 916
138 595
436 994
54 710
390 852
497 895
361 718
181 524
280 661
36 738
288 849
147 787
98 819
268 856
404 983
152 833
440 800
34 776
348 916
420 875
485 687
315 757
351 510
290 761
21 982
398 899
105 665
13 557
227 618
380 527
9 978
247 785
398 856
284 848
122 879
261 644
260 647
32 517
65 562
499 512
51 836
47 666
62 996
410 771
186 686
498 820
241 821
157 747
59 971
127 563
34 893
69 798
297 756
134 737
110 752
368 958
95 746
350 890
407 751
465 716
23 654
76 667
307 969
320 987
430 863
396 923
252 628
24 923
149 520
368 903
247 741
433 503
72 700
270 780
41 628
11 618
239 596
164 848
101 949
292 849
428 899
169 557
200 792
289 550
335 794
224 544
350 725
99 590
74 811
322 913
347 792
397 615
65 510
235 600
211 783
162 798
402 848
480 839
388 824
415 728
439 726
25 612
483 532
363 724
11 805
407 960
346 875
215 621
495 930
404 629
24 974
233 700
25 632
492 785
143 610
129 760
315 910
298 627
283 821
355 739
355 814
137 888
120 940
292 944
448 778
249 532
248 789
58 703
105 899
122 637
70 894
304 998
173 829
299 596
298 989
301 998
101 503
310 783
282 864
485 604
259 639
289 744
163 979
118 713
422 577
274 953
352 876
260 671
221 906
495 742
362 541
91 581
123 821
235 629
50 856
92 946
465 538
215 814
327 683
102 741
468 612
65 831
54 739
129 905
84 998
256 787
128 683
419 838
199 536
16 674
172 682
496 920
269 701
39 587
269 642
340 501
413 783
354 738
298 775
173 714
437 927
35 802
395 615
279 622
69 952
270 602
266 626
37 565
197 861
88 988
253 946
139 560
485 947
196 668
392 632
473 723
215 976
150 935
84 812
62 866
298 960
343 693
206 847
15 757
82 700
436 666
14 866
428 529
83 513
453 515
121 703
321 730
450 920
337 513
368 731
471 669
273 828
246 774
48 787
73 840
304 786
330 523
359 786
73 998
441 568
458 707
58 879
245 562
31 601
450 815
370 895
242 828
486 986
55 580
403 839
279 823
279 923
264 519
290 828
293 730
405 852
314 784
441 662
448 545
136 796
350 841
343 597
306 946
145 765
165 656
196 940
432 723
290 985
31 632
13 797
476 677
43 759
465 822
303 784
250 648
399 735
391 574
420 920
452 521
398 863
38 873
111 837
21 704
283 806
72 889
386 615
213 890
11 918
105 555
69 719
261 580
159 799
242 580
271 959
452 519
426 954
136 597
172 931
174 708
468 577
207 786
457 655
180 662
401 548
333 665
52 702
70 518
381 518
66 632
158 745
234 704
464 751
473 623
215 708
165 675
70 929
415 976
267 898
233 894
103 874
445 900
170 925
213 648
405 940
250 847
301 682
360 751
378 901
431 564
312 595
33 755
338 773
456 973
200 867
388 807
184 592
315 772
409 513
123 939
304 550
93 600
69 901
102 526
360 916
162 724
128 528
