970 535
881 280
58 286
963 967
199 664
195 543
657 43
880 394
612 945
393 329
550 279
197 371
770 935
161 786
5 633
482 725
706 851
886 900
29 331
772 541
645 502
438 63
21 911
44 744
10 967
552 268
404 947
33 698
273 704
264 570
687 576
47 944
866 573
549 620
611 17
940 272
547 896
12 617
193 400
238 283
77 486
1000 190
546 203
911 213
177 303
357 331
572 978
77 254
802 535
783 100
434 149
69 731
27 474
471 538
637 282
401 642
811 553
439 376
924 162
292 120
829 932
772 400
806 66
707 663
659 237
304 506
493 61
442 130
483 983
202 498
435 191
895 756
784 951
20 303
636 570
184 616
631 651
13 482
779 671
487 127
886 873
520 341
747 453
206 59
174 27
335 462
832 961
94 456
519 574
881 103
458 348
911 923
863 19
359 536
786 629
99 926
557 477
635 711
686 978
11 148
251 71
564 854
251 15
691 819
696 9
834 753
368 140
607 632
244 325
373 59
395 738
407 403
411 266
281 998
846 714
198 933
901 190
47 536
867 15
936 436
421 331
517 480
144 598
401 538
707 6
483 705
211 997
862 325
762 906
698 641
691 538
682 232
269 169
878 349
700 959
836 759
293 322
851 273
909 296
293 105
33 81
357 933
203 179
282 508
354 141
738 50
867 243
973 75
939 325
700 899
979 273
41 431
220 87
758 68
394 3
139 466
319 999
298 811
182 592
978 608
125 628
334 471
13 923
478 590
427 235
115 846
551 32
650 129
360 434
233 947
484 145
52 294
875 597
542 327
570 689
950 915
963 337
866 507
344 650
64 794
664 999
460 349
201 690
839 994
865 700
257 516
65 10
924 622
434 481
220 991
750 864
613 620
842 707
723 40
381 893
68 680
368 243
658 986
563 990
428 892
397 571
55 428
735 783
299 7
486 549
5 779
9 563
968 106
281 963
613 405
624 434
232 213
993 833
956 303
425 663
618 621
395 696
595 32
939 359
324 95
52 689
306 37
498 33
417 627
430 678
787 569
105 284
315 581
96 724
722 991
869 791
923 849
915 172
374 512
756 201
349 897
514 840
268 250
47 37
605 112
546 771
164 496
786 788
216 969
707 205
301 275
579 340
906 850
658 603
351 233
314 279
105 716
686 283
729 292
628 84
29 5
151 239
135 920
601 533
17 826
573 904
345 265
774 87
264 255
780 509
124 244
779 717
111 100
343 24
75 529
270 474
493 509
603 689
585 643
136 103
224 594
524 142
152 152
383 115
4 344
998 138
374 528
546 909
581 645
903 993
596 461
584 789
385 389
365 55
945 748
857 336
580 648
151 186
138 56
255 107
547 613
582 624
597 896
685 604
151 648
84 156
854 900
822 833
661 46
885 923
381 760
432 703
143 556
634 40
281 775
748 393
595 765
879 639
491 686
156 982
59 442
443 38
22 529
869 950
135 836
327 271
235 721
713 653
178 331
827 626
212 316
957 536
301 368
588 423
561 611
390 377
776 882
979 506
409 935
184 917
832 573
354 88
388 51
111 910
599 996
218 189
402 381
294 182
526 201
860 287
388 863
747 92
108 15
144 772
63 525
504 316
134 432
146 553
768 43
842 792
641 670
513 416
889 834
64 529
427 30
421 570
967 80
24 722
901 219
265 563
908 81
781 610
758 129
152 462
540 511
619 293
817 987
581 594
597 366
487 848
200 721
88 814
329 962
589 961
399 222
445 955
971 351
301 999
921 310
101 415
576 347
81 6
478 375
31 913
857 570
134 352
363 574
993 795
753 27
928 946
839 42
386 19
989 587
61 414
979 162
459 387
438 170
299 915
145 545
793 244
548 411
167 287
610 919
937 913
547 357
774 475
389 287
292 31
768 946
14 666
83 880
956 478
502 377
967 698
837 595
707 382
732 133
356 392
11 184
963 78
304 738
176 880
550 452
902 426
526 134
674 502
232 658
197 932
525 715
30 52
849 460
98 255
238 455
903 879
903 634
109 160
943 798
662 424
300 125
925 466
251 893
928 987
419 661
480 931
968 688
142 568
489 741
503 643
77 917
956 744
587 583
851 468
812 710
784 114
793 796
208 301
731 534
310 920
76 418
446 365
957 725
602 292
935 771
721 640
539 735
610 786
319 542
328 838
991 257
22 869
912 912
823 443
473 599
561 436
179 333
276 864
307 289
368 178
173 389
578 441
646 519
109 500
785 788
865 566
123 610
934 498
436 606
538 956
547 407
864 76
722 196
293 362
268 952
971 761
759 874
494 487
988 438
441 50
481 592
874 448
247 428
45 492
485 629
969 242
612 701
339 495
952 930
326 445
7 699
161 234
518 750
601 211
109 204
824 729
105 978
547 476
394 370
780 753
639 928
349 731
9 45
923 427
267 484
500 575
85 499
165 114
187 951
639 684
522 218
422 146
119 614
252 575
260 620
862 592
796 69
850 777
661 854
221 959
691 256
702 424
410 681
965 951
686 479
937 259
453 690
601 321
500 356
25 656
908 785
28 588
539 408
230 402
770 791
98 922
624 100
868 678
892 351
383 763
889 379
624 762
967 698
745 675
177 39
798 157
182 715
742 100
836 709
609 106
93 690
525 57
780 66
479 677
602 960
654 52
68 953
771 201
524 128
256 574
349 834
349 883
618 448
878 646
88 277
811 872
931 133
908 108
466 140
90 120
542 301
364 57
186 129
672 585
727 702
319 746
635 583
727 533
484 517
66 375
160 492
365 329
334 958
540 441
356 4
595 671
7 298
647 609
146 481
866 899
28 245
769 355
154 809
845 609
902 229
672 71
231 834
351 450
612 137
252 409
54 670
132 287
909 517
881 73
915 727
24 576
25 830
162 473
142 42
241 208
34 281
249 53
1000 93
50 451
742 71
506 902
450 100
846 285
714 754
139 800
970 930
276 116
244 397
670 237
693 399
6 302
469 492
336 800
632 659
20 571
755 128
764 246
67 581
728 158
816 819
2 270
521 393
522 997
462 928
609 741
982 953
217 762
999 608
152 685
910 492
683 649
132 471
663 321
490 340
559 529
117 270
936 703
415 524
692 466
853 935
922 81
209 669
267 495
496 806
515 829
868 47
665 408
244 784
193 293
648 992
995 906
597 909
554 607
473 600
778 775
384 497
956 986
296 486
233 268
142 253
984 450
182 681
630 556
445 911
991 617
289 897
129 37
265 930
516 1
52 45
335 148
513 954
258 210
529 898
422 96
61 807
503 197
661 346
381 493
525 3
836 310
831 369
507 842
645 797
344 286
147 781
26 251
416 417
28 811
351 732
718 667
221 569
405 446
484 392
709 545
596 371
631 236
517 617
33 726
688 299
634 995
344 573
994 748
116 261
102 813
364 717
32 19
825 109
417 992
83 946
136 348
764 451
176 588
617 931
918 127
228 89
648 574
816 933
418 865
557 521
707 823
382 765
519 639
90 379
923 562
430 691
534 299
365 669
305 558
378 224
868 81
359 366
615 1000
865 865
728 665
431 943
767 424
354 716
82 821
428 53
897 1000
322 726
742 80
826 627
484 575
270 40
700 889
797 116
640 847
559 844
160 180
707 738
536 959
469 434
330 946
167 411
586 392
988 262
868 579
246 472
983 311
521 119
632 443
122 779
421 446
187 630
367 308
150 401
761 81
410 314
136 472
505 430
702 330
893 503
823 298
952 304
758 592
632 420
407 762
176 462
27 303
822 189
347 474
469 623
770 320
612 964
546 68
384 764
761 162
536 164
415 747
435 149
116 923
703 994
106 660
309 861
131 236
414 231
10 944
52 837
514 622
696 358
558 235
433 642
655 297
858 583
571 122
622 559
268 866
972 139
386 26
133 901
759 585
460 394
721 998
427 14
930 172
542 800
40 549
952 482
701 663
745 77
82 849
618 293
649 127
493 410
890 289
910 376
401 529
425 672
74 122
914 222
716 551
262 22
164 620
538 73
510 925
415 385
520 417
770 478
905 15
725 955
131 629
337 426
704 229
656 826
387 843
145 461
759 398
169 880
126 921
93 356
410 681
909 501
801 204
476 204
723 159
658 682
683 164
762 502
108 110
669 45
755 907
99 768
509 285
580 443
446 147
359 482
991 374
42 738
564 988
894 321
114 131
555 312
980 491
472 14
329 884
23 908
538 627
3 676
415 320
651 286
630 15
465 909
170 725
328 993
761 665
512 102
294 409
227 870
872 883
396 294
241 282
109 692
257 768
922 985
969 522
154 77
946 810
468 931
364 534
875 769
870 278
504 911
4 483
59 642
82 85
700 725
811 231
961 917
288 797
790 240
267 90
423 411
756 599
459 209
984 936
734 90
222 240
889 457
453 799
499 851
948 498
907 681
727 345
64 779
65 938
714 183
38 839
239 58
1 421
45 951
132 799
987 252
615 255
309 650
53 53
882 538
507 724
824 771
615 892
432 486
221 932
700 307
913 173
500 68
638 116
273 383
458 724
838 814
165 367
901 271
151 906
157 414
365 925
354 51
444 252
4 564
593 859
126 129
753 803
905 145
798 419
450 325
56 996
543 408
724 157
918 226
534 681
96 689
454 775
630 542
742 552
123 916
58 901
793 218
147 277
655 758
505 86
562 60
129 996
382 198
602 526
280 981
543 798
839 640
205 456
254 426
453 210
745 555
150 507
306 699
967 570
10 696
129 962
597 160
215 178
384 395
160 963
82 540
383 598
615 757
645 717
396 148
377 27
892 745
320 165
306 949
696 212
852 276
371 550
408 152
629 226
183 348
495 736
376 617
750 114
81 438
605 262
506 610
61 713
893 18
595 785
437 889
315 716
480 227
609 960
505 410
700 192
653 364
892 79
698 244
139 871
298 445
583 775
957 473
312 248
700 583
64 157
499 950
104 984
794 121
461 15
509 781
68 354
66 847
475 110
877 643
146 401
227 788
844 911
210 610
608 61
281 596
594 505
177 561
912 539
647 298
625 721
234 391
819 381
628 723
596 920
602 86
634 668
942 35
405 16
54 134
225 66
523 642
332 587
58 905
618 183
876 545
94 917
545 493
162 488
365 158
252 891
735 127
911 413
175 725
2 747
164 51
243 458
682 694
393 429
65 651
187 162
172 511
99 691
460 584
368 318
333 174
791 72
985 702
417 752
247 872
62 418
979 770
617 327
416 494
483 209
551 854
100 2
370 928
476 428
205 974
628 849
558 403
688 654
586 450
384 746
222 704
952 851
980 273
827 78
513 45
369 337
146 144
823 899
208 14
178 49
977 103
87 95
845 843
903 972
320 957
486 718
255 493
237 414
423 351
83 329
944 760
83 240
70 970
1 236
40 303
10 330
595 988
947 379
820 860
932 85
702 953
547 237
548 741
166 300
469 100
665 766
834 694
755 864
41 275
689 184
439 842
993 686
615 40
731 945
241 354
483 838
509 948
865 26
242 496
578 990
921 899
395 230
581 419
614 630
633 305
340 778
415 591
858 376
16 637
751 351
127 771
636 208
511 685
364 487
196 880
590 51
469 760
897 537
889 270
129 301
799 555
445 19
151 959
406 911
816 173
772 66
15 537
981 903
41 123
57 579
575 77
263 565
586 37
335 461
486 621
202 575
791 304
295 15
100 891
559 488
871 721
496 21
197 412
120 997
930 990
763 590
847 165
875 644
882 261
937 887
182 160
979 380
506 325
693 612
672 923
308 748
780 385
41 607
678 331
260 62
788 787
641 362
79 304
375 205
170 781
646 403
371 121
342 139
588 516
74 306
924 118
980 699
154 130
130 155
748 192
444 988
978 93
968 866
912 867
656 56
729 737
304 751
602 131
712 324
283 752
551 371
162 970
452 523
556 915
498 666
333 524
909 544
238 431
611 292
398 386
429 889
392 414
735 174
658 822
78 698
154 12
716 888
490 913
39 876
62 617
265 542
392 184
918 803
423 355
161 815
606 906
178 199
445 514
590 983
939 452
377 432
493 486
14 120
766 6
257 114
905 626
224 283
592 588
14 396
718 584
449 638
984 272
554 409
758 906
221 737
746 229
198 568
289 450
186 60
922 432
395 603
876 98
321 286
976 140
927 834
69 283
891 236
484 390
651 296
839 533
296 671
502 106
613 414
340 978
724 90
901 884
165 274
423 575
161 15
893 858
358 805
833 792
373 316
624 350
828 264
941 197
522 257
38 847
719 901
52 164
529 913
442 393
626 518
710 754
273 255
673 980
893 702
426 704
196 240
712 197
810 682
761 380
26 844
46 902
213 385
770 697
684 390
103 358
233 70
319 915
299 307
67 311
358 745
312 192
390 610
261 573
115 303
920 819
800 149
126 2
676 37
453 498
126 444
339 334
413 533
324 636
236 942
2 255
616 224
308 12
528 496
302 57
988 25
856 714
524 822
854 316
968 773
118 94
78 960
666 347
928 334
432 640
484 96
289 919
352 266
568 500
169 401
380 210
504 738
244 476
161 987
587 110
122 426
180 114
630 857
88 732
442 900
551 757
889 515
616 549
626 789
863 684
549 73
519 554
968 89
656 34
49 104
927 797
985 213
174 313
320 95
477 422
627 661
302 1
338 215
240 662
903 420
337 274
491 47
216 571
153 18
644 243
639 668
130 59
198 586
333 397
488 432
249 878
703 697
247 951
231 263
832 295
582 785
865 87
413 895
206 512
791 216
37 15
25 430
799 823
80 566
701 292
217 40
702 203
607 476
894 576
656 361
481 615
412 914
230 397
243 452
61 542
198 391
477 86
765 537
899 603
323 92
82 293
833 609
580 806
913 997
925 826
311 289
807 83
569 655
958 125
278 623
354 204
97 276
217 905
79 302
848 360
174 605
741 710
653 18
632 646
811 298
981 658
676 536
599 414
280 603
473 473
322 991
166 13
13 367
880 81
707 900
905 981
376 699
292 861
193 684
779 365
539 282
650 705
194 223
493 682
257 157
607 573
458 500
878 306
703 239
463 929
849 44
913 482
127 481
909 608
437 747
913 963
42 846
934 494
747 310
877 634
725 817
545 496
868 624
420 647
822 663
67 549
685 909
943 842
734 546
611 535
400 846
419 568
550 848
96 554
565 464
447 523
956 560
195 158
704 835
858 878
430 993
500 429
826 21
136 443
636 112
332 184
678 696
402 808
443 406
579 39
552 968
177 622
504 805
77 836
699 478
465 711
322 590
930 638
476 323
303 27
10 520
243 154
740 427
869 36
469 49
162 87
382 747
223 780
100 141
246 815
871 253
903 668
4 489
167 10
274 510
749 618
717 492
693 110
293 300
235 698
575 992
938 155
931 583
3 544
207 183
340 648
171 878
240 556
889 924
180 406
816 916
356 30
918 871
913 52
546 465
226 555
647 270
555 379
35 21
871 919
517 900
474 978
319 654
551 437
739 954
263 453
422 265
73 985
929 99
559 595
838 942
562 800
275 460
295 51
544 835
396 786
762 592
685 184
447 535
352 422
741 871
489 741
420 879
785 50
751 951
792 701
386 892
502 815
208 830
720 496
840 225
773 861
625 208
497 169
178 114
989 632
947 233
992 826
62 548
389 664
586 985
771 798
829 956
942 896
987 225
772 55
626 339
773 559
847 734
554 230
154 791
961 877
921 275
457 609
98 618
315 68
854 963
181 314
235 333
83 469
988 654
862 897
820 508
887 435
55 920
216 609
205 425
890 767
832 462
232 51
378 9
684 839
70 662
810 833
108 430
100 173
891 717
419 753
576 167
874 676
351 69
648 449
394 299
204 521
177 904
824 770
943 10
290 197
801 116
962 822
323 761
994 301
505 798
17 754
724 776
416 724
168 579
994 901
72 906
480 248
766 776
810 326
945 701
426 571
274 785
793 392
425 578
359 298
162 507
833 488
189 485
623 753
508 453
464 964
169 912
264 649
223 796
241 896
891 913
490 439
596 334
324 807
407 669
295 221
535 805
55 502
633 440
564 208
251 542
416 399
88 992
777 804
69 856
80 881
227 419
87 598
765 930
983 208
758 98
176 201
356 195
735 841
857 35
837 863
644 573
479 705
124 204
758 410
349 702
931 733
338 273
725 480
395 615
328 859
12 197
891 15
834 835
604 22
219 934
599 406
493 471
920 246
321 741
277 97
683 726
550 430
688 404
742 330
154 673
684 94
513 325
661 626
518 81
747 461
239 107
572 155
307 905
722 541
266 921
22 304
830 864
386 107
218 976
851 736
55 128
959 197
99 112
941 829
489 430
120 529
794 155
875 470
522 649
729 174
136 396
540 476
529 421
136 830
816 713
521 614
816 955
568 893
850 267
227 713
639 957
623 752
543 520
451 975
793 372
871 396
886 98
700 52
457 691
224 815
64 102
894 404
843 34
631 196
517 723
100 320
497 888
809 377
894 950
960 681
642 224
426 546
287 39
151 829
166 167
729 257
699 18
481 637
771 654
271 997
719 738
307 255
531 267
8 629
975 742
931 93
447 923
383 893
269 298
163 484
717 656
926 176
989 48
926 518
828 946
473 852
78 236
446 836
469 21
460 687
300 538
458 231
941 837
703 748
967 514
512 635
578 707
861 774
546 878
728 783
927 889
184 62
442 477
903 660
505 165
867 527
204 395
590 338
353 234
101 764
717 390
201 294
299 275
20 853
255 722
765 557
739 581
251 73
955 265
660 31
605 25
994 564
257 862
606 985
313 947
962 400
296 125
697 504
161 897
529 273
217 331
256 917
334 969
63 15
340 647
609 986
814 208
166 142
358 202
212 955
432 623
881 184
986 505
307 489
111 194
636 280
521 867
82 462
528 672
583 295
992 195
797 589
782 109
559 197
339 626
95 960
998 277
223 885
130 189
906 3
61 387
836 69
179 70
356 96
119 502
25 344
912 366
948 234
838 151
666 287
184 822
911 375
293 645
550 387
410 888
645 328
954 288
834 302
213 658
214 80
349 592
24 534
645 451
288 925
449 31
578 442
585 493
224 898
681 851
547 178
238 699
259 123
138 455
766 669
514 491
384 554
928 497
355 641
211 736
649 759
947 401
912 846
14 727
756 396
343 48
256 873
633 902
597 531
