134 745
6 541
364 931
455 695
94 844
161 674
466 708
395 948
292 940
35 511
423 939
481 601
39 846
17 851
187 789
230 842
484 646
468 849
152 618
380 679
126 814
345 900
373 890
117 618
223 564
441 977
174 800
364 632
105 515
20 994
444 519
263 835
316 504
434 691
54 939
208 816
340 585
178 878
445 541
253 965
80 990
73 838
59 663
180 815
229 629
164 744
445 893
329 822
101 749
400 686
444 664
222 741
302 706
242 718
195 686
354 867
15 506
69 580
179 894
172 865
281 943
226 582
288 955
191 659
84 614
316 752
353 643
14 707
290 957
189 578
488 969
165 796
150 547
482 982
323 649
421 808
118 783
55 564
55 991
225 587
38 677
282 914
490 948
330 643
468 703
229 665
188 505
40 945
331 642
125 733
224 800
260 752
79 959
296 670
73 815
179 595
175 825
287 676
116 606
345 804
388 893
385 592
339 914
310 666
176 720
477 924
107 950
28 829
18 826
284 964
482 945
97 940
167 974
96 702
245 699
114 768
262 512
230 832
269 509
88 709
240 545
81 590
219 893
19 859
90 862
438 520
54 849
372 620
252 975
197 887
387 708
483 887
79 934
45 893
42 598
316 925
150 614
287 803
44 849
158 615
112 910
238 643
345 964
140 894
90 986
109 964
308 902
154 572
81 744
304 781
53 613
412 842
99 723
26 588
284 677
362 588
498 936
97 880
158 795
289 560
39 593
104 868
334 658
191 689
121 695
216 520
361 587
211 784
211 558
368 967
69 652
384 950
430 890
132 566
455 804
247 809
296 629
87 924
417 777
407 962
93 811
461 956
377 748
384 723
497 610
102 517
488 881
262 765
239 876
173 876
239 696
188 848
392 815
426 913
159 945
359 598
285 858
247 863
285 847
337 525
109 819
161 867
51 907
286 807
73 853
11 903
306 597
43 593
345 719
292 881
106 824
294 835
128 791
354 528
380 696
110 529
355 778
306 922
441 874
260 644
61 731
96 623
29 912
407 504
11 682
240 969
166 698
479 928
151 718
208 705
409 928
156 553
234 677
227 600
270 968
335 748
46 552
440 524
64 891
463 956
470 856
325 641
478 773
149 576
208 505
248 885
89 508
42 744
459 585
171 603
115 741
1 803
55 588
126 620
367 666
23 877
87 573
140 657
255 963
440 843
82 625
131 812
236 982
412 829
167 994
398 971
60 712
265 951
410 635
418 648
177 705
235 772
17 916
375 747
176 685
58 690
394 753
249 726
157 954
150 852
324 949
232 595
102 959
342 863
485 514
434 533
498 712
267 699
21 570
472 619
314 907
121 985
479 516
136 592
113 686
419 758
293 683
303 742
193 826
188 645
254 875
32 897
400 627
296 811
129 542
282 677
279 709
436 614
214 933
246 991
190 846
179 667
393 896
483 572
44 688
339 824
17 721
20 722
57 958
462 705
182 847
161 850
295 503
75 501
388 734
441 714
125 914
245 618
75 793
146 805
274 573
264 655
135 947
192 894
287 963
358 802
490 593
320 581
437 878
234 544
328 504
64 739
74 727
27 862
451 544
21 717
234 571
14 993
179 689
224 935
341 812
472 726
278 662
267 743
396 770
365 856
288 766
391 990
197 553
328 511
42 961
137 681
1 563
55 886
237 639
53 754
70 887
225 660
276 528
460 719
360 580
260 628
485 988
64 671
162 548
135 637
99 770
417 603
421 996
424 639
480 859
35 658
333 920
255 833
269 615
428 971
421 534
31 600
302 847
173 633
166 773
373 814
144 840
423 585
278 824
23 842
366 914
235 658
499 995
222 760
333 763
6 643
379 758
96 798
279 530
147 525
493 709
415 851
372 652
256 857
444 524
151 869
323 940
424 792
461 655
36 622
179 864
160 788
449 570
481 998
369 623
102 1000
424 729
222 912
21 860
232 740
44 843
65 741
424 611
366 614
420 984
156 884
267 893
447 973
274 928
33 657
411 622
261 538
365 824
380 856
29 726
128 969
333 570
391 809
80 928
389 617
235 757
27 766
316 552
143 639
324 991
418 905
352 628
128 876
204 651
43 874
437 940
196 775
200 626
443 820
304 653
383 572
77 796
311 626
341 528
303 661
277 631
75 686
227 920
139 537
321 810
162 969
470 550
300 638
63 910
423 674
263 988
39 857
114 964
416 612
24 958
51 540
334 974
347 892
73 549
173 752
136 517
190 940
336 719
26 693
255 816
105 995
481 910
329 529
354 778
335 609
43 751
342 692
475 793
95 755
398 919
496 732
105 841
128 688
317 980
389 533
471 527
347 508
48 577
422 592
152 600
303 630
402 697
351 949
406 719
451 810
370 891
175 740
96 739
377 525
334 951
203 782
203 525
80 838
458 571
362 925
224 941
335 926
350 576
139 706
7 650
120 933
21 975
248 933
330 991
300 862
189 513
248 930
418 722
491 689
301 870
457 754
202 943
267 910
480 872
24 941
393 593
392 657
83 588
422 812
252 764
171 689
138 958
159 983
84 827
69 790
227 505
179 537
488 568
71 665
315 511
215 973
297 549
226 568
188 666
310 932
21 699
227 898
200 734
287 761
169 697
222 702
496 769
325 968
479 892
54 660
268 863
460 544
72 622
30 503
178 951
156 953
27 760
49 745
254 567
171 783
212 735
494 707
20 940
59 894
469 867
141 948
295 851
54 987
174 518
54 724
464 519
32 925
251 548
88 757
221 884
79 894
334 690
200 707
347 601
361 815
157 591
13 864
124 859
94 737
422 957
343 547
34 693
205 998
16 711
117 755
390 528
126 879
206 632
26 573
386 788
24 813
211 953
253 924
305 945
85 603
309 581
2 845
110 809
293 976
484 1000
251 703
269 849
30 979
281 700
133 551
462 609
422 933
136 692
230 540
347 804
325 776
221 936
353 553
286 534
385 828
326 734
335 929
63 868
297 888
247 741
472 564
452 616
470 792
345 576
16 595
14 704
212 654
232 982
322 877
129 834
244 995
9 924
352 716
462 905
50 760
347 907
236 690
369 607
172 767
403 874
399 840
9 730
316 757
447 959
351 507
206 564
215 537
362 668
123 738
186 591
248 841
345 553
145 662
96 717
213 620
344 582
37 919
7 782
368 540
297 692
223 958
213 665
42 957
253 810
401 967
282 656
426 642
287 700
270 627
402 637
424 541
482 656
153 833
107 892
415 793
66 643
192 747
90 642
12 605
141 656
59 895
388 762
267 975
82 957
296 838
109 727
170 909
90 504
352 844
417 729
385 616
82 739
167 594
402 797
435 606
250 606
348 639
405 586
305 522
345 923
111 719
497 875
236 834
120 741
476 575
276 761
170 700
313 794
401 589
190 861
2 527
18 909
440 930
468 953
497 567
165 584
336 620
36 517
11 971
293 551
261 641
220 714
111 579
472 743
304 785
270 558
452 625
365 526
347 1000
85 897
226 565
103 702
32 653
472 836
121 759
158 872
471 890
35 639
436 652
126 790
423 752
55 721
194 541
25 821
216 822
9 831
358 674
280 895
329 849
241 797
469 796
155 625
408 618
196 634
82 523
445 603
249 804
48 595
392 752
433 931
202 954
449 828
209 774
255 662
375 634
156 740
401 927
123 918
439 903
167 789
498 880
485 609
281 991
104 577
257 981
245 710
392 571
490 537
130 943
281 652
344 810
17 550
307 643
385 954
313 635
142 981
175 749
30 810
376 627
425 980
368 768
364 767
19 503
174 912
278 817
133 627
229 734
140 633
340 904
255 969
130 823
204 535
178 994
150 948
28 587
125 543
259 687
240 873
28 536
195 608
181 562
258 519
217 531
198 664
116 692
192 852
247 589
470 678
214 825
32 845
409 672
230 683
79 675
132 623
18 839
293 625
137 850
109 902
38 660
420 591
145 692
155 719
277 995
161 530
426 684
445 930
219 926
94 746
216 553
386 966
297 914
231 704
385 603
452 599
139 810
16 723
255 576
389 502
497 693
136 533
106 845
64 815
241 626
491 907
425 822
57 932
156 814
62 750
450 827
491 677
294 659
495 910
102 698
263 728
219 732
275 901
273 681
175 690
460 926
288 956
356 945
443 681
240 995
365 981
157 856
294 956
84 537
110 807
49 522
23 572
240 599
157 664
342 596
276 689
371 896
148 745
413 652
131 673
351 601
102 933
17 943
180 680
365 506
491 705
380 589
232 624
124 705
261 659
78 977
208 955
233 825
170 856
408 685
256 990
320 973
17 903
207 875
423 976
213 894
227 928
292 665
153 862
456 656
213 641
154 911
250 838
276 840
477 885
445 725
326 586
299 741
493 606
409 511
372 874
480 855
223 586
36 557
72 892
22 970
399 841
103 667
475 764
457 847
368 778
413 615
287 928
277 712
318 610
478 924
262 972
389 985
46 643
77 985
458 587
473 639
161 799
328 684
115 852
174 532
86 593
29 537
447 963
169 780
175 835
142 589
55 980
494 888
137 859
65 948
301 746
145 800
488 881
331 904
151 817
240 859
239 726
99 606
108 704
51 636
211 705
153 718
88 539
91 956
270 787
181 777
264 692
378 796
106 905
484 532
110 838
194 814
160 718
9 645
227 801
408 919
154 505
394 749
105 532
260 669
82 566
180 721
162 816
230 501
156 672
289 743
31 910
279 699
405 892
432 752
470 809
175 526
68 747
311 804
112 955
238 659
250 944
361 517
284 592
274 957
460 568
72 846
21 942
422 939
14 791
465 774
6 558
274 747
55 817
346 829
142 685
460 960
190 741
240 814
67 701
443 636
34 671
409 602
257 651
157 558
35 901
253 944
8 713
58 703
162 861
15 824
179 1000
260 791
394 581
114 558
306 600
148 864
444 769
465 954
252 539
296 755
258 955
222 620
51 716
115 627
254 782
231 572
236 689
433 781
217 576
457 799
331 770
408 940
185 676
416 989
205 616
286 696
293 871
253 651
195 988
488 612
312 653
293 961
184 751
300 571
331 816
482 897
496 667
161 660
227 718
342 813
114 788
333 618
46 676
148 996
245 556
500 594
411 867
70 947
151 563
50 785
51 551
79 693
275 814
157 989
335 660
335 732
83 994
160 753
461 815
327 903
454 567
324 969
50 792
404 671
314 978
103 546
28 568
19 511
373 750
11 950
300 874
165 610
368 787
414 646
75 695
58 552
264 755
309 911
54 913
345 801
391 986
494 938
365 790
131 750
461 754
181 537
440 518
22 822
260 783
57 693
43 646
158 728
499 534
297 766
273 828
27 837
80 709
361 673
249 742
157 925
248 784
153 974
127 531
456 894
23 912
435 510
205 738
95 790
112 966
280 606
303 769
89 913
240 522
324 798
449 631
48 925
330 525
260 568
326 684
216 773
304 615
296 696
272 819
408 666
15 769
451 822
229 918
351 604
81 651
314 631
108 618
147 867
339 926
194 605
323 977
377 629
238 989
390 870
150 755
465 849
170 853
152 649
247 805
156 971
149 503
429 696
114 626
30 532
281 878
86 776
280 581
329 650
275 573
15 593
460 781
221 522
162 671
7 726
95 750
233 566
442 938
481 740
274 775
107 512
471 601
374 912
400 892
497 539
151 699
478 921
153 726
385 903
49 768
366 717
484 640
250 721
167 923
252 825
193 614
84 951
341 672
67 693
46 955
54 702
419 628
394 598
328 848
282 896
495 923
212 756
371 790
214 717
470 978
387 744
331 820
94 748
106 762
352 526
191 521
410 813
287 548
266 752
473 703
45 926
165 715
295 996
311 767
243 922
172 571
223 867
309 974
127 866
461 715
479 616
93 892
432 797
145 848
163 847
345 560
259 967
85 621
182 566
353 712
441 760
59 761
471 674
58 799
275 752
52 562
301 571
107 530
185 908
290 833
241 910
334 903
434 820
25 607
469 683
9 898
276 743
483 976
176 583
149 596
277 657
466 773
325 963
146 817
333 834
459 906
441 579
223 918
248 806
455 585
324 552
450 752
347 524
12 819
354 608
460 533
260 744
356 588
461 532
301 953
474 675
60 771
348 573
221 684
227 940
445 984
341 967
20 559
166 514
184 810
493 766
412 819
217 744
50 816
427 906
306 825
173 555
300 616
244 944
344 933
182 635
370 526
420 613
448 656
213 872
51 709
403 701
49 792
177 843
485 781
49 562
362 550
312 784
251 646
10 965
356 957
67 816
207 991
273 858
99 659
347 746
325 855
276 949
296 533
321 777
250 711
109 596
386 723
305 800
462 708
455 609
101 642
290 841
375 940
247 666
16 762
438 714
35 505
28 522
406 800
386 804
148 570
345 642
162 524
216 537
161 521
207 949
402 877
240 750
481 782
120 597
249 883
278 922
491 557
169 849
371 934
425 949
406 669
457 883
192 731
366 503
16 946
3 661
132 910
337 804
14 724
91 574
343 947
266 843
170 730
95 639
118 802
163 571
156 541
378 654
289 757
313 750
188 812
96 776
374 976
124 992
33 944
71 811
297 913
375 845
45 564
154 752
413 814
360 865
58 626
447 696
89 658
285 759
144 759
180 731
200 520
384 904
114 626
66 541
371 519
468 902
363 887
6 574
90 763
370 912
224 964
130 767
295 731
46 912
273 596
363 700
159 607
274 830
387 941
428 808
116 916
213 795
406 880
286 705
390 608
261 877
303 695
299 670
94 605
352 697
56 726
259 560
150 501
498 843
285 890
73 810
363 663
481 835
389 777
188 952
463 667
310 943
64 731
98 617
385 962
402 620
407 597
280 866
309 659
92 509
455 702
329 738
387 520
95 514
316 520
277 620
460 614
418 531
453 817
405 519
474 889
265 858
4 517
301 763
384 578
54 815
416 949
326 921
44 969
197 833
415 992
275 787
311 982
84 562
39 641
33 547
110 550
486 593
484 782
152 984
141 867
342 577
369 968
42 510
200 616
89 858
207 758
261 647
23 697
326 572
264 618
250 590
205 900
248 865
248 928
348 550
27 855
242 961
286 766
249 783
232 538
366 888
457 827
217 940
477 743
18 720
137 507
79 877
7 831
84 863
392 562
290 526
99 919
97 534
83 931
48 607
369 995
356 643
418 584
496 694
30 729
317 562
361 691
23 602
451 601
484 585
238 794
339 758
237 822
229 647
365 905
258 962
43 740
441 748
86 537
360 772
215 703
172 908
433 685
411 702
201 619
437 770
429 549
97 802
202 629
180 590
93 525
436 768
474 569
301 772
292 995
367 829
391 779
482 529
224 634
455 967
50 891
208 806
426 640
168 935
304 712
101 932
38 694
239 818
490 626
105 734
354 616
41 756
35 512
66 513
285 642
193 632
368 914
160 747
487 765
278 915
492 542
146 710
211 963
116 519
122 645
65 994
209 832
33 751
205 651
367 655
303 605
5 780
403 607
226 640
378 528
472 536
91 872
86 942
438 862
177 679
213 685
391 834
390 842
111 836
237 630
238 857
180 565
32 978
463 719
447 940
280 759
220 622
192 792
347 679
317 870
477 734
223 788
381 552
129 589
98 739
463 741
483 782
310 919
32 555
335 693
105 556
390 868
112 800
400 763
197 727
195 542
474 529
395 700
380 727
391 834
287 741
267 745
132 800
499 712
482 881
291 643
207 698
203 753
351 794
370 750
70 983
483 894
367 709
372 875
44 792
214 628
496 786
390 910
274 626
100 829
477 991
348 956
362 633
305 795
328 963
29 787
365 511
189 848
432 809
68 905
35 811
59 622
173 986
3 624
380 616
174 960
277 960
139 647
331 555
139 703
428 947
424 831
469 749
143 840
57 715
125 544
456 627
262 782
137 977
378 643
339 829
439 969
377 734
452 949
38 570
228 601
22 767
402 903
184 779
419 618
301 945
58 877
111 818
379 727
396 511
175 571
89 863
97 970
201 773
380 582
220 752
147 955
77 964
307 884
408 518
427 598
147 528
234 575
195 888
378 905
407 879
180 753
35 528
500 503
170 575
136 632
294 822
60 644
23 883
217 808
440 842
300 770
447 662
205 766
71 878
441 599
18 552
83 937
113 745
423 724
49 985
207 962
138 981
29 859
476 989
307 719
483 990
5 556
92 754
359 937
32 985
438 686
184 949
251 577
447 509
95 891
329 555
394 641
3 889
177 945
493 837
262 953
185 627
376 715
397 869
349 947
35 595
14 543
178 875
157 831
139 654
181 687
153 866
170 587
79 946
372 783
352 611
56 546
156 998
239 842
489 517
36 594
20 718
408 773
159 696
318 692
395 960
6 887
80 808
237 523
25 747
498 600
339 584
362 648
86 854
431 551
299 659
186 736
71 773
308 668
60 607
206 502
338 783
137 950
256 824
470 530
30 552
231 756
269 933
473 763
25 653
472 577
269 866
11 935
93 818
299 592
113 644
179 534
468 844
244 728
352 646
126 671
388 694
304 929
274 651
392 821
125 721
394 760
362 613
397 662
276 559
464 615
142 810
68 913
450 767
332 890
401 958
335 692
291 932
383 788
149 613
56 919
287 524
178 520
375 869
40 727
330 857
151 858
219 869
29 916
147 605
192 701
319 682
458 592
226 878
25 588
431 527
33 662
493 790
296 870
436 894
420 962
290 928
465 860
76 651
283 795
199 623
333 698
459 592
224 621
259 535
228 672
266 719
314 567
178 887
207 674
395 581
457 627
53 761
405 882
255 620
25 620
200 583
43 577
204 884
461 666
63 581
368 894
103 701
338 553
84 773
64 573
27 611
331 726
151 839
98 613
237 832
238 871
108 526
250 549
61 984
273 888
311 637
430 857
297 799
103 698
171 533
52 782
42 769
111 684
451 868
451 753
241 789
265 535
356 914
80 660
180 600
200 900
121 653
95 755
266 504
411 628
16 795
182 513
363 800
486 707
206 574
411 709
274 604
424 648
147 898
200 848
230 556
221 556
302 812
452 665
217 672
242 567
15 921
129 503
353 796
94 685
148 554
120 789
426 874
355 989
198 999
488 977
430 636
434 799
265 722
468 627
337 894
229 580
433 848
69 652
453 510
390 510
259 596
234 917
12 729
132 738
158 666
113 629
373 647
