414 931
27 745
483 634
215 744
149 550
88 670
1 973
422 680
153 755
233 915
351 791
159 655
192 666
380 562
97 501
96 553
401 862
466 533
160 904
21 601
125 560
376 869
443 577
161 514
475 690
389 590
119 738
451 746
107 893
356 734
115 993
71 669
240 873
221 900
117 541
48 772
411 703
83 721
286 703
399 992
416 550
450 718
406 912
217 737
227 564
54 626
200 564
142 838
408 830
371 701
88 649
420 670
289 838
255 995
350 894
37 522
436 714
87 774
46 579
280 911
8 766
406 980
370 875
251 684
385 740
240 566
438 766
484 824
301 855
128 627
468 579
303 954
11 612
304 852
78 831
468 840
220 529
138 996
469 821
130 773
128 949
482 765
290 604
112 716
468 972
345 668
377 963
454 834
177 602
207 635
495 926
487 589
497 875
460 553
272 757
138 542
422 954
88 787
375 992
285 968
178 519
142 822
489 695
344 980
127 540
237 960
215 659
189 629
16 919
339 934
112 549
78 691
472 838
152 534
15 811
361 566
222 703
314 946
295 942
451 681
217 811
287 777
366 819
364 572
435 999
419 561
104 811
170 750
85 818
313 925
33 745
161 652
201 728
95 811
466 622
33 509
283 755
450 962
16 781
296 884
462 935
421 794
460 633
488 642
167 512
290 541
39 776
363 720
163 655
261 612
249 714
75 957
173 929
99 901
49 713
435 554
369 778
488 982
44 579
230 750
266 768
141 611
59 590
28 773
202 834
165 817
497 629
73 624
115 537
382 508
305 928
253 827
327 703
411 588
352 638
188 788
123 732
355 607
377 508
376 813
245 833
35 869
53 752
338 970
48 859
122 603
445 595
409 533
473 542
452 905
78 946
76 534
256 984
348 760
381 748
441 773
403 571
250 879
345 913
302 634
202 854
465 889
48 552
244 520
348 505
222 893
440 895
6 751
348 564
117 821
356 969
242 982
40 691
42 660
499 911
236 645
337 643
357 667
438 879
214 706
101 530
34 808
67 966
53 575
55 545
203 930
121 554
24 565
391 943
356 661
17 965
312 607
343 800
216 822
76 823
55 648
384 830
319 745
75 536
263 917
305 588
4 681
489 970
87 606
400 579
278 916
58 611
1 541
75 986
442 911
493 542
202 864
441 532
374 966
43 899
424 863
322 675
435 930
75 987
21 979
95 700
426 822
348 650
224 534
309 829
233 877
176 810
411 615
429 556
152 854
455 546
186 657
484 855
439 770
79 672
407 712
85 541
85 657
75 848
98 935
460 562
239 581
388 532
459 693
235 879
15 909
374 582
283 682
436 632
271 665
401 863
439 914
44 805
149 720
472 667
32 838
397 601
446 685
395 944
278 649
85 847
438 606
104 980
251 714
299 810
250 654
224 683
496 920
75 783
317 884
72 670
387 842
430 572
498 921
50 838
32 965
491 797
458 912
292 661
489 600
360 704
323 641
177 970
398 559
435 914
121 981
353 801
156 954
401 543
480 671
274 547
170 971
436 536
13 796
74 841
92 885
428 760
64 673
164 577
270 733
61 960
347 693
349 625
239 870
228 524
452 703
400 981
222 754
272 991
275 693
44 506
339 523
390 953
118 918
492 794
36 896
64 583
11 689
231 540
402 884
4 857
9 949
145 836
240 510
73 615
435 534
421 829
258 608
67 621
322 841
439 923
469 567
67 534
289 535
308 886
353 664
175 520
461 874
248 719
338 562
486 553
22 968
470 616
404 648
142 529
397 973
144 732
242 862
420 858
99 608
258 917
416 813
249 974
24 531
361 676
495 922
157 906
440 994
464 928
350 708
39 865
468 576
412 734
46 754
311 513
56 743
381 843
230 529
282 776
456 634
7 883
95 765
222 907
373 596
159 667
82 916
103 900
460 738
255 981
50 689
437 562
145 640
449 532
499 686
478 608
447 502
229 927
231 625
61 532
494 555
386 800
408 556
209 688
71 751
264 781
488 736
369 628
47 957
29 632
69 564
472 872
484 520
189 511
129 623
395 665
420 760
245 747
465 609
124 909
487 872
365 658
200 755
288 628
327 658
168 869
301 546
473 915
429 902
100 678
281 710
448 887
89 735
329 681
121 980
78 915
251 603
20 954
393 597
418 809
8 883
296 763
259 595
365 989
98 884
352 706
22 549
500 550
225 848
193 978
248 769
112 945
456 532
177 754
498 585
290 877
374 916
478 578
20 578
458 644
234 548
216 923
68 839
116 623
409 836
187 534
362 799
355 902
145 564
375 872
454 507
233 975
61 952
248 705
31 868
197 677
411 530
468 612
122 697
420 636
60 646
61 516
350 981
258 868
483 736
476 599
278 950
171 596
85 976
341 952
430 930
70 625
364 901
192 653
410 919
58 995
381 799
111 517
223 879
454 783
143 694
272 850
403 843
394 887
11 774
114 994
357 928
191 934
3 869
485 579
349 640
319 849
344 961
51 610
471 690
362 803
483 594
447 593
15 533
261 655
272 796
16 592
178 855
427 726
224 722
230 581
152 574
459 916
423 760
119 543
168 696
339 645
454 740
11 880
218 943
438 923
199 755
468 744
159 917
58 682
149 830
57 744
320 948
261 715
372 790
140 869
259 908
346 861
104 654
176 985
33 817
401 994
483 958
63 766
291 600
287 930
12 521
226 858
482 855
89 967
151 667
127 684
500 670
80 791
228 620
382 922
141 765
489 596
265 843
217 684
388 646
142 788
120 575
375 998
60 793
18 827
393 582
24 841
201 565
493 551
475 737
466 502
138 881
378 559
379 694
162 613
33 882
417 699
381 813
14 551
301 919
308 651
400 878
319 829
108 922
351 983
259 658
131 973
469 534
368 717
278 681
190 579
459 627
45 838
183 908
203 776
139 714
37 572
315 823
194 735
230 846
251 662
128 733
371 784
334 848
417 506
281 684
409 521
433 507
453 750
365 648
304 617
300 551
372 614
300 960
318 755
476 521
75 508
4 883
107 916
406 982
149 652
10 869
266 713
193 861
161 924
258 745
207 700
234 997
163 844
204 970
474 548
422 646
10 864
45 754
66 734
322 978
375 901
415 549
150 537
287 802
490 522
205 565
68 699
71 903
436 568
325 844
133 838
406 612
208 702
493 874
71 641
101 887
383 682
323 691
186 780
489 808
362 762
404 623
274 741
118 870
143 904
412 943
395 643
291 635
247 793
346 775
279 831
371 814
160 595
361 723
186 655
183 736
182 651
418 737
231 740
150 725
40 1000
301 611
94 532
360 951
210 636
42 804
112 602
353 556
320 909
158 614
268 743
227 978
125 544
317 590
341 700
18 583
353 653
13 741
406 909
50 932
187 922
391 665
272 864
326 910
250 673
35 969
233 791
48 859
332 865
439 802
459 995
156 553
68 601
379 860
59 851
19 985
350 658
311 967
32 831
216 612
238 702
463 747
225 558
199 549
232 850
255 522
73 930
365 863
149 846
238 925
294 930
286 883
5 620
141 784
429 952
376 989
88 608
389 983
451 573
391 968
440 650
241 501
344 722
419 510
215 725
29 949
293 746
200 990
146 954
442 765
293 507
323 955
361 625
70 839
397 584
298 630
413 762
294 997
29 609
348 800
455 895
78 943
70 781
72 819
288 656
315 536
204 626
36 537
102 717
311 674
335 985
16 631
442 700
255 858
329 579
372 531
241 886
2 816
37 572
446 637
251 710
444 696
198 935
63 759
131 849
86 970
172 613
303 659
135 553
58 593
78 560
94 648
277 920
419 648
83 586
448 808
345 558
43 755
161 615
189 786
304 801
80 592
431 865
1 557
76 579
259 819
137 855
301 516
360 627
34 980
201 974
488 624
274 765
334 728
478 758
378 568
499 867
486 962
124 569
163 610
360 580
11 761
427 929
52 576
493 967
99 656
344 537
180 968
316 984
431 777
298 564
453 721
93 679
392 858
45 693
264 760
483 782
452 812
80 759
453 566
171 611
481 879
403 878
99 541
286 794
361 633
46 808
46 737
484 688
97 695
444 577
368 785
63 997
312 591
472 762
349 754
204 934
64 650
240 589
184 558
91 594
457 600
444 926
425 761
68 525
15 701
195 923
295 547
357 765
382 837
238 886
490 694
329 706
59 737
198 899
198 862
39 912
126 843
196 518
376 573
33 648
366 888
265 553
322 526
98 908
481 998
6 608
47 569
294 501
56 507
478 847
255 782
81 695
89 988
456 504
207 678
458 607
358 742
82 984
469 767
435 538
348 878
225 843
269 695
320 713
58 774
437 745
193 857
175 649
256 623
346 705
40 724
101 730
292 746
60 594
107 565
347 645
374 851
113 884
80 632
13 584
155 610
188 805
279 644
290 642
261 932
445 666
87 529
111 944
227 829
366 909
305 534
34 766
198 868
494 818
289 782
51 829
256 564
317 719
220 687
459 910
291 575
225 805
186 671
45 896
356 509
105 813
321 550
220 597
16 974
426 996
43 768
287 768
216 544
28 612
248 556
171 666
351 848
173 786
354 560
90 701
236 692
394 904
186 919
172 784
244 880
229 882
288 746
180 788
115 804
267 819
369 823
348 604
136 670
34 834
407 824
278 843
276 951
50 927
15 744
16 675
159 819
449 881
413 659
472 979
98 892
227 775
216 720
53 699
351 913
25 697
414 639
31 959
386 648
441 942
128 690
360 827
478 543
262 987
74 745
6 653
189 566
22 650
366 637
185 913
192 739
439 611
192 759
166 905
324 505
137 938
47 601
412 856
388 547
309 617
338 692
35 893
283 538
67 793
105 566
473 516
198 748
166 515
73 904
60 888
58 541
329 508
17 942
14 582
5 770
454 973
373 550
286 770
316 973
268 981
448 761
446 602
385 989
459 868
463 632
64 634
321 663
493 530
205 967
112 847
188 612
15 671
256 615
139 965
228 909
15 653
144 916
444 628
244 577
194 535
396 913
417 677
402 924
427 805
31 973
243 539
403 687
458 827
481 547
354 988
149 980
343 815
359 705
80 865
25 804
488 572
143 728
99 578
420 604
227 830
471 731
254 768
205 676
327 594
386 942
317 851
367 692
453 671
94 550
101 811
415 619
224 592
467 815
376 685
110 800
202 506
487 646
480 699
177 747
146 839
39 537
472 720
306 528
321 705
475 751
246 612
404 607
416 585
433 625
234 979
439 789
462 760
267 906
466 729
434 716
283 970
188 940
132 729
128 561
377 856
386 935
394 592
180 784
210 701
299 786
459 939
176 909
178 739
152 769
87 596
37 548
241 990
306 996
196 543
227 829
93 683
423 906
258 597
478 837
108 939
334 737
453 966
399 913
500 959
127 516
391 585
215 950
330 688
275 916
367 951
450 852
207 747
400 764
306 993
340 880
413 715
435 986
22 652
479 776
397 834
181 705
498 910
486 713
342 844
294 609
266 548
255 723
235 701
129 783
211 811
62 898
314 925
48 523
250 693
16 933
500 681
386 784
490 703
366 804
174 963
295 825
485 922
86 811
191 670
338 796
197 524
219 944
79 527
380 549
265 565
168 665
167 683
283 885
214 547
437 879
307 621
481 605
132 672
254 880
187 935
434 924
479 941
344 710
174 859
76 594
227 754
129 979
8 507
92 548
385 626
335 726
196 555
249 969
236 904
455 623
133 764
411 601
31 957
111 537
228 612
396 725
294 903
484 881
28 853
208 603
498 867
15 898
52 619
334 636
261 861
332 881
21 859
157 889
168 672
203 992
183 692
248 643
492 777
154 504
247 702
250 952
108 615
35 698
153 633
109 605
491 602
40 607
282 935
486 919
287 566
262 911
363 881
7 745
322 666
7 976
320 745
119 851
54 881
151 963
396 906
454 530
371 896
317 978
416 733
282 752
402 639
185 538
278 710
233 607
261 744
145 795
369 857
40 981
329 990
185 762
290 753
336 927
42 716
425 651
205 844
73 526
150 827
433 584
41 942
474 547
4 999
348 893
291 761
268 880
249 845
398 771
458 834
113 714
414 935
387 781
292 818
386 543
166 619
150 531
255 583
320 696
29 997
32 977
15 721
157 676
319 973
264 782
63 795
223 945
122 796
182 813
494 797
336 545
142 744
36 669
351 760
1 746
360 835
427 678
373 731
361 918
283 773
235 902
133 868
473 731
190 877
184 759
317 708
116 550
467 595
481 844
288 553
125 782
420 724
103 630
427 833
414 934
252 936
12 821
149 714
332 679
319 900
259 966
49 615
302 805
215 549
281 707
467 901
38 577
482 593
482 853
268 977
348 690
420 996
331 975
277 590
66 574
263 908
60 900
306 900
262 629
183 545
498 559
65 898
462 745
207 719
100 606
8 680
153 715
38 942
496 646
26 714
429 956
228 984
69 505
140 681
125 942
476 907
496 944
270 985
200 669
186 854
259 529
219 642
220 816
72 774
34 715
13 772
196 536
139 773
399 732
146 994
189 948
496 652
387 516
322 640
98 810
466 561
47 719
465 945
15 675
198 676
358 882
387 551
371 882
255 628
404 843
17 694
152 650
207 774
204 991
68 807
317 527
274 549
408 604
255 972
445 621
440 782
357 748
389 605
381 567
414 618
201 882
343 513
224 755
358 665
11 675
42 872
328 540
179 930
290 693
499 546
304 969
29 794
275 695
25 914
209 727
288 595
5 593
332 551
421 515
351 813
63 925
400 577
62 938
40 854
356 826
444 965
51 546
355 533
343 640
197 739
457 643
71 777
88 597
166 525
13 983
394 564
112 655
414 626
448 699
399 889
168 978
425 968
30 640
164 830
237 648
454 573
68 912
236 606
375 891
44 765
155 660
190 773
371 833
473 702
71 778
396 715
279 915
477 980
25 575
448 660
454 823
238 793
337 599
499 998
414 805
384 521
289 613
154 759
160 943
307 814
312 582
432 962
309 952
478 812
99 938
422 736
315 898
45 658
108 716
392 982
417 688
495 848
424 517
76 891
494 816
80 972
489 800
130 550
431 563
351 600
364 521
22 969
62 741
33 656
93 621
112 510
29 784
454 589
374 890
368 834
322 918
330 639
245 699
308 903
101 655
47 623
85 686
20 543
465 711
125 918
18 717
159 673
234 976
417 724
217 583
389 935
339 766
63 663
402 512
231 778
186 510
476 572
151 930
22 537
306 944
366 904
122 910
89 591
52 790
370 785
168 883
66 697
204 827
303 973
422 539
439 789
436 514
484 603
171 657
163 823
315 978
289 561
440 723
49 625
205 908
45 932
48 939
459 777
291 584
239 729
468 875
37 879
244 538
406 667
56 502
469 571
395 743
211 530
476 977
292 594
206 929
258 747
13 625
115 733
208 861
458 640
291 501
402 699
204 860
414 590
301 892
400 623
139 874
96 699
336 777
207 618
468 826
351 846
364 863
14 905
248 862
62 861
113 521
371 544
82 804
201 887
54 630
293 503
116 595
412 787
484 590
322 988
451 795
261 694
401 859
409 918
127 1000
463 985
461 685
424 688
209 644
380 906
96 624
262 956
347 956
136 511
269 948
373 918
41 843
235 745
201 534
408 625
363 512
252 720
192 941
85 745
225 577
1 863
455 595
111 515
54 968
3 669
88 887
84 794
360 502
222 524
360 761
482 783
467 952
460 841
188 778
491 517
278 566
137 641
283 880
148 839
453 844
35 814
458 727
169 681
108 991
441 996
191 508
336 847
331 528
375 995
26 783
261 787
85 640
359 794
30 736
6 818
372 689
290 641
31 695
92 882
473 608
276 960
391 550
268 723
365 563
212 924
46 894
481 984
132 879
74 757
426 937
134 897
416 970
24 718
452 802
393 630
363 899
41 728
315 682
45 963
130 696
297 977
421 603
137 983
433 966
275 990
221 807
365 870
208 856
20 544
406 812
369 736
265 606
267 601
16 690
400 671
361 586
13 753
79 597
485 931
497 521
478 530
175 583
424 769
61 939
307 968
106 717
120 906
361 543
116 902
400 696
48 515
283 788
255 825
477 881
234 785
58 795
71 686
337 691
23 627
388 804
453 617
138 748
232 820
183 949
39 682
382 632
319 824
392 913
134 525
166 600
62 712
253 795
58 531
427 909
496 583
395 721
65 503
318 811
45 573
22 501
116 924
226 577
395 735
381 888
283 714
323 764
228 876
65 904
470 924
103 685
306 975
440 712
352 745
6 705
170 770
18 789
43 631
347 694
305 605
270 904
99 925
396 821
326 588
263 754
388 880
435 643
331 829
29 759
50 675
399 642
394 694
419 786
372 832
89 560
169 994
341 512
277 642
362 975
393 979
154 526
108 996
264 517
472 761
316 979
174 590
369 538
406 997
251 821
4 628
145 931
55 776
104 676
371 899
11 565
37 643
465 779
147 799
389 736
25 623
194 764
12 591
75 952
276 975
328 642
80 971
316 962
174 912
79 762
423 747
259 844
480 988
246 765
147 778
403 819
179 518
34 643
248 620
377 931
18 956
137 659
169 710
60 547
170 857
207 802
68 630
100 926
444 932
77 996
411 645
230 915
404 671
202 998
9 629
298 953
394 859
147 733
399 668
187 542
133 579
129 534
104 576
459 930
337 651
107 584
474 674
326 563
455 988
260 532
299 900
69 570
113 780
436 993
460 694
366 517
315 881
175 827
127 809
478 562
391 784
495 505
11 543
385 967
239 612
28 965
364 536
339 731
72 603
384 770
336 760
159 944
408 719
248 553
112 639
446 780
284 802
454 815
60 924
433 794
185 501
198 976
82 771
416 544
150 539
76 774
414 678
274 547
477 922
302 671
235 808
373 630
294 887
258 860
375 982
498 721
33 769
160 978
388 777
234 724
403 690
326 826
25 770
87 680
398 761
307 997
174 548
375 820
416 666
112 513
355 948
464 776
45 874
160 952
278 550
474 927
97 999
195 915
321 943
325 863
75 657
196 910
331 984
380 801
385 630
193 582
63 695
20 685
3 534
444 672
196 688
76 684
424 606
143 623
436 698
36 751
287 560
243 758
128 606
373 992
2 686
196 952
165 870
10 525
292 808
371 811
498 914
15 955
281 724
82 909
350 517
75 968
