252 784
108 766
316 693
439 805
79 596
278 894
329 578
183 785
170 779
173 995
213 702
423 825
347 726
345 701
476 685
385 951
364 671
68 668
42 842
180 830
297 831
428 968
161 752
444 798
87 880
98 610
322 775
454 848
34 924
374 694
221 517
284 542
462 833
9 766
291 812
368 896
266 897
171 676
286 665
93 600
404 870
191 567
227 622
153 741
194 599
6 664
238 921
242 517
237 834
318 584
162 619
171 533
415 766
33 924
302 686
338 897
34 678
474 550
410 730
134 891
117 568
344 540
68 686
105 783
134 815
373 620
271 888
154 807
350 726
144 821
413 808
167 927
209 911
152 855
247 647
316 591
86 751
120 554
9 676
92 867
293 741
25 988
218 834
228 760
342 990
160 672
202 691
182 898
289 588
484 947
249 706
73 585
293 911
253 640
224 646
209 501
406 777
81 504
105 814
254 601
468 668
217 727
249 876
335 516
110 922
109 927
204 759
369 525
146 920
23 975
19 716
43 806
124 856
259 902
30 728
243 953
431 671
40 852
237 637
300 709
166 738
286 799
314 697
132 879
450 660
309 710
334 782
343 797
335 713
44 728
375 675
270 722
384 680
457 610
194 904
402 698
376 521
50 541
207 869
129 587
267 827
391 913
434 708
12 876
182 876
194 770
258 959
391 583
129 694
365 620
264 581
332 985
47 808
135 555
404 706
446 504
179 549
408 668
11 803
26 568
17 667
181 692
479 780
316 527
5 759
49 969
197 542
420 784
1 927
244 994
194 925
391 936
488 661
118 547
133 535
62 860
300 986
215 541
36 690
493 711
242 805
222 906
462 597
374 930
282 874
101 527
449 595
434 605
144 653
346 512
17 560
427 506
274 618
436 866
224 748
246 790
104 904
415 668
426 792
40 622
215 917
40 822
181 947
13 923
453 985
138 906
143 745
342 963
359 588
346 872
490 742
232 782
317 901
352 587
347 945
493 678
399 754
353 534
342 876
120 880
129 587
185 747
31 994
411 851
251 983
100 676
231 931
201 798
460 895
13 776
289 546
4 654
283 685
29 723
9 946
65 955
184 723
335 523
236 902
87 961
465 761
395 640
273 999
373 829
452 673
207 783
162 572
140 782
34 922
97 853
392 606
64 906
240 702
371 793
448 724
394 673
446 655
486 980
313 683
225 973
30 822
162 750
378 888
131 917
308 572
273 556
195 853
133 613
322 906
143 888
330 531
429 875
263 648
386 783
155 595
397 512
237 828
10 647
415 612
66 889
491 874
22 714
240 932
484 610
110 528
388 817
258 992
428 832
188 764
193 944
482 711
39 672
266 923
337 855
460 716
54 891
352 614
340 706
319 891
29 977
174 993
378 530
158 727
9 800
217 753
293 620
248 549
224 695
238 798
20 549
462 857
375 759
152 652
341 538
442 799
47 749
451 788
54 512
30 959
149 540
51 703
290 965
80 592
238 576
284 940
276 944
303 605
117 875
408 927
121 528
298 879
20 794
321 733
18 719
327 628
34 839
398 814
265 851
372 974
16 605
168 542
379 779
364 712
28 699
123 512
141 720
120 858
282 930
440 561
450 503
243 618
203 977
209 729
245 885
158 538
170 584
451 800
436 618
354 613
325 984
161 765
431 830
15 576
41 552
426 703
487 819
213 776
72 556
408 910
493 878
227 747
94 908
360 695
343 842
484 951
86 615
450 895
62 749
235 665
329 733
355 900
187 741
162 668
429 707
68 529
232 973
448 718
416 572
228 857
437 891
156 618
173 816
421 938
99 917
363 630
89 912
43 699
271 638
407 642
458 752
107 723
354 866
477 908
205 711
333 856
468 978
54 643
119 899
160 897
137 872
483 957
69 899
257 626
396 993
278 784
160 957
174 843
67 989
446 618
385 502
19 780
475 856
329 993
427 759
91 824
361 761
194 691
224 529
117 943
112 786
269 833
64 694
160 630
161 602
39 698
159 828
12 661
375 684
375 986
459 552
192 745
490 642
129 558
57 570
271 629
431 728
416 778
435 811
181 921
60 874
497 848
249 916
101 954
286 912
65 653
376 681
58 601
47 659
370 983
286 819
495 660
8 996
235 811
276 894
157 600
377 961
249 626
52 669
205 646
272 1000
475 916
290 831
445 764
189 873
85 581
198 795
172 979
205 954
192 547
120 783
2 677
69 513
97 906
152 591
86 601
150 527
111 838
84 890
325 711
353 985
221 996
80 848
134 828
287 689
263 814
348 953
451 651
31 754
149 920
85 950
424 563
8 642
466 756
188 762
380 784
499 566
11 952
292 875
8 906
34 972
202 803
184 574
126 812
157 848
130 510
28 623
36 793
76 614
326 946
326 781
217 722
346 938
383 772
333 763
20 632
247 824
215 528
363 826
298 793
410 868
206 633
295 805
317 955
442 681
356 768
266 822
318 764
260 874
417 636
452 814
99 657
213 806
286 805
50 707
352 743
487 948
1 560
344 682
274 838
342 501
56 907
116 826
160 517
179 910
180 713
117 876
138 645
128 811
313 876
475 748
48 699
91 969
73 532
136 740
290 947
258 760
289 814
496 659
326 830
499 865
307 806
444 752
279 570
407 696
175 933
215 845
348 581
227 806
435 980
148 610
248 994
4 938
366 965
199 901
29 525
29 750
213 572
441 556
16 536
406 781
84 523
312 814
66 927
263 556
211 984
195 811
396 824
55 993
65 643
149 712
429 956
305 616
10 928
52 926
171 875
428 898
354 573
31 532
236 659
364 878
278 607
450 973
102 926
350 889
184 547
465 742
477 647
302 973
367 653
396 579
317 850
322 535
398 657
157 837
200 544
231 535
197 534
167 728
29 799
355 860
377 962
167 942
198 772
13 833
52 976
179 951
143 851
169 916
4 843
480 951
461 791
375 743
236 795
61 818
237 610
214 529
259 671
354 531
362 886
420 603
334 841
100 646
394 692
388 667
371 598
116 700
292 843
292 853
388 686
311 941
288 933
309 525
351 750
500 692
108 531
60 762
324 752
394 860
434 794
338 731
204 602
396 684
492 676
14 623
270 996
301 990
89 564
379 671
61 755
231 610
55 579
446 585
229 704
112 737
180 516
203 930
434 582
109 695
382 578
401 628
181 925
487 584
186 978
282 838
56 626
68 974
101 621
128 751
166 767
125 841
462 725
435 558
392 873
263 524
297 726
27 622
161 984
262 969
174 856
322 825
160 764
296 548
291 596
131 841
416 695
275 883
44 913
48 793
225 629
104 765
74 604
290 956
303 583
230 657
139 903
198 940
144 979
330 767
440 526
460 747
293 832
73 505
210 749
325 808
244 792
456 560
53 561
54 551
141 564
191 901
170 708
331 852
377 661
419 767
197 925
355 753
179 865
465 739
42 668
260 946
242 903
109 748
287 871
458 900
297 540
138 809
358 907
402 976
272 795
368 698
368 597
455 666
250 703
132 971
113 744
126 869
300 790
23 941
495 803
225 691
3 508
455 874
183 610
302 565
14 799
70 690
426 556
474 748
467 727
372 952
378 603
150 733
439 719
141 906
84 875
89 613
498 874
371 942
170 691
31 847
32 954
200 877
314 872
398 567
470 697
239 965
482 544
177 568
433 504
107 503
311 638
481 893
352 673
182 772
167 647
368 853
405 695
327 729
194 878
248 816
406 917
429 894
115 843
365 671
401 505
8 828
110 624
146 602
53 935
183 902
149 792
362 942
239 656
419 631
362 775
499 973
223 936
91 874
216 603
336 632
307 906
149 734
303 501
451 850
46 765
18 964
423 520
66 773
236 675
393 602
451 579
145 929
111 705
203 709
478 539
81 853
147 999
264 564
103 770
432 670
248 873
297 750
270 752
143 654
70 640
100 805
113 554
481 700
321 621
28 682
407 573
187 805
412 774
220 554
28 870
74 675
212 972
44 987
200 525
497 594
234 776
396 649
34 914
189 607
398 516
341 737
431 931
57 821
115 831
111 564
394 646
27 660
260 761
65 684
405 700
391 617
61 895
346 750
442 878
133 967
411 746
68 582
182 685
330 946
113 689
230 821
278 702
345 823
222 889
67 962
213 596
92 728
413 780
150 918
28 951
486 825
311 704
312 803
45 910
444 777
363 811
435 945
280 835
278 726
358 819
257 932
475 809
253 731
432 908
117 528
162 770
408 623
144 502
353 739
131 501
285 678
319 997
71 769
25 896
125 988
45 738
7 933
81 588
129 680
305 714
420 822
457 955
257 843
14 795
164 986
89 785
141 970
359 667
267 586
145 655
14 687
288 696
110 559
296 516
332 880
213 604
348 770
381 691
434 567
102 663
298 761
109 617
315 996
277 606
469 893
291 961
46 912
366 795
166 900
228 707
438 682
215 797
129 565
275 730
98 683
328 909
244 597
237 653
405 589
237 927
171 636
442 643
434 779
28 795
139 613
70 838
36 676
343 945
469 543
348 688
396 961
243 714
325 602
43 639
397 534
464 999
420 885
224 784
332 816
187 679
264 967
207 818
37 779
356 722
347 755
273 934
95 912
55 551
129 615
454 706
420 862
212 530
43 784
467 536
313 769
344 705
448 584
98 792
205 737
140 793
185 688
488 576
238 588
169 982
188 555
190 750
239 585
366 579
335 921
41 760
31 762
314 510
393 596
90 958
398 735
318 734
134 636
243 677
182 680
450 872
55 855
51 548
160 887
488 656
39 712
179 766
336 550
103 897
490 774
430 644
4 967
231 555
148 741
454 645
225 953
337 582
368 880
396 558
320 866
462 745
11 524
177 788
467 885
50 853
1 972
81 736
218 917
359 778
20 754
352 801
314 523
124 574
81 530
90 752
76 699
439 988
345 883
97 619
472 964
88 827
203 765
200 738
458 595
209 686
176 541
176 790
325 812
235 569
7 781
53 538
87 810
15 959
10 985
383 975
104 840
240 650
267 809
351 944
22 862
191 594
272 645
103 852
413 595
373 886
166 733
283 789
454 748
315 947
229 849
209 922
270 952
67 690
219 882
65 717
278 757
493 897
404 517
223 553
363 920
313 668
14 883
306 528
334 824
62 561
353 583
282 756
470 830
166 909
374 732
272 779
401 548
73 757
35 783
215 513
209 899
341 986
117 943
295 585
393 998
457 807
378 737
347 505
261 838
76 609
4 863
348 824
467 955
298 923
26 824
476 785
262 592
457 588
40 983
313 610
455 980
139 682
460 829
362 817
46 839
437 518
161 787
139 606
143 565
152 928
330 752
272 927
421 568
269 772
175 994
67 654
374 600
181 820
473 667
358 540
234 570
367 986
263 623
310 751
409 921
33 784
171 736
495 786
443 959
276 846
409 512
12 727
363 847
93 568
364 933
357 513
198 572
88 953
438 899
396 965
217 633
424 588
347 823
97 924
471 555
293 712
376 870
168 888
461 692
176 878
471 601
54 842
268 859
336 924
306 736
341 720
69 742
189 767
460 852
357 759
289 828
149 855
371 805
460 727
35 702
437 746
157 758
199 740
340 853
149 936
73 844
123 810
231 836
36 509
468 737
131 718
462 539
415 890
332 791
38 815
345 816
316 511
136 784
294 672
31 784
249 665
105 948
2 766
435 648
208 784
319 905
230 933
89 682
95 559
6 683
330 648
155 782
127 645
434 835
187 926
339 624
354 540
8 819
8 562
220 678
358 718
445 805
110 849
182 910
423 658
308 781
9 926
216 899
185 827
236 886
402 854
214 510
494 817
36 798
158 745
170 787
261 923
323 913
227 596
163 730
154 663
151 662
30 808
216 727
450 682
256 786
429 912
284 631
375 800
102 545
369 689
66 598
17 721
77 840
341 979
82 682
478 678
284 563
173 673
147 822
275 951
152 719
88 807
84 561
79 568
31 619
229 953
188 778
385 871
105 878
224 919
326 644
342 562
120 769
419 835
408 509
384 887
97 546
365 539
220 989
176 879
345 548
33 518
455 914
127 975
117 558
83 758
243 761
344 833
295 770
193 960
155 866
190 642
38 646
8 660
91 703
458 637
120 694
216 545
262 872
447 578
194 985
489 954
304 748
488 683
463 557
161 961
125 879
483 660
80 511
281 707
231 768
170 681
7 594
186 894
424 674
442 887
317 681
113 992
331 871
100 687
225 1000
112 711
482 786
369 829
315 643
57 542
299 929
140 642
237 764
161 614
327 816
227 811
324 774
131 886
61 800
445 840
324 696
373 682
127 568
495 877
276 826
289 642
157 560
441 601
368 514
3 897
94 912
28 527
460 876
100 543
237 744
418 733
43 743
303 970
477 556
385 556
424 784
383 747
233 630
474 999
80 533
15 952
200 754
94 505
242 627
357 553
86 648
142 598
296 844
85 516
121 727
270 948
497 997
419 847
332 641
454 810
250 995
297 915
95 659
185 582
44 846
372 888
365 747
373 602
40 642
149 555
157 501
366 534
364 839
7 808
483 969
492 969
84 651
211 678
231 621
348 823
107 853
104 554
477 643
3 626
382 744
83 688
142 883
421 699
246 924
35 692
98 810
217 840
9 945
482 675
172 967
415 906
172 994
91 827
127 896
354 537
392 910
104 658
457 776
157 578
50 991
357 594
397 799
193 868
462 946
12 978
422 945
387 612
145 534
340 687
171 531
463 557
406 724
405 538
10 554
339 741
300 883
32 524
124 776
31 941
56 632
98 862
493 848
494 697
43 783
165 694
66 987
121 577
423 854
341 793
178 929
193 824
449 977
484 643
311 833
263 781
400 844
100 589
5 831
175 942
86 575
382 911
246 653
114 947
397 730
289 984
144 698
178 645
380 990
442 795
466 730
96 725
470 582
234 785
157 737
263 681
122 778
201 824
443 965
213 987
273 918
27 736
433 703
376 712
155 773
70 941
392 579
11 837
139 756
73 503
170 790
42 611
414 630
458 939
396 691
230 818
418 722
316 812
328 685
110 794
350 677
148 502
479 518
169 905
12 1000
376 788
63 659
210 906
100 982
170 524
245 549
104 661
311 899
465 701
426 833
29 963
321 597
425 882
49 814
110 992
442 649
94 668
417 583
109 735
22 891
32 756
372 792
431 533
251 943
219 543
31 517
92 558
376 798
379 833
227 602
57 515
188 549
78 629
268 797
105 513
286 521
106 774
466 679
403 933
392 560
352 850
15 954
82 969
117 817
25 515
432 987
256 648
102 843
163 783
12 583
391 610
334 949
336 979
357 815
151 867
253 591
330 649
295 884
138 916
318 539
275 948
59 855
325 838
174 924
126 835
54 843
317 760
364 934
58 551
217 817
315 849
67 939
315 956
400 505
16 865
207 963
447 591
354 881
49 691
13 557
322 962
266 579
261 673
485 988
237 599
409 681
441 654
15 773
131 885
497 814
240 737
83 970
138 795
468 809
226 569
283 816
229 612
391 521
468 892
379 844
385 665
322 506
46 923
215 688
282 925
494 743
129 948
212 633
117 784
322 658
205 880
448 590
409 825
153 918
358 595
180 952
236 588
218 580
262 962
315 770
467 972
219 908
372 1000
488 955
372 856
227 976
132 951
409 793
241 761
26 505
442 804
244 943
83 613
264 570
254 959
18 805
216 900
125 764
418 990
367 828
25 602
480 954
409 596
105 592
12 805
259 965
306 803
139 620
70 530
376 625
392 535
85 905
24 971
142 555
322 670
295 627
249 774
147 899
172 505
116 754
67 742
442 800
330 592
271 660
490 565
468 981
171 818
304 826
457 587
9 634
323 650
393 794
250 616
331 800
154 730
22 635
274 787
221 647
426 980
303 573
56 924
182 570
470 905
8 776
418 888
201 573
303 945
13 683
57 550
280 597
22 714
27 743
384 692
276 876
201 883
132 919
264 540
156 595
352 560
256 981
50 832
183 913
492 943
363 552
80 732
386 783
143 851
140 969
201 908
42 871
298 804
49 654
22 890
285 559
213 631
82 620
291 743
410 952
273 923
57 970
480 834
10 914
341 972
396 666
45 529
343 572
367 851
134 896
485 648
373 775
277 838
45 685
20 549
198 989
446 874
168 996
263 944
323 793
145 715
188 977
89 503
42 862
477 527
139 745
203 789
47 678
46 643
115 797
121 732
239 835
130 588
429 703
271 750
272 647
186 502
62 682
435 546
354 627
287 639
96 980
22 844
110 701
236 744
171 968
252 655
314 584
271 587
27 994
282 801
468 660
157 872
325 688
311 578
48 660
28 501
477 616
147 648
155 593
101 829
184 633
201 914
293 929
439 988
252 688
208 542
191 973
303 643
123 985
165 546
38 635
129 740
343 857
133 586
296 726
55 910
449 987
263 628
105 524
358 849
270 931
252 545
61 810
254 856
346 865
331 743
310 847
366 588
220 750
161 977
259 517
121 770
20 851
467 967
131 814
41 981
9 966
13 553
92 770
393 719
138 875
277 550
307 632
133 963
436 816
174 563
125 534
260 524
311 826
67 732
437 774
210 518
369 726
434 644
190 591
79 834
457 914
262 823
410 575
235 557
312 918
299 522
88 698
283 506
347 790
22 875
411 760
159 687
425 553
496 713
308 922
400 708
170 819
439 817
190 721
64 772
345 657
423 664
53 681
362 968
464 506
454 503
27 517
300 924
155 759
436 549
355 954
487 709
375 974
349 811
262 590
151 714
81 856
371 502
298 631
153 977
492 803
348 580
281 743
469 705
275 933
239 727
242 798
318 610
19 967
215 922
176 660
459 767
314 674
97 946
109 568
218 624
174 744
19 791
163 883
222 961
189 912
80 623
7 681
334 603
464 528
46 873
255 565
7 745
375 823
470 995
390 505
125 835
471 588
362 693
300 794
63 890
110 767
419 781
80 555
390 869
224 730
201 965
490 867
311 671
286 920
127 803
487 506
83 978
420 815
391 854
131 762
74 779
465 787
288 866
473 649
210 844
173 824
144 751
89 705
156 835
274 836
18 691
268 554
33 953
478 883
125 599
291 602
180 749
315 681
326 985
495 840
205 709
32 540
293 587
496 565
211 797
404 502
13 973
219 971
17 592
449 763
161 612
300 718
232 819
174 688
