112 983
404 642
271 551
48 731
50 822
453 790
113 683
301 719
188 588
46 825
138 941
407 551
1 972
292 794
69 705
414 678
162 546
181 693
223 829
73 623
129 990
260 882
73 523
25 516
370 942
154 524
1 955
216 942
274 642
112 681
278 593
117 966
235 992
242 978
403 713
27 951
183 720
430 718
368 724
312 585
358 775
205 624
49 850
125 790
363 849
48 808
153 933
284 905
104 655
320 826
404 799
63 798
315 974
431 895
213 832
232 691
165 887
271 736
108 720
296 513
83 745
182 804
99 751
142 554
395 708
245 975
88 759
331 515
152 874
268 794
132 552
451 515
221 699
31 544
162 594
169 860
470 924
219 587
21 839
337 917
387 936
35 730
158 904
204 793
89 626
168 807
190 557
471 923
138 617
23 777
273 787
302 715
457 997
307 643
151 724
98 593
135 594
376 659
84 539
89 691
157 845
393 778
170 972
270 764
198 776
291 587
367 553
274 884
338 997
166 824
33 932
56 570
433 792
344 899
500 848
212 509
286 866
342 881
318 807
176 759
133 574
23 967
197 797
52 782
108 525
366 706
102 611
16 764
348 603
491 623
323 760
391 585
164 694
159 654
80 771
460 830
393 967
493 787
23 847
359 812
74 917
68 571
301 663
375 611
363 769
334 591
189 916
11 756
237 853
482 506
383 824
452 873
72 925
368 984
500 779
446 980
334 955
145 928
462 582
77 899
43 544
103 956
219 839
446 963
323 556
202 941
36 544
229 820
478 503
181 730
109 802
102 691
315 801
431 573
201 966
59 932
160 973
111 695
232 696
494 631
102 750
457 606
238 911
358 731
25 621
37 602
28 598
64 752
369 864
239 663
39 858
429 536
432 773
45 764
158 872
420 546
137 934
11 759
143 708
51 703
144 963
472 813
240 547
118 652
470 509
18 639
408 765
107 987
142 839
41 903
328 547
497 666
217 745
275 922
386 546
123 544
407 825
238 582
414 607
17 656
440 598
421 694
251 903
38 772
281 703
304 864
191 821
26 745
485 535
145 615
197 806
454 542
327 593
327 701
242 594
239 867
46 553
415 707
263 919
273 946
107 688
135 868
482 716
363 696
447 864
178 970
48 547
234 865
329 896
56 587
341 718
306 803
370 791
291 957
283 805
427 852
423 879
289 905
369 954
150 887
486 841
369 614
62 623
90 950
469 958
5 895
31 976
410 838
500 762
348 764
489 792
268 565
440 644
459 624
209 897
83 612
289 536
352 688
110 952
20 650
14 766
47 892
76 596
92 662
242 995
129 762
51 651
247 955
342 544
159 542
26 835
64 925
121 612
229 947
69 734
278 814
454 524
249 545
242 589
328 749
313 545
121 710
74 567
370 722
65 604
33 792
354 816
437 660
1 577
67 874
450 548
63 967
430 749
280 869
294 942
218 806
66 931
9 613
469 876
258 687
376 866
442 860
384 715
257 522
273 965
196 525
369 573
15 559
350 873
268 513
426 848
247 727
412 906
165 654
303 777
193 520
98 955
4 677
347 502
454 915
446 659
476 760
325 827
67 820
142 813
343 818
312 598
166 880
455 688
422 603
3 555
135 832
193 793
389 773
216 717
21 539
114 737
46 788
440 961
442 686
163 572
379 602
347 781
112 903
181 566
342 519
231 696
121 515
285 596
343 939
500 834
17 635
131 932
453 589
444 652
63 630
290 885
43 751
174 985
462 981
243 694
322 720
79 665
425 507
228 634
272 681
168 906
12 877
347 752
173 791
159 941
125 791
259 595
38 838
110 773
167 838
457 594
451 939
376 874
414 952
445 565
252 677
67 754
438 547
201 724
112 804
165 729
131 842
279 636
247 569
190 807
463 524
114 583
201 685
405 921
190 532
270 972
32 907
490 760
257 728
103 965
437 913
69 517
158 869
156 734
193 800
389 710
494 701
174 692
53 965
335 933
355 714
129 535
177 974
265 965
432 915
494 513
49 967
460 650
151 581
463 708
279 797
132 846
416 977
99 886
110 704
137 851
45 730
264 975
357 932
142 971
305 509
329 672
51 848
186 954
177 684
10 992
120 707
104 722
66 741
349 598
113 506
168 768
154 954
95 964
68 792
463 904
11 722
238 766
224 991
72 503
208 699
432 637
483 930
211 780
282 780
218 583
288 677
132 551
59 743
279 849
110 736
451 817
287 845
431 545
110 918
307 903
344 686
49 556
494 760
414 695
31 944
473 565
242 945
112 734
163 802
81 674
449 518
142 915
311 717
404 531
43 898
364 862
466 532
161 606
173 869
50 506
54 920
124 918
216 751
176 581
4 754
365 610
311 762
58 857
209 963
89 811
410 982
308 861
38 619
22 671
161 505
71 989
82 928
277 790
451 948
222 999
209 599
232 696
299 842
84 901
226 725
290 504
316 521
102 889
487 879
66 786
216 790
117 743
15 525
484 882
98 700
333 540
4 533
10 903
443 776
38 870
100 952
230 713
469 764
266 836
472 824
393 506
55 778
26 882
362 595
183 695
488 718
28 607
469 534
274 841
148 512
484 552
260 619
378 627
487 614
192 962
95 733
244 504
320 938
290 776
210 635
305 664
344 669
33 914
338 777
246 673
242 521
45 640
56 858
433 902
287 796
432 617
197 583
295 888
335 719
93 608
15 945
27 731
465 976
101 646
234 606
364 985
125 625
482 970
480 831
248 961
318 567
230 900
68 998
286 748
377 575
182 530
385 607
447 974
374 571
116 901
474 880
245 507
359 558
343 729
343 519
155 848
126 678
301 678
492 598
145 971
165 693
165 839
258 514
22 522
462 770
413 889
162 672
357 771
336 628
443 789
270 920
495 713
364 900
198 553
251 914
300 960
471 801
26 665
312 622
208 628
91 535
103 610
369 584
126 989
142 983
343 543
366 935
40 532
467 673
45 818
154 868
421 949
454 515
206 804
227 701
266 783
51 637
299 918
7 890
123 923
492 879
217 707
44 501
269 886
15 899
395 852
182 577
278 536
171 978
453 753
169 839
197 721
33 578
249 588
330 894
351 982
287 888
143 771
450 689
337 786
455 766
194 592
74 937
111 620
85 999
485 871
64 767
69 579
359 567
5 667
99 873
175 972
129 583
345 690
485 826
124 985
429 716
486 851
20 803
283 915
87 590
139 795
182 741
195 708
88 805
47 804
487 607
310 838
344 914
390 538
66 952
495 969
322 770
238 969
248 949
359 538
235 660
20 767
141 780
349 857
250 974
172 822
373 854
403 587
334 943
412 632
447 991
36 599
148 644
111 637
373 983
437 730
180 509
139 712
96 957
392 507
431 541
406 549
461 835
212 984
494 510
353 782
132 775
9 582
328 731
428 737
44 575
293 553
138 965
331 858
404 607
1 711
63 734
302 653
456 869
333 764
484 829
45 586
213 917
245 670
274 886
188 574
45 565
38 572
104 828
493 850
230 523
188 756
279 906
185 769
11 598
266 624
286 914
224 681
445 911
368 730
450 823
250 708
161 718
359 938
48 788
390 980
39 863
425 967
394 912
44 730
21 616
333 545
31 773
331 840
421 703
130 877
310 826
158 893
76 883
478 785
186 935
333 901
396 502
272 936
6 658
375 841
407 555
91 921
250 567
235 523
137 999
29 924
156 861
215 819
143 801
14 729
136 700
238 995
88 647
214 584
240 900
127 862
368 503
247 535
449 558
156 921
38 775
72 548
364 837
149 535
206 760
256 591
395 593
41 734
392 707
18 973
329 571
484 1000
65 933
426 601
76 901
485 621
271 748
41 773
370 985
292 833
288 622
36 680
238 711
86 893
229 947
143 995
385 818
234 552
294 953
256 658
79 860
446 842
236 595
307 838
211 937
53 643
267 660
331 844
55 563
363 520
183 836
317 849
316 938
74 576
181 725
338 522
134 749
442 901
91 840
81 829
446 514
404 545
119 743
414 880
366 905
169 504
224 662
420 551
39 1000
15 582
426 890
368 898
3 788
44 712
397 862
260 882
262 822
84 961
347 840
74 542
320 853
196 955
233 838
121 937
353 977
324 786
485 701
73 538
440 874
347 529
384 529
163 766
248 538
51 674
450 921
494 953
245 602
182 976
486 946
285 880
303 753
426 861
186 974
70 623
219 982
253 621
135 934
239 763
464 832
181 957
125 589
15 769
400 584
351 929
105 847
171 801
228 590
302 994
205 783
42 806
240 682
71 976
427 546
288 674
200 962
164 675
241 774
467 747
199 701
108 519
14 870
125 791
117 720
234 821
197 533
252 974
313 923
5 775
208 826
248 974
361 776
392 985
254 754
240 843
273 685
361 828
135 643
351 791
190 811
197 866
210 507
49 959
261 967
32 919
437 646
215 560
494 969
352 597
359 655
136 997
264 741
120 624
98 955
453 927
306 539
410 545
272 656
47 642
441 678
262 965
90 962
377 636
21 615
467 999
364 983
114 962
93 753
43 694
210 818
395 863
374 810
407 822
436 990
225 894
176 812
250 994
28 1000
81 885
310 942
315 582
36 710
457 565
367 547
340 546
230 579
64 799
237 767
192 962
366 908
312 750
48 703
499 660
346 565
438 559
17 952
416 676
134 915
100 653
299 784
87 857
111 626
36 784
17 592
335 927
99 722
449 763
172 826
369 880
390 602
306 755
153 700
221 669
384 667
443 809
316 516
322 831
471 879
401 501
158 616
376 978
446 528
408 695
408 640
487 596
457 818
202 523
31 739
138 726
489 857
497 642
183 536
361 705
198 987
433 559
294 835
146 507
460 867
144 841
249 722
147 890
297 849
230 648
135 762
349 841
100 771
289 930
411 581
469 674
328 843
285 616
492 638
304 603
326 639
271 979
202 561
201 939
247 913
409 958
235 603
344 718
330 825
429 936
288 591
157 798
258 958
159 991
300 582
288 757
438 766
259 999
487 540
243 849
234 931
429 549
24 555
225 799
405 552
157 648
484 553
142 753
498 638
211 723
77 803
199 964
251 900
417 816
227 969
485 667
230 789
238 983
348 1000
444 938
171 667
345 658
91 520
488 633
220 592
429 798
161 667
20 835
219 995
425 950
451 936
79 742
110 583
394 690
461 961
353 648
114 774
267 626
11 954
390 868
81 591
419 704
112 839
420 949
56 746
207 853
114 830
41 628
90 991
120 520
154 918
491 697
86 912
125 807
97 619
299 698
354 817
198 778
346 722
8 773
374 534
187 615
378 610
372 600
350 532
302 740
285 814
264 745
63 839
370 529
44 669
397 854
409 937
66 779
397 570
402 554
299 725
229 958
439 817
170 805
3 956
279 657
418 726
3 958
465 524
137 523
220 563
132 900
325 908
284 642
474 596
333 689
239 725
86 770
195 858
313 650
339 973
170 812
278 830
159 852
162 664
424 743
286 714
380 985
436 696
272 731
226 876
332 578
322 750
167 620
97 640
472 532
309 883
15 706
300 739
342 986
435 789
445 931
447 562
355 806
464 941
24 991
421 532
462 916
63 993
256 838
30 550
374 509
401 615
199 826
164 753
27 831
294 857
101 626
420 798
330 795
193 807
496 697
481 592
361 619
465 773
378 851
154 532
9 650
336 823
159 721
253 600
200 593
138 652
383 906
463 987
359 576
181 957
46 751
330 549
206 859
318 728
170 637
331 690
300 569
39 810
264 763
329 867
105 955
4 892
1 645
120 508
28 677
393 785
415 875
336 782
227 590
224 573
390 911
358 868
372 686
431 855
11 631
28 739
271 922
16 670
378 560
375 551
443 785
309 900
240 924
30 978
426 886
166 600
327 525
296 844
244 816
44 919
95 591
41 528
271 529
435 811
85 712
149 896
275 648
211 691
98 733
231 944
17 639
133 803
362 511
67 697
40 730
356 840
42 623
185 622
102 843
282 999
343 587
167 653
124 533
128 868
413 738
449 857
305 862
424 607
31 952
163 527
287 992
483 981
94 826
432 509
350 666
221 723
160 838
152 807
161 804
435 502
158 781
380 832
332 815
160 815
143 906
148 561
352 925
310 550
12 691
116 760
435 523
465 788
490 639
269 707
83 562
365 824
57 682
291 608
377 630
349 998
96 726
64 550
476 956
301 828
198 967
174 506
197 713
428 607
465 622
65 853
492 831
66 769
58 829
389 501
108 958
464 872
290 835
461 552
435 979
194 935
245 620
103 571
89 619
113 659
362 930
272 652
340 991
57 677
105 590
496 806
174 506
420 970
130 862
90 759
116 988
370 926
386 710
359 728
59 727
352 949
436 673
100 618
184 816
54 672
78 908
376 607
34 974
13 557
304 895
393 967
35 829
378 916
336 564
404 517
471 883
435 835
390 998
500 577
200 805
483 545
135 729
442 944
287 583
500 821
461 581
275 977
470 645
210 679
348 895
123 866
139 503
410 550
257 600
494 804
287 928
474 605
359 658
482 676
33 810
347 678
371 625
50 592
81 581
294 810
365 1000
227 545
279 907
364 638
286 601
105 660
352 984
71 503
377 729
394 891
301 734
232 602
269 519
394 837
136 548
327 921
310 926
178 744
232 929
395 835
29 828
468 627
458 796
398 716
324 644
48 943
300 672
423 555
340 763
47 730
152 707
155 804
260 819
446 964
374 605
189 654
359 886
402 941
435 896
375 764
364 537
439 920
213 992
73 540
65 681
325 754
10 773
36 831
327 707
437 916
260 589
486 599
207 573
482 774
158 767
75 508
202 689
47 995
316 800
51 848
298 521
66 637
305 566
475 564
383 856
283 541
354 767
126 702
66 624
300 995
209 785
238 779
110 833
312 861
475 955
235 929
299 920
67 702
198 558
211 573
305 823
154 642
63 873
318 919
496 816
71 969
316 990
347 755
230 531
10 717
124 594
388 723
236 587
255 501
97 975
282 666
334 601
493 956
175 813
381 671
109 982
390 772
239 621
82 988
126 612
233 948
302 954
378 842
59 995
204 512
491 648
482 821
360 553
136 505
56 835
15 823
347 969
413 522
309 688
90 555
497 861
312 750
133 773
366 523
386 619
36 507
134 929
176 751
431 596
471 915
470 627
101 668
3 656
361 727
219 908
88 951
158 866
306 811
32 955
393 610
296 951
193 978
88 869
332 556
188 772
297 950
290 652
138 676
124 786
496 817
192 589
436 631
126 565
461 758
94 846
1 855
283 840
431 990
486 918
272 595
451 602
142 659
435 584
441 963
238 726
274 665
445 602
2 719
342 740
55 683
385 560
45 679
228 636
360 625
435 997
123 626
118 890
362 902
15 603
338 522
408 648
328 711
127 935
109 919
498 528
286 928
251 893
428 781
95 518
330 928
484 796
103 613
186 924
377 834
138 699
82 874
353 798
309 925
214 779
369 950
120 805
5 861
446 521
82 823
360 919
65 669
33 795
500 642
410 920
463 804
116 617
256 822
287 696
95 632
429 985
376 948
428 927
84 528
293 685
369 863
216 1000
231 542
77 798
420 726
338 818
353 906
275 928
135 539
349 577
195 675
263 823
207 783
143 720
389 770
207 659
398 779
205 805
328 737
340 998
198 954
458 633
265 833
95 613
208 627
144 937
196 908
469 503
196 872
445 728
463 911
139 861
401 948
244 820
83 907
4 843
19 594
394 697
233 688
354 592
483 923
430 795
481 865
246 786
215 604
218 842
392 651
497 979
30 911
311 598
225 786
163 777
259 652
377 633
143 606
283 970
110 719
80 602
456 592
84 870
495 886
127 764
132 992
89 725
258 879
104 754
486 777
235 960
100 900
323 517
5 594
4 747
94 899
81 550
499 585
483 848
253 736
58 755
63 676
268 805
416 603
161 724
335 804
63 722
458 774
292 556
365 653
174 734
34 660
320 947
418 709
261 625
338 829
32 793
444 678
263 615
483 814
345 548
369 686
90 562
27 785
475 573
389 789
353 910
60 877
301 632
105 824
275 772
256 558
96 593
66 565
234 813
416 737
135 759
296 778
135 887
25 665
240 728
340 904
340 546
492 986
180 937
5 723
370 521
471 844
418 815
247 577
271 609
404 765
104 659
326 873
69 646
39 596
290 644
326 583
279 602
95 689
422 863
59 919
238 713
347 564
115 828
156 953
460 665
25 604
432 843
479 779
267 924
419 983
228 548
282 786
329 534
214 705
226 571
397 578
112 662
421 664
248 772
256 524
497 794
473 520
449 507
213 582
53 555
428 713
381 613
177 700
191 951
339 553
284 640
199 783
256 864
248 800
37 751
421 920
204 722
364 552
388 931
371 879
53 812
86 590
49 532
123 923
81 884
167 683
323 967
324 974
257 908
288 871
233 632
435 679
200 592
437 757
28 527
278 547
393 999
112 836
127 983
417 610
273 775
10 760
194 566
40 539
391 757
40 721
56 961
467 737
270 667
34 797
137 599
380 550
297 571
420 854
345 669
364 573
10 502
163 535
225 682
159 971
194 787
58 803
178 621
104 860
60 909
239 744
300 728
75 592
474 855
463 716
328 976
20 971
242 930
417 654
255 990
342 842
405 983
43 890
419 769
322 978
183 788
247 510
103 870
121 729
463 851
487 501
302 592
170 703
359 628
54 532
368 578
296 701
159 571
416 793
352 940
310 784
168 814
238 580
54 731
331 865
111 732
42 652
77 825
212 860
114 690
158 521
197 581
151 827
268 518
415 634
298 940
36 717
477 931
495 532
129 572
64 635
248 552
336 677
398 851
309 965
326 700
483 959
330 937
427 540
103 834
15 696
297 644
348 705
212 722
482 898
13 810
430 814
496 522
302 765
152 753
421 790
247 573
382 805
481 626
392 707
365 746
144 503
77 709
190 923
41 751
470 544
390 900
7 785
414 601
374 949
437 684
277 551
327 767
189 532
443 713
108 924
310 770
420 797
74 990
364 806
75 825
239 554
430 532
249 875
371 575
222 693
198 903
4 981
450 759
225 679
266 847
443 630
24 857
254 908
102 892
401 661
457 760
439 688
140 682
401 552
12 917
447 782
454 599
74 620
181 644
153 974
58 830
111 633
157 667
274 601
285 886
477 622
465 622
264 572
