385 684
495 549
479 746
326 541
40 547
35 886
357 570
249 926
133 989
284 845
328 579
213 584
265 998
84 537
137 573
151 524
448 826
160 703
258 665
47 858
300 879
132 847
254 902
436 731
423 520
327 501
86 926
76 747
139 763
487 911
194 775
130 634
115 854
324 613
405 989
191 575
386 530
312 679
489 970
297 695
404 868
339 990
452 961
104 767
473 640
102 510
137 710
452 866
77 982
34 728
189 568
461 738
154 958
241 700
353 783
238 616
90 997
119 608
13 957
132 943
354 539
477 679
77 859
205 742
251 855
330 744
307 797
70 707
436 758
205 730
332 921
415 859
447 545
107 896
277 923
29 617
64 590
312 836
492 583
39 941
411 699
225 676
275 538
163 570
279 805
256 632
169 621
46 740
101 513
462 725
407 819
424 591
482 826
492 567
319 618
342 526
271 741
497 861
29 893
402 633
15 959
94 846
311 966
326 823
170 690
62 774
285 786
260 583
181 721
458 802
81 564
308 657
337 533
106 742
350 829
159 857
32 766
270 598
128 778
182 803
338 759
202 649
127 535
76 577
199 909
36 692
282 582
498 986
97 980
158 899
392 652
237 903
95 791
266 842
225 667
362 738
136 881
209 552
81 565
498 839
385 943
369 763
306 732
98 607
276 532
279 917
251 980
245 942
181 778
229 584
22 999
106 926
169 700
423 954
379 670
78 515
89 959
200 843
302 636
343 931
370 906
401 679
191 602
231 567
74 945
245 773
400 811
389 794
82 877
62 926
172 605
106 533
161 717
374 750
446 718
23 653
414 587
342 857
208 962
409 501
433 916
154 830
320 910
52 937
192 601
309 641
286 574
216 972
346 686
367 781
495 790
237 625
172 627
72 618
398 625
57 508
447 517
48 555
414 934
433 641
245 866
434 963
481 992
339 751
199 930
181 593
458 837
69 971
388 857
88 657
223 607
428 565
148 961
253 872
99 911
394 776
125 751
404 973
327 588
26 567
116 721
91 649
159 881
295 804
497 910
148 667
204 959
293 570
331 983
436 952
280 987
133 848
117 960
419 647
198 754
301 989
499 619
414 627
79 988
63 501
128 709
271 678
218 630
58 908
107 952
255 656
439 625
374 948
301 597
304 925
101 998
46 706
222 884
443 520
436 548
480 526
457 927
218 606
483 694
166 513
159 774
24 724
453 560
334 727
421 696
81 833
186 505
124 504
134 589
277 901
380 527
285 586
347 985
443 866
71 612
382 593
211 556
378 1000
232 663
270 510
109 952
234 882
148 976
173 503
77 801
125 532
435 897
153 732
152 661
462 743
318 930
79 652
387 863
207 875
498 622
334 714
96 573
43 613
386 927
445 540
78 687
202 698
106 700
495 911
7 982
408 628
278 828
283 864
56 672
146 703
76 563
363 601
344 518
141 511
58 579
488 542
200 529
2 987
403 562
430 643
310 611
249 1000
100 573
251 933
326 951
39 893
434 928
327 940
430 691
230 532
135 792
78 769
395 973
279 912
290 781
283 833
465 923
295 792
371 612
3 608
5 620
156 796
86 661
102 686
132 973
232 718
340 538
216 538
129 597
431 785
229 819
2 823
466 580
495 615
87 867
441 539
151 789
347 928
107 848
463 553
127 538
148 894
177 960
183 606
62 515
486 710
420 768
2 859
399 793
253 606
94 547
196 884
420 858
268 534
418 808
462 888
92 959
368 643
256 519
191 971
33 724
196 692
326 681
246 950
51 548
1 530
152 986
453 972
288 711
175 633
140 982
1 932
225 921
143 937
201 941
291 935
296 845
337 750
366 809
14 542
280 544
381 882
14 849
371 744
432 896
179 737
495 689
130 774
473 588
493 877
352 796
198 579
275 815
188 920
66 805
260 863
403 677
290 565
295 980
499 942
80 514
193 743
381 789
355 896
381 845
308 818
427 775
252 918
90 624
69 597
360 972
228 785
126 649
451 911
498 613
4 677
426 606
126 820
233 784
220 765
386 557
364 639
158 703
96 863
249 519
196 732
323 527
384 804
256 942
227 589
140 936
220 719
197 512
334 758
192 751
438 749
217 640
126 539
354 693
188 966
214 668
451 589
396 838
242 640
285 555
139 693
210 735
91 931
212 843
461 898
425 783
243 950
483 856
156 943
51 798
23 602
206 552
287 996
45 730
375 853
389 796
180 532
309 941
287 903
266 770
142 772
116 886
98 907
277 861
232 775
117 750
352 944
43 900
140 554
354 635
133 568
282 710
362 776
126 931
216 947
40 762
152 780
42 924
378 667
65 706
273 995
263 962
239 971
171 921
139 862
38 606
4 605
251 949
257 756
133 930
196 511
192 737
334 912
12 916
456 718
152 615
215 617
462 571
136 563
227 871
283 579
318 690
325 781
247 617
163 669
471 947
91 871
331 959
308 828
114 834
439 549
438 966
270 517
106 665
60 926
474 645
311 866
176 901
367 541
326 739
188 869
61 532
316 612
201 708
479 862
224 745
99 725
195 952
326 825
95 716
359 905
413 741
151 949
491 599
99 841
309 611
66 744
402 549
471 547
264 699
321 735
17 650
368 966
336 648
109 638
187 512
322 695
173 715
297 934
365 666
404 770
465 502
13 666
317 978
476 946
290 910
469 557
433 965
211 995
363 630
26 961
288 793
398 596
161 792
53 783
106 582
181 868
309 719
7 953
387 906
275 825
127 706
404 698
65 992
24 508
256 742
331 901
43 899
318 553
151 913
328 667
134 970
72 839
168 698
358 889
11 981
416 609
499 671
306 851
319 719
196 776
235 688
227 996
441 643
49 897
333 764
438 543
333 906
433 893
263 623
50 830
190 895
422 553
235 721
147 893
183 796
83 944
451 733
65 938
336 709
149 821
497 777
329 829
311 805
335 701
423 531
143 940
395 999
187 581
317 872
437 848
141 837
36 732
24 591
448 734
486 636
173 674
17 715
290 773
293 914
395 780
83 770
95 949
223 636
61 734
47 720
486 724
229 762
75 664
75 925
473 903
358 715
386 715
459 529
219 596
162 923
236 930
270 620
301 633
112 547
143 656
35 764
134 762
393 691
213 985
177 755
224 632
140 512
9 529
27 602
302 961
439 842
129 778
441 973
333 796
146 997
435 686
220 560
149 782
254 689
116 586
6 845
219 741
329 945
434 930
349 667
499 673
427 968
434 514
15 996
406 933
427 584
237 975
385 791
276 889
146 801
424 947
432 612
52 548
161 579
284 800
391 689
419 605
314 980
437 962
362 565
285 764
434 759
16 716
35 731
428 686
121 987
368 875
159 913
38 524
444 942
296 531
81 991
110 965
275 538
249 576
465 902
327 846
237 702
139 953
149 582
486 547
223 781
106 687
441 663
69 908
205 776
308 703
79 741
197 940
115 502
30 731
144 512
219 560
454 515
240 681
473 850
212 948
83 998
19 582
377 813
262 763
254 971
249 865
374 938
265 916
367 802
280 982
199 731
39 960
253 648
208 960
230 759
230 839
398 622
217 875
248 799
43 624
316 831
258 838
128 760
259 575
267 867
5 804
500 994
125 626
48 986
385 516
493 709
352 742
367 956
334 627
217 597
364 993
135 537
114 993
148 735
254 548
29 929
479 638
20 688
48 713
406 860
294 923
126 923
237 969
32 591
120 741
193 884
191 894
488 555
362 527
375 754
336 990
362 902
171 852
83 730
160 662
259 970
121 559
485 614
69 520
39 828
292 608
418 862
175 549
446 690
224 722
222 914
433 503
210 884
294 939
398 558
4 980
412 788
218 732
179 958
134 535
400 902
241 995
490 891
104 784
256 990
144 963
359 922
144 634
346 619
185 667
416 875
394 999
417 829
381 814
153 671
335 542
208 538
450 539
53 832
318 625
161 786
268 848
135 843
158 611
142 841
456 688
18 525
478 539
228 914
452 911
387 716
128 501
432 953
5 980
311 561
75 871
456 954
350 802
140 503
353 689
110 820
228 918
436 720
246 720
436 910
464 958
124 572
134 752
359 866
122 539
197 648
105 637
323 975
162 569
136 692
8 527
194 715
167 631
41 836
374 768
37 877
265 935
254 520
158 701
193 724
368 700
54 813
365 822
353 869
493 948
379 706
134 873
211 804
57 866
439 594
100 936
306 690
218 612
474 764
393 610
247 948
332 502
293 683
252 781
165 719
303 528
356 621
214 714
450 806
229 969
472 586
495 886
217 792
254 950
423 740
439 600
4 592
349 583
340 767
453 977
394 566
454 681
253 967
444 894
403 758
92 733
145 577
409 825
32 729
245 800
241 729
201 645
209 871
350 953
39 739
399 654
251 836
252 644
118 968
483 728
248 541
376 551
182 939
339 980
215 893
405 993
219 944
101 730
193 716
87 524
359 769
265 754
355 905
471 548
161 949
25 804
324 731
366 962
392 627
378 800
361 508
41 928
36 975
237 939
469 574
277 835
300 999
303 816
490 853
105 551
64 807
175 800
161 879
4 888
215 876
289 712
44 695
464 820
35 799
81 600
183 724
375 873
164 760
463 997
205 619
313 533
476 963
188 724
280 743
412 930
152 514
352 693
292 687
51 794
191 753
333 856
403 646
10 926
270 954
294 760
130 937
25 624
50 837
73 935
339 766
357 705
69 991
354 569
443 829
215 661
486 735
100 634
278 700
440 945
17 864
211 912
500 864
184 710
284 503
156 534
41 594
389 990
317 834
115 839
318 730
260 923
405 858
444 673
21 800
14 991
73 792
166 770
170 673
114 693
117 812
318 553
497 900
208 734
353 516
252 705
406 987
146 709
261 785
45 592
484 563
322 936
366 564
358 918
31 708
300 596
290 811
417 846
176 555
338 595
174 913
57 912
88 821
336 674
450 797
138 572
472 940
167 574
455 767
426 806
436 749
404 990
244 663
302 997
70 711
187 541
401 686
293 565
256 570
184 546
31 691
406 527
422 557
120 953
258 927
448 889
406 528
301 920
487 946
326 501
116 957
293 570
198 536
272 535
311 925
413 550
468 855
29 738
152 790
283 665
329 946
108 802
234 631
365 834
325 612
115 513
139 645
375 550
109 677
413 674
8 915
289 976
289 622
352 652
187 552
70 588
259 727
332 620
167 751
89 953
251 809
494 668
310 858
198 688
417 558
402 984
479 909
270 841
61 607
379 867
391 810
243 596
462 985
216 827
288 797
88 549
142 987
397 548
139 662
409 915
353 938
46 814
120 708
277 663
156 728
474 901
99 852
495 675
182 808
102 946
210 688
313 831
83 657
79 929
70 934
176 666
40 990
430 505
442 777
298 526
174 534
99 703
202 567
188 932
484 997
387 638
273 721
376 682
65 891
59 767
51 791
455 668
124 998
437 849
77 649
427 594
345 631
488 969
422 818
461 847
479 647
267 673
130 852
16 930
182 772
391 762
51 523
248 709
72 966
162 676
213 608
324 786
184 646
333 974
406 993
409 666
278 981
261 759
88 995
270 790
211 692
179 519
43 733
421 923
164 812
218 834
242 677
207 841
493 818
277 659
222 545
56 801
266 516
83 975
393 621
412 561
84 595
226 868
335 663
281 576
332 554
435 636
60 929
446 780
378 761
499 715
376 711
87 842
226 994
185 999
67 758
212 566
426 681
321 808
462 531
379 586
252 514
411 534
3 667
340 912
89 910
9 557
420 935
429 906
234 758
342 794
396 902
281 825
464 845
177 738
171 602
70 833
476 667
11 892
489 640
240 678
384 564
185 801
158 876
285 535
306 527
107 836
364 686
411 784
366 876
246 543
139 544
143 669
410 642
431 790
454 578
478 926
142 674
121 608
100 567
266 652
205 997
415 603
137 867
220 637
209 889
414 995
182 623
131 602
353 917
130 888
110 836
297 813
193 972
157 633
482 988
483 836
117 795
439 795
101 936
140 590
4 883
478 845
8 892
22 567
18 730
379 668
153 761
320 844
39 664
205 619
481 928
487 779
432 576
202 981
203 638
436 847
184 991
430 569
17 822
287 543
212 752
279 852
368 682
430 924
256 696
137 577
338 760
474 765
93 744
105 956
109 709
68 738
234 969
286 546
302 799
175 687
313 918
251 921
181 858
352 844
243 666
197 542
483 655
11 705
284 792
402 695
380 832
84 536
392 556
23 761
375 988
114 772
240 898
32 506
486 875
390 980
301 847
311 646
150 533
233 848
377 962
137 924
453 658
176 713
126 523
199 715
210 518
286 537
341 762
163 919
10 623
449 856
318 591
251 905
458 935
9 782
491 618
462 523
48 739
195 781
113 953
44 738
194 749
30 927
142 660
401 816
486 739
15 714
42 807
398 810
227 765
434 912
31 890
498 840
87 504
278 833
437 598
317 522
363 819
14 653
21 679
308 875
199 986
330 887
205 576
130 756
274 895
238 967
374 616
326 622
72 855
338 946
381 592
140 555
27 990
405 852
307 956
83 967
131 574
469 868
415 728
9 640
166 792
94 732
485 749
452 896
184 959
242 768
468 900
200 567
14 560
164 769
102 587
127 914
319 564
100 644
191 525
324 939
116 998
140 632
129 949
170 996
272 917
408 866
52 840
15 859
270 577
135 621
137 753
20 738
347 529
458 553
32 956
221 771
249 919
37 615
29 828
359 603
180 690
252 697
482 954
161 873
172 800
157 948
253 875
380 906
29 606
490 926
145 581
424 588
221 982
500 577
292 512
401 880
462 899
19 643
492 711
499 606
477 973
37 699
4 779
236 638
346 612
167 995
304 853
215 953
223 736
163 983
202 628
228 861
70 866
440 617
350 833
413 740
127 599
409 990
126 877
418 546
102 739
370 779
375 926
247 667
238 900
465 585
103 542
476 716
329 816
255 793
25 655
261 581
292 643
427 738
278 986
497 618
367 794
423 889
60 930
52 691
353 664
209 609
198 614
199 951
369 894
278 713
149 798
443 574
3 793
39 652
96 602
426 742
283 717
312 680
248 937
483 557
388 916
441 516
73 560
462 722
420 621
371 924
40 599
243 746
331 981
250 773
490 583
384 996
247 862
186 769
358 848
206 695
409 522
406 573
302 978
24 672
280 520
131 869
132 504
488 665
30 752
140 552
401 600
16 677
478 943
63 986
134 954
163 949
140 715
339 708
236 996
302 579
34 815
256 553
63 965
185 804
413 668
262 769
123 527
273 645
132 971
89 644
372 917
474 860
485 921
43 549
116 952
420 978
489 726
385 894
118 853
312 888
270 546
46 929
360 766
416 958
475 627
146 702
118 712
74 841
438 838
496 758
417 701
4 759
417 989
334 527
174 880
123 827
98 962
117 720
25 721
2 929
64 637
23 641
370 788
75 910
187 946
199 660
71 946
488 859
463 984
496 893
299 573
380 595
140 800
455 603
144 760
292 858
373 794
446 557
153 620
223 772
263 648
485 691
468 797
331 915
379 554
286 930
375 823
214 875
205 568
171 813
87 711
40 762
487 677
34 647
35 525
265 578
307 755
383 525
95 960
301 938
16 956
50 982
24 837
129 912
361 614
148 828
498 855
464 909
404 511
76 713
313 902
64 521
149 999
463 663
119 937
114 810
158 983
466 926
17 525
26 775
267 765
154 698
305 647
419 541
368 671
89 958
83 702
148 612
321 867
107 551
83 895
122 958
412 669
125 870
255 678
209 530
317 888
43 966
454 980
457 679
130 608
272 910
202 588
282 846
201 964
150 713
151 759
426 573
44 789
1 578
76 727
364 905
361 892
9 506
222 852
346 991
351 685
239 969
117 538
432 816
153 844
237 896
437 786
32 802
236 757
89 614
54 951
181 875
285 999
279 538
307 588
138 527
316 585
418 951
172 881
72 982
260 838
354 569
238 745
401 764
451 640
411 709
357 537
26 805
482 781
36 722
246 946
164 985
74 575
341 622
472 512
130 700
243 772
341 511
177 789
500 819
434 982
449 925
80 720
55 864
445 710
150 816
21 940
59 778
19 979
404 933
150 654
453 576
406 879
42 673
274 856
184 684
121 649
222 628
405 663
149 989
156 807
404 783
138 976
140 953
366 670
194 905
77 735
113 634
494 860
470 762
43 701
50 864
204 716
427 726
309 822
29 664
254 822
406 954
374 501
138 645
445 973
175 641
355 900
156 669
192 763
83 947
64 809
55 621
170 847
287 882
220 757
378 860
335 837
359 621
83 662
261 907
333 637
363 812
440 835
188 654
167 978
356 578
91 626
153 993
183 514
9 516
309 761
202 848
4 938
72 952
455 700
426 681
497 525
39 774
65 830
191 896
85 782
475 998
145 865
152 991
413 538
333 727
276 562
163 692
393 528
313 613
450 997
356 517
146 817
256 585
135 596
440 753
172 900
157 563
331 618
220 888
482 755
275 518
39 977
12 549
162 994
196 729
173 627
183 790
100 657
177 895
94 926
272 620
175 527
117 772
377 675
251 803
222 816
161 614
155 545
195 853
285 579
144 535
171 713
180 869
138 660
11 966
284 855
271 861
359 954
379 910
114 960
298 971
465 884
487 663
276 795
120 552
497 905
102 787
230 884
107 889
284 744
412 674
320 626
462 665
309 901
461 523
225 758
500 700
374 659
140 855
343 784
157 514
106 551
449 980
349 631
85 871
43 839
103 774
422 631
443 742
108 852
104 563
318 593
460 565
280 789
274 694
305 911
147 553
286 772
362 999
1 966
474 737
301 953
173 729
133 673
65 965
420 571
278 762
275 927
437 693
171 666
20 620
238 951
466 776
271 904
283 616
163 877
453 707
331 896
87 992
128 804
86 846
66 875
381 943
106 561
6 551
479 657
466 519
399 502
469 841
436 557
94 535
84 911
15 732
7 571
242 779
16 840
78 924
401 997
401 924
447 700
226 807
490 786
494 803
288 708
469 528
36 863
251 792
285 937
479 661
241 610
359 966
363 905
313 638
241 919
364 797
382 623
30 720
140 557
144 790
434 535
407 815
409 754
252 693
494 583
10 731
129 565
218 588
415 968
205 576
215 770
146 937
55 796
72 970
476 817
234 720
324 727
251 609
495 762
22 953
