317 537
453 698
319 555
97 930
183 691
374 824
164 895
130 776
282 882
177 980
218 590
244 693
432 954
2 887
115 849
498 690
41 737
293 797
125 840
150 599
216 754
466 815
402 891
190 766
253 787
149 791
184 991
295 930
185 687
272 677
68 826
337 829
268 925
476 908
86 534
163 587
251 972
246 603
242 961
378 626
145 981
429 581
221 633
243 955
154 504
357 755
107 885
275 844
85 651
66 749
82 678
85 815
150 599
460 643
61 939
71 527
498 507
180 506
405 958
263 741
426 832
193 739
60 908
129 680
474 826
332 975
41 694
494 965
198 928
51 891
353 538
44 503
351 501
366 734
153 669
66 737
177 731
67 683
114 570
65 646
101 524
187 835
443 517
86 834
79 708
46 935
123 593
188 548
144 992
46 775
2 596
26 807
349 808
413 562
424 733
353 809
175 729
121 527
69 598
405 687
54 953
397 847
483 735
230 810
442 544
500 524
421 598
479 847
199 688
344 619
261 919
76 501
161 580
103 855
492 514
481 516
415 741
88 732
207 665
70 512
148 546
113 818
401 585
155 658
463 847
425 597
428 746
346 772
247 604
143 780
48 859
406 862
469 656
142 956
237 611
31 574
73 602
313 587
488 906
338 993
389 758
111 785
467 989
371 824
215 976
257 896
179 667
390 819
245 621
481 818
168 864
369 725
490 826
219 873
288 883
493 881
111 933
318 707
454 867
328 965
266 836
368 841
174 993
268 953
487 763
356 658
238 536
237 815
425 891
436 939
272 896
281 621
151 697
74 796
162 957
304 993
163 877
37 568
168 964
274 678
100 851
280 964
303 954
295 737
87 871
360 711
364 501
34 767
482 779
279 657
484 825
375 859
44 727
496 754
50 778
456 775
79 802
434 508
411 791
77 553
488 972
65 752
299 574
333 829
469 688
247 513
258 544
291 738
495 869
133 787
401 891
380 577
60 669
310 530
348 659
384 730
156 816
268 667
428 549
70 826
213 670
456 746
320 714
342 765
46 708
227 528
273 973
51 825
468 601
230 513
369 834
194 593
175 930
211 630
273 804
368 751
261 754
270 874
65 712
224 701
441 802
201 808
183 552
12 848
454 553
248 765
7 698
281 697
32 970
121 515
489 531
398 965
132 935
303 589
373 754
90 670
446 566
142 623
170 812
420 827
487 739
353 964
477 951
456 908
85 590
207 720
72 930
270 512
52 568
489 698
131 721
473 697
136 612
308 697
17 933
310 720
480 579
160 825
58 963
17 993
151 694
445 534
241 645
450 624
283 860
238 537
417 831
454 841
226 885
442 978
440 612
389 814
191 787
483 729
230 533
415 925
192 533
385 904
241 891
161 963
253 767
250 503
463 696
274 872
212 794
312 777
200 724
12 682
295 846
65 515
397 534
256 525
152 858
323 850
219 566
382 650
282 926
347 744
412 542
242 544
117 945
108 714
419 670
191 891
360 930
111 849
253 677
172 601
195 501
317 785
165 915
379 793
164 568
311 838
85 570
63 643
420 967
151 602
357 710
227 916
298 768
294 501
129 599
485 939
462 777
443 868
480 840
141 717
397 736
391 767
320 801
394 610
406 977
290 579
241 930
206 553
244 959
429 891
225 773
354 895
49 962
156 646
214 758
413 708
314 544
220 561
52 975
157 546
35 977
351 924
149 978
365 521
220 858
325 889
327 671
101 587
461 691
307 908
36 600
406 931
427 822
75 659
400 942
319 788
355 888
8 515
43 613
35 970
110 909
323 872
52 835
371 845
417 704
414 774
330 945
365 528
74 886
307 780
79 949
158 541
414 892
128 757
190 812
201 954
231 750
133 662
473 745
117 814
290 808
322 689
283 562
133 705
475 836
199 805
146 974
68 810
91 794
452 729
92 788
114 625
446 990
354 549
494 819
140 953
290 530
428 542
50 508
72 557
373 744
103 876
167 734
458 964
354 682
122 506
130 775
65 850
469 550
444 792
419 984
164 553
457 518
211 507
64 803
272 562
264 791
338 870
468 846
339 819
431 740
435 782
256 757
476 948
484 811
75 790
399 641
184 863
55 623
244 609
477 911
8 705
29 648
162 913
111 674
326 569
81 871
94 718
152 597
420 657
342 590
147 604
369 806
261 535
452 565
385 784
96 520
495 991
137 966
217 885
267 609
482 977
354 981
112 782
436 558
462 594
428 626
243 879
73 591
58 547
174 948
316 925
427 929
47 681
261 927
432 746
467 757
272 716
257 667
300 511
3 728
229 865
25 748
84 1000
345 964
91 967
415 873
362 803
94 685
21 981
419 923
314 685
436 959
89 936
181 744
367 908
150 509
24 941
473 700
236 663
492 727
120 853
31 934
445 551
186 653
305 942
87 545
7 861
126 911
135 682
98 911
240 983
388 586
212 918
438 927
289 972
456 511
15 664
315 769
14 836
175 743
310 561
248 722
221 751
61 846
400 952
392 814
385 927
212 519
148 901
461 642
313 847
266 565
277 523
454 535
300 991
120 797
174 722
79 778
113 676
30 778
116 651
270 834
387 536
239 588
436 838
316 608
55 912
218 501
489 935
186 627
308 912
178 762
291 828
121 618
46 644
451 702
171 598
166 549
479 917
33 716
198 650
217 713
373 551
100 712
62 781
312 874
462 915
233 555
23 639
435 586
341 633
408 581
250 514
343 836
7 530
248 605
406 634
397 591
363 682
416 655
161 783
130 534
46 812
398 839
106 970
160 842
492 810
352 756
209 712
333 881
427 537
248 951
80 974
277 918
294 514
218 590
236 822
230 834
224 976
264 775
136 705
212 874
139 723
180 576
442 763
284 592
206 653
333 625
28 770
489 535
362 754
41 923
92 598
452 649
128 946
376 564
260 606
26 585
250 501
322 536
406 812
127 516
494 728
53 596
125 675
52 826
231 601
185 861
490 989
225 724
345 586
485 877
303 864
280 947
484 898
461 536
176 723
195 723
51 604
88 769
113 714
89 829
46 744
146 781
376 817
409 842
354 561
200 877
196 917
169 664
407 835
54 798
224 535
403 599
218 560
160 966
112 878
24 650
115 886
373 941
328 603
209 561
244 683
203 724
458 545
155 644
241 671
298 897
491 776
168 784
141 932
273 607
91 606
283 685
490 922
26 884
34 717
50 667
65 756
56 924
48 732
215 655
73 567
77 950
63 857
135 625
351 561
62 964
335 767
414 546
64 979
311 896
135 1000
380 705
333 676
108 830
384 665
259 647
312 675
295 775
310 823
291 870
306 799
259 584
92 965
500 712
52 603
117 536
194 956
252 962
367 704
53 846
341 956
67 558
429 661
18 903
178 729
146 974
1 948
488 790
171 599
39 537
132 992
30 740
240 686
462 686
481 523
393 681
315 789
186 687
486 628
138 821
171 691
196 857
216 657
178 558
207 934
110 627
120 564
432 650
295 943
325 762
10 579
21 943
335 857
361 521
240 953
498 643
259 659
443 558
324 904
431 548
177 595
196 916
351 735
348 874
287 989
50 766
401 509
310 942
155 985
243 541
386 563
10 745
74 510
91 949
312 881
189 544
382 740
5 811
440 902
355 901
186 676
232 845
365 901
387 707
186 542
182 567
52 674
80 682
351 913
91 610
378 633
109 719
479 911
217 527
466 609
55 831
68 924
109 849
234 702
96 563
203 564
487 893
258 970
416 920
495 917
6 943
440 592
23 964
236 631
41 958
276 889
15 711
110 770
247 870
132 941
97 504
400 975
394 694
405 808
266 772
189 642
198 703
327 842
316 527
90 637
213 783
129 764
339 617
155 827
311 530
293 531
233 960
127 643
251 885
482 878
51 652
323 915
409 942
248 897
201 909
453 621
197 899
242 595
488 993
429 767
480 659
387 877
129 907
28 756
284 814
261 765
447 761
377 510
333 551
132 538
51 841
25 840
344 633
496 806
56 850
213 782
130 811
286 900
225 503
354 506
27 524
88 885
85 847
52 920
103 702
445 676
111 636
99 855
323 505
465 758
388 631
227 678
369 584
161 784
137 571
337 560
42 749
498 936
78 636
416 719
170 621
319 960
53 789
461 930
158 868
352 621
358 976
307 903
420 606
189 689
420 760
479 507
301 675
242 731
469 599
483 669
197 635
49 719
95 977
288 717
68 568
336 853
26 844
272 700
205 842
308 998
160 1000
341 562
257 875
356 960
160 776
117 960
14 747
166 871
38 548
195 923
323 762
257 993
10 562
21 946
305 589
387 899
172 940
425 965
339 798
324 626
376 752
401 788
419 637
282 699
445 737
360 667
84 724
51 502
347 876
28 730
74 577
398 660
109 822
415 538
396 842
162 699
393 688
68 541
142 574
422 745
6 905
87 502
15 534
38 723
410 615
15 990
188 823
61 947
20 898
132 944
456 834
310 771
463 669
403 945
1 991
5 767
416 920
92 615
120 887
45 576
8 976
49 624
317 788
292 981
380 645
395 791
356 582
5 583
251 515
190 696
50 994
322 575
78 885
363 989
499 647
105 627
422 524
499 873
21 605
71 970
287 922
116 723
463 988
409 922
489 619
439 712
490 574
133 539
177 977
311 572
392 726
366 998
69 665
295 541
348 754
378 994
282 704
80 874
351 683
255 612
439 690
285 686
418 926
356 525
431 734
371 765
50 826
433 735
322 820
271 641
50 931
47 752
83 600
153 875
196 625
84 522
258 581
334 503
56 796
25 981
31 989
204 970
361 861
72 635
229 665
200 885
64 806
112 981
11 822
317 944
216 574
120 980
251 914
201 786
322 644
178 968
243 867
93 908
144 992
187 769
150 936
220 551
351 709
393 579
210 823
90 645
254 976
72 898
121 596
97 743
358 942
381 975
166 834
429 915
176 599
124 568
218 922
440 620
128 852
303 563
399 545
172 1000
329 693
325 707
142 815
176 836
243 798
116 914
216 839
316 788
8 684
401 504
471 865
345 754
29 577
438 664
310 707
134 987
405 526
190 706
234 961
184 547
191 794
127 920
411 829
339 779
93 677
308 805
236 929
485 977
84 885
128 770
189 613
403 782
308 655
68 796
433 841
87 810
347 776
126 784
322 958
280 641
321 506
368 870
490 684
424 737
479 698
362 996
178 795
134 819
172 714
276 598
453 918
415 768
287 922
170 529
217 787
151 765
163 925
162 549
397 937
285 741
326 668
360 611
163 587
130 595
133 574
20 766
383 786
10 502
117 983
200 738
390 507
240 716
12 717
9 902
99 831
270 507
324 603
146 877
244 592
494 925
477 745
349 842
405 617
193 531
19 548
12 507
185 538
264 935
288 628
234 960
428 539
211 657
372 527
207 930
29 650
326 814
355 612
75 864
3 583
96 663
405 640
257 549
170 742
164 790
500 916
481 836
77 647
384 798
67 565
57 509
89 688
262 908
274 655
257 538
459 786
368 767
14 886
73 875
67 868
455 896
161 970
217 535
281 880
311 778
186 984
380 550
276 706
262 919
388 998
56 873
283 925
54 817
439 849
120 510
362 895
458 920
190 729
123 963
128 842
367 637
32 697
442 922
403 796
391 629
365 523
494 942
20 935
296 543
165 660
222 908
429 853
293 875
396 810
165 615
240 942
480 710
144 535
408 763
112 922
214 781
353 783
333 626
398 663
15 804
89 535
490 846
102 873
319 897
171 827
316 999
58 992
7 890
221 643
306 583
93 846
158 984
163 677
83 863
499 595
37 834
454 715
184 537
29 917
497 607
219 818
277 879
274 536
460 961
98 527
59 728
365 913
109 696
335 763
287 706
449 664
199 982
372 818
400 851
410 946
6 727
398 911
16 633
480 682
472 708
177 721
49 745
161 640
68 872
481 682
48 914
462 850
5 706
413 578
416 777
354 836
159 953
356 709
60 710
260 999
177 920
456 510
125 675
46 701
413 801
25 785
332 952
311 870
228 772
189 952
426 633
2 505
293 540
58 643
424 598
498 987
79 819
288 611
348 951
189 786
102 794
331 959
193 936
271 910
231 769
68 993
439 616
267 920
240 779
15 901
197 666
201 797
398 988
322 902
62 826
212 752
215 776
84 519
45 678
425 882
226 644
490 964
135 859
45 995
208 768
62 597
444 964
286 792
419 972
287 625
369 739
183 796
11 950
141 847
17 784
287 891
399 773
59 952
181 952
72 828
79 736
325 794
285 554
414 554
448 851
304 981
151 648
353 812
449 755
197 642
36 577
100 980
138 907
375 930
353 868
44 797
398 650
469 804
81 634
91 839
440 808
314 612
224 985
247 534
256 943
170 929
114 946
39 896
348 520
371 714
423 817
273 513
63 836
154 748
266 646
258 690
47 672
208 987
199 601
378 511
384 956
91 952
363 894
486 878
102 883
213 714
236 683
278 501
414 699
285 778
423 720
472 940
267 728
147 965
291 832
171 762
297 788
250 657
384 924
254 662
486 535
493 819
453 662
307 536
414 617
476 545
215 932
59 513
106 953
440 760
404 589
341 862
379 588
313 502
413 844
221 855
127 859
415 650
272 957
52 788
187 833
98 898
399 869
458 636
309 995
373 556
198 690
106 821
134 509
187 606
425 517
469 959
477 503
369 525
163 666
327 595
386 654
8 571
1 948
15 870
187 805
324 684
315 999
61 551
2 883
108 515
375 921
98 703
399 990
312 699
482 646
407 671
361 605
485 710
69 847
93 901
272 991
372 655
1 972
491 608
345 893
498 643
424 680
296 671
350 856
110 753
206 620
199 630
374 941
335 803
318 842
468 770
66 975
72 967
394 657
268 566
255 589
53 668
125 761
456 868
161 564
125 587
287 669
465 690
303 803
345 684
339 859
350 584
353 680
348 732
218 822
422 593
49 695
471 842
277 988
436 800
377 981
37 848
186 843
266 556
27 1000
495 870
423 862
412 805
106 746
292 704
98 599
169 639
320 721
353 746
148 603
145 658
98 740
375 923
364 541
322 725
440 601
147 655
50 928
109 763
380 541
78 730
96 782
126 615
164 697
173 764
428 631
231 909
133 992
337 708
144 708
63 865
350 908
180 899
290 726
169 646
466 617
106 562
178 824
114 969
178 658
333 808
469 609
121 608
103 835
186 557
27 983
127 688
5 768
35 949
261 664
27 652
202 734
424 896
192 512
203 983
458 788
23 979
396 783
320 946
360 776
191 704
351 512
496 927
145 564
222 594
117 685
32 521
248 761
417 573
7 652
327 608
265 678
426 655
486 727
181 969
362 711
61 932
315 592
431 855
291 919
440 536
381 670
329 641
57 863
13 875
89 600
392 870
56 666
257 945
125 790
367 575
99 733
328 840
270 612
54 783
135 515
474 611
59 640
457 677
464 580
346 938
477 502
335 798
7 737
460 533
446 859
208 579
305 516
383 978
336 602
408 925
118 599
116 900
439 585
445 600
399 720
297 788
357 582
18 594
316 713
64 553
34 854
269 540
209 825
245 890
251 736
398 693
383 765
383 745
31 828
257 831
165 648
164 566
176 532
20 833
50 887
289 971
224 702
218 886
366 959
4 698
256 988
266 800
288 743
263 699
49 520
80 532
239 627
378 980
266 906
376 842
6 970
480 679
163 829
289 943
295 975
146 522
397 571
4 592
174 831
341 849
442 606
236 964
301 765
183 757
391 624
126 875
478 827
30 657
321 525
422 730
494 797
339 941
309 688
467 816
112 989
330 936
201 965
140 514
156 823
424 868
113 631
210 683
262 802
151 928
401 792
444 663
65 992
342 769
43 636
36 821
304 571
345 606
152 959
315 792
490 942
51 525
364 790
285 503
351 893
354 877
187 929
97 962
416 872
358 982
96 615
313 789
87 634
30 906
116 809
332 939
45 671
292 905
232 556
408 757
76 592
387 834
67 915
134 888
296 697
102 685
359 774
474 666
227 518
232 804
33 513
351 858
376 926
48 882
160 899
337 571
184 637
462 704
292 848
143 621
498 618
220 513
394 983
342 582
411 638
329 891
157 848
317 770
154 968
54 875
30 694
189 857
73 982
404 575
22 652
12 868
141 883
42 894
19 659
55 543
65 942
418 943
467 547
366 950
39 692
424 674
437 573
486 940
349 816
336 579
88 611
345 814
175 667
100 610
101 714
16 686
230 997
259 968
482 715
167 693
415 843
109 911
341 728
252 699
297 647
290 762
240 750
386 550
419 964
60 916
81 967
97 537
311 527
323 633
30 990
136 624
222 937
460 843
246 817
130 541
15 943
180 864
357 866
36 543
52 854
300 785
372 733
437 829
72 514
23 620
65 752
452 585
250 989
438 956
277 634
471 808
199 813
96 512
59 744
411 775
303 559
483 656
295 840
183 579
21 920
33 929
22 826
126 791
327 525
272 931
251 986
18 806
308 675
69 621
408 825
304 787
317 1000
65 939
81 589
379 684
81 633
411 927
395 998
254 866
212 589
208 917
184 802
228 907
388 562
18 865
396 715
399 955
58 891
271 839
298 590
267 612
479 737
205 776
35 639
244 566
53 577
334 871
167 967
162 525
153 700
115 930
251 847
207 528
455 899
396 640
94 992
89 926
342 759
499 607
213 927
351 784
295 674
270 837
145 607
248 971
383 557
482 821
439 847
76 737
197 698
148 623
341 551
222 690
475 913
398 849
84 936
26 996
312 815
246 532
183 875
46 768
59 590
262 787
334 786
425 720
464 553
286 890
316 825
75 734
109 868
203 907
261 530
8 887
474 897
371 628
355 979
444 782
41 628
14 785
116 929
309 660
31 802
10 804
380 838
470 941
284 886
163 812
188 950
464 966
321 808
267 990
187 895
259 787
389 735
223 577
474 722
86 761
320 536
137 515
214 609
391 817
264 698
350 945
135 590
98 832
22 544
498 684
450 934
169 636
137 674
69 865
127 954
215 740
364 888
115 659
478 907
77 734
89 581
129 731
439 876
407 528
7 807
284 878
406 663
10 936
252 650
455 570
352 543
130 670
430 694
126 895
269 793
156 649
89 523
486 630
469 658
207 671
28 732
87 581
304 715
299 546
190 708
187 542
500 914
378 796
228 733
