88 562
185 857
434 582
269 998
157 633
266 976
408 779
438 849
498 706
117 599
425 722
464 996
142 843
426 747
380 518
326 509
453 966
35 663
149 790
375 973
421 732
332 695
10 783
389 587
165 656
455 720
498 881
259 751
367 788
219 972
450 553
97 817
38 797
16 767
147 691
474 897
175 601
479 779
178 960
468 743
489 978
453 782
120 585
49 511
312 950
348 716
261 508
231 865
34 634
428 994
50 913
205 647
178 613
454 659
15 593
366 536
30 964
200 892
424 617
469 716
78 651
292 770
195 868
367 974
398 781
428 973
417 531
103 660
394 871
244 607
54 693
369 833
399 594
231 553
466 651
304 667
187 678
44 920
499 590
166 836
108 825
97 951
210 991
146 576
179 710
295 921
83 646
311 693
445 865
33 693
143 978
55 927
171 798
386 924
87 739
474 700
127 989
307 831
252 763
342 651
289 770
4 758
136 741
311 579
8 575
32 554
343 984
84 880
61 504
438 996
2 952
367 525
101 905
212 624
21 952
63 939
305 530
223 533
76 829
424 942
214 656
28 674
9 824
227 789
107 537
493 643
263 873
477 774
255 772
447 701
248 805
193 513
437 692
207 643
131 714
358 743
271 890
194 800
491 893
223 654
363 783
219 566
459 800
486 541
356 700
372 619
212 846
360 882
219 573
276 822
18 943
296 854
313 676
328 522
180 847
229 933
476 824
112 770
473 740
285 914
211 614
286 994
73 802
429 911
59 903
6 600
187 991
80 573
215 938
389 902
420 619
302 562
299 792
51 955
330 848
81 807
192 908
497 585
496 604
252 657
264 922
204 556
368 845
292 650
410 792
114 867
320 931
312 601
458 766
19 689
384 978
100 842
32 824
311 773
225 526
289 924
193 745
214 782
256 578
232 826
9 696
238 525
426 553
261 992
95 753
204 604
288 809
266 675
196 749
44 642
339 696
104 569
396 677
136 965
476 542
140 616
296 608
46 516
410 702
287 728
44 506
473 526
214 878
293 831
238 776
42 707
459 699
229 594
434 642
287 742
90 682
277 764
396 708
200 936
195 756
147 520
459 846
429 622
325 794
173 840
346 966
154 974
139 643
479 598
54 977
51 508
210 966
454 823
202 631
92 874
200 669
58 726
278 783
72 968
439 979
3 521
345 782
62 859
422 931
456 881
15 842
142 764
476 662
27 545
394 573
263 643
361 820
256 688
128 544
65 1000
235 508
413 736
456 810
118 715
19 960
264 630
263 715
37 567
147 903
342 853
6 571
74 613
118 811
318 842
216 571
295 659
394 929
187 949
130 683
462 654
359 787
334 801
411 668
120 959
456 910
351 758
192 913
402 574
467 580
198 779
8 985
315 940
200 816
379 876
148 972
281 868
28 556
182 995
123 592
426 543
243 964
84 947
324 554
18 973
264 727
73 623
424 621
161 628
32 612
33 899
33 592
6 889
73 785
443 788
260 839
370 674
443 634
458 504
75 873
114 588
149 890
186 676
215 828
407 968
497 742
78 514
189 850
208 681
424 541
8 826
124 579
122 769
314 952
208 626
181 657
351 700
311 681
183 850
318 601
113 533
473 573
87 740
432 656
142 748
477 940
180 850
191 570
106 724
437 962
172 665
111 834
14 798
236 953
332 579
5 638
455 627
84 910
228 791
308 786
171 805
1 702
56 845
13 879
60 766
8 991
183 518
132 538
22 741
147 760
38 536
114 982
377 861
357 954
245 618
369 826
333 888
331 528
372 611
232 700
336 879
368 793
312 548
104 552
387 568
441 846
259 851
6 822
336 751
229 531
45 899
142 801
210 879
437 732
377 971
17 568
470 781
377 559
412 963
328 940
160 862
158 838
370 642
375 927
54 974
459 777
378 859
301 986
197 839
489 750
28 832
231 819
478 711
13 869
240 574
251 749
492 739
280 852
67 827
347 718
99 524
90 899
122 688
255 787
299 591
163 934
363 687
86 697
407 768
455 612
493 587
240 959
41 896
486 908
41 690
424 875
322 578
201 783
242 833
348 886
396 709
42 979
401 938
67 573
114 637
489 949
299 641
347 512
144 956
112 824
157 555
147 675
268 781
191 635
183 578
110 690
475 637
328 560
164 868
238 553
44 886
11 614
156 952
277 871
201 623
229 996
324 919
102 747
39 527
263 957
90 735
204 835
355 920
271 511
332 617
362 658
164 614
272 658
340 902
482 591
394 516
393 752
195 993
320 518
446 873
473 873
432 714
26 785
292 568
185 803
40 968
116 743
320 953
87 851
76 561
330 504
45 525
18 619
328 552
93 883
73 731
139 803
94 654
467 586
448 753
500 712
76 684
263 509
460 625
322 884
373 613
436 849
329 519
207 682
91 940
247 979
252 920
476 887
42 792
224 713
360 543
122 592
489 533
105 851
155 878
311 997
449 868
39 712
25 840
191 816
412 656
335 964
283 827
19 906
100 714
147 571
452 959
239 906
288 705
449 897
344 977
428 785
32 522
149 588
482 783
180 906
54 923
389 933
378 815
456 874
167 599
375 631
481 992
292 623
252 838
19 622
468 608
419 964
91 759
88 748
91 969
428 960
137 650
307 725
367 525
466 520
111 845
349 955
20 917
4 618
162 731
267 674
154 772
434 662
312 968
80 594
139 502
321 596
336 780
261 882
487 556
147 912
389 848
127 793
167 865
424 797
230 989
85 595
73 836
201 944
296 616
18 773
430 886
215 925
244 714
314 776
463 910
490 721
90 730
358 509
226 568
305 832
440 597
368 759
242 640
487 684
318 543
412 662
101 929
240 728
456 621
425 626
204 666
224 882
189 540
304 776
455 980
152 618
407 974
500 828
155 690
229 648
320 649
85 507
235 951
345 911
207 580
148 580
145 756
151 570
223 611
424 510
168 801
267 527
227 874
348 889
60 723
351 821
55 917
397 623
433 865
26 539
398 823
54 876
44 704
206 883
227 619
186 638
32 570
108 876
183 663
493 858
283 616
142 505
293 637
188 617
159 869
454 757
318 870
299 838
283 607
325 729
1 711
414 806
13 648
443 840
342 873
221 805
259 932
394 880
324 986
157 684
368 902
49 977
395 919
266 851
39 855
7 632
4 676
261 593
339 996
209 789
474 814
321 591
247 997
205 788
194 968
37 518
450 650
1 505
82 545
410 870
149 619
391 798
35 579
263 630
313 840
454 555
75 921
392 534
90 680
341 748
362 805
245 602
331 979
364 843
223 874
417 811
238 642
185 769
295 820
301 855
305 635
198 696
356 931
387 841
264 656
205 1000
147 781
374 919
328 587
336 743
76 739
44 789
243 658
481 891
122 560
122 655
248 803
264 518
7 991
440 980
116 895
172 765
476 743
49 949
109 910
154 569
310 653
10 604
217 507
183 984
348 871
61 519
20 972
430 773
91 912
33 644
124 872
399 743
243 950
140 520
69 867
342 948
214 995
298 611
81 543
357 849
417 740
490 600
423 717
116 831
126 519
456 616
147 937
150 546
317 1000
103 554
180 598
304 688
460 784
445 853
84 776
276 813
272 982
334 999
136 805
272 534
291 722
247 956
418 516
55 747
41 859
456 634
483 746
397 967
348 662
426 679
6 551
105 672
68 618
68 510
105 679
76 925
451 715
317 513
282 973
266 789
446 595
185 778
240 701
321 593
211 573
327 925
70 959
213 638
152 904
155 853
360 509
208 555
260 711
107 864
22 662
185 642
92 826
336 887
324 749
321 937
354 865
452 713
420 737
59 611
468 581
239 769
390 923
319 558
193 904
28 644
349 586
396 844
282 512
144 833
66 535
284 980
19 939
112 757
457 546
282 628
176 838
463 681
365 631
22 773
380 660
316 526
419 737
423 932
200 906
315 741
331 701
20 583
283 562
436 770
437 756
266 878
44 710
364 541
447 898
76 707
342 632
132 874
105 669
169 856
414 844
83 761
15 828
408 973
209 835
426 559
458 667
48 971
161 654
122 560
292 510
132 536
196 873
119 681
230 669
446 514
225 892
488 874
359 639
411 691
90 772
163 671
268 642
77 919
233 566
163 961
78 563
439 702
110 835
464 871
238 668
338 835
305 636
301 662
277 804
194 698
480 623
191 710
420 778
209 959
90 520
379 701
456 774
179 806
386 749
72 582
359 894
485 903
72 699
258 999
311 833
7 738
212 555
397 798
281 620
369 969
217 635
259 965
259 610
305 870
352 679
399 503
57 591
246 806
61 714
407 834
447 870
280 655
213 711
247 519
456 871
15 587
331 792
422 892
101 546
74 683
486 515
116 827
383 831
67 600
485 885
302 978
172 532
297 833
208 537
155 702
472 755
153 516
348 975
448 914
340 510
137 590
159 760
369 959
17 717
174 765
25 731
377 899
279 694
446 984
322 760
293 619
187 543
269 966
188 811
100 883
346 507
440 642
78 952
463 871
244 565
63 929
76 538
452 769
311 865
228 997
222 627
375 619
57 818
246 685
441 508
336 864
157 558
191 818
107 820
173 814
338 928
424 884
10 763
164 905
150 798
57 931
429 769
477 581
378 950
36 563
159 920
302 668
30 884
500 759
474 995
175 696
171 667
19 616
477 542
113 911
157 543
96 743
64 636
5 890
65 878
256 960
1 922
310 678
87 854
496 510
351 633
308 581
124 626
272 590
60 800
136 524
447 579
457 761
235 911
281 783
410 778
435 712
413 978
255 761
486 580
98 768
108 951
413 909
272 595
240 980
449 715
423 993
249 776
415 843
21 641
491 790
432 939
38 792
451 510
142 655
444 849
339 997
183 981
102 939
385 950
256 632
321 634
443 895
462 810
454 908
312 535
261 945
108 726
368 751
361 542
102 916
302 504
397 655
232 614
221 621
456 514
493 811
330 577
58 669
366 729
95 599
138 994
381 563
223 558
27 846
380 851
355 638
269 786
253 547
422 647
308 565
466 898
188 666
94 720
29 651
147 661
412 526
301 910
203 581
480 858
15 890
133 869
81 992
147 590
64 693
321 948
231 516
274 960
54 565
168 674
106 581
88 638
402 842
271 782
140 851
106 716
337 735
457 707
129 891
262 603
156 716
237 576
307 907
396 617
419 786
399 956
225 706
63 597
184 679
239 513
77 891
174 932
14 929
195 756
235 528
289 832
337 544
221 837
231 645
268 658
202 530
471 696
79 583
336 696
277 790
38 555
387 618
432 944
159 670
456 631
137 847
238 795
355 658
113 692
232 506
72 858
268 579
456 856
142 521
291 582
390 739
413 523
26 682
67 856
340 967
28 861
145 683
414 688
182 926
112 916
99 549
84 528
59 705
29 937
335 635
13 513
124 537
126 980
281 826
214 507
171 737
214 646
249 629
273 550
29 639
94 552
414 857
294 577
123 958
299 650
269 931
114 719
404 711
8 870
73 807
490 986
417 758
225 520
474 693
272 864
182 863
144 663
327 819
146 763
261 695
177 548
409 785
158 813
162 814
112 871
238 943
98 900
441 974
368 512
496 807
427 582
246 989
104 831
130 616
116 921
397 912
259 806
296 758
460 551
257 580
138 834
96 537
411 962
236 868
297 545
236 766
258 548
365 652
460 751
85 673
176 619
479 757
56 853
220 635
12 653
130 826
371 593
498 800
432 579
215 839
450 711
76 674
24 795
269 698
149 799
358 768
395 599
431 977
77 761
394 743
309 753
244 701
70 791
232 881
216 595
256 916
389 995
334 580
478 981
145 649
133 759
241 862
378 603
474 872
352 724
486 888
257 556
53 675
231 653
437 535
263 855
336 725
287 683
172 860
25 705
60 702
243 752
69 838
223 898
12 531
130 925
52 850
387 517
1 535
493 530
190 659
286 503
53 755
369 707
386 654
56 728
459 997
27 863
384 520
167 995
485 583
10 658
497 710
476 908
135 566
242 857
139 568
441 635
31 552
399 522
172 725
171 686
495 588
324 524
103 788
69 752
126 948
109 905
382 889
482 780
213 712
184 736
491 832
402 830
377 819
298 581
80 853
49 595
406 958
458 891
8 910
328 951
330 691
468 628
466 567
277 552
419 717
444 957
257 966
291 613
396 523
476 832
148 666
25 994
111 983
293 955
362 616
343 736
161 532
94 593
79 551
444 951
458 748
259 937
436 538
446 729
144 938
165 954
185 553
126 525
426 895
5 980
394 793
100 633
217 857
399 870
6 810
200 505
425 677
291 609
70 761
438 648
58 687
238 834
468 899
399 620
35 601
335 638
415 781
207 781
433 930
475 604
193 537
338 828
423 817
251 820
394 937
122 824
63 514
339 779
447 758
304 927
41 887
21 602
285 566
302 781
262 695
286 588
4 605
455 669
306 975
433 803
404 814
26 592
358 774
494 781
161 948
29 566
189 605
312 539
236 883
333 634
100 608
248 757
292 798
14 980
433 871
361 941
233 668
33 813
1 762
266 751
147 872
2 646
202 883
41 987
258 669
115 722
351 901
78 869
393 965
377 890
92 891
423 743
55 830
347 594
396 844
218 785
372 812
126 576
9 824
280 720
10 828
481 930
420 587
8 613
250 937
94 658
208 669
98 780
8 736
351 672
474 783
128 698
167 932
483 859
79 788
275 839
119 626
469 964
121 945
139 927
420 905
229 512
279 853
52 921
16 888
339 914
435 798
323 725
306 746
146 697
215 781
267 913
202 655
297 539
149 723
286 764
204 851
248 856
86 914
325 932
173 658
486 956
232 970
355 624
39 581
177 976
268 954
53 600
46 891
46 869
455 594
407 641
52 959
182 975
132 661
229 640
476 729
382 901
140 995
23 684
462 856
166 954
485 999
417 840
327 758
222 605
103 765
267 711
438 638
32 786
128 673
306 958
251 970
169 797
440 753
208 817
9 720
411 730
108 761
329 620
302 525
194 577
259 716
261 915
461 819
139 957
320 502
85 672
244 882
281 906
198 957
53 520
187 790
67 763
113 570
336 981
36 952
263 843
459 856
172 563
357 615
236 717
150 733
79 819
335 784
233 698
70 813
243 867
197 879
148 918
396 768
249 748
278 828
283 521
122 788
300 762
55 670
251 514
108 560
210 972
92 848
383 957
260 895
54 806
244 770
268 696
196 572
68 583
297 949
84 551
172 772
429 619
345 720
258 593
147 773
480 623
225 533
202 685
380 979
13 547
136 815
445 958
447 788
306 606
92 851
37 856
391 513
388 583
153 759
303 822
348 714
261 540
118 531
294 721
75 933
250 649
211 924
44 516
406 659
219 990
38 946
109 599
345 603
483 840
37 949
66 720
27 778
302 633
257 557
357 550
223 765
445 643
17 964
260 751
203 593
68 829
124 957
46 920
367 658
455 603
80 630
415 712
433 637
319 877
16 879
312 937
484 832
366 732
138 933
251 789
208 561
64 883
63 678
438 913
236 694
296 668
385 976
128 890
455 744
367 649
80 575
442 981
296 878
316 595
26 912
485 688
405 876
59 650
500 749
144 607
31 786
433 892
362 726
426 795
343 659
416 736
312 530
25 549
73 975
57 609
497 769
468 533
121 866
197 634
468 708
153 565
491 874
81 589
169 523
278 735
420 791
98 926
283 821
21 584
271 665
98 849
138 553
11 800
426 978
492 960
117 792
500 967
416 530
451 622
422 729
29 915
296 642
51 976
194 971
395 857
489 842
116 607
493 618
32 574
268 793
363 520
243 597
1 696
143 896
342 515
447 811
374 560
431 928
117 765
437 773
67 718
470 972
68 709
173 942
60 969
416 642
169 528
378 868
283 553
182 845
163 969
32 870
448 636
142 597
480 908
358 591
485 688
309 851
339 696
203 518
141 966
399 935
417 537
230 951
277 546
154 839
463 979
458 825
449 980
248 690
488 802
496 901
282 838
97 752
30 560
220 648
289 657
73 515
396 562
82 621
320 645
321 902
47 549
446 857
441 639
471 705
171 658
352 777
304 865
438 852
376 802
222 650
154 583
33 994
105 654
209 613
302 887
443 711
347 786
60 655
12 794
154 821
498 839
173 815
284 620
132 820
458 982
285 785
52 525
474 854
157 863
105 624
401 866
211 731
226 637
322 669
30 933
351 971
312 618
23 895
232 993
72 814
10 696
135 554
175 573
221 864
419 840
238 694
356 837
37 953
243 637
88 817
492 608
67 963
289 839
177 777
330 840
252 786
95 822
249 726
4 705
165 881
130 868
183 929
247 809
215 574
336 829
423 758
21 543
360 794
492 896
414 863
389 565
372 762
120 825
463 884
88 552
204 752
481 833
331 818
258 679
50 681
259 641
107 782
79 825
479 944
84 990
455 539
278 501
73 633
424 984
261 515
319 831
2 645
50 531
387 504
261 959
83 746
179 986
381 606
160 659
307 694
161 961
457 766
389 510
270 671
297 585
228 938
211 593
448 895
302 586
146 726
241 746
374 702
286 989
433 820
471 515
304 514
206 843
132 534
98 659
145 617
424 783
110 681
49 892
109 605
297 706
314 907
403 519
230 613
389 862
170 618
28 921
94 731
470 530
22 929
89 710
431 963
358 856
98 747
84 700
103 793
150 705
83 731
129 699
201 666
50 761
326 527
161 659
464 731
195 568
60 986
400 544
311 986
447 724
224 839
349 593
474 949
469 770
374 524
273 578
101 876
212 575
167 581
321 957
396 955
29 791
221 952
109 842
446 930
334 759
150 697
184 888
443 830
199 722
39 529
353 810
66 748
390 992
230 950
395 790
165 699
267 944
293 977
371 640
459 743
492 677
499 756
182 696
431 628
298 630
299 609
353 741
188 973
416 921
343 528
58 727
108 684
346 539
84 712
78 879
433 973
379 683
217 984
1 717
241 777
279 620
468 969
255 753
168 855
333 648
444 647
499 843
485 738
490 639
388 645
52 720
189 845
397 774
141 734
107 906
367 978
299 927
13 523
371 956
80 516
239 829
149 817
370 918
215 877
167 673
269 593
56 981
460 743
298 838
224 839
326 652
81 905
42 978
415 518
196 987
182 918
17 744
486 630
188 831
218 623
342 514
145 577
292 744
400 807
81 733
