428 719
431 711
236 735
457 955
447 527
185 606
418 881
470 652
352 996
462 922
301 925
38 560
297 867
400 721
270 904
279 924
20 745
196 863
351 949
311 717
334 866
65 560
33 641
244 520
443 988
37 542
48 799
439 539
35 837
452 581
210 722
9 976
3 515
83 807
194 820
120 770
336 717
186 979
331 786
369 638
474 504
372 703
390 704
378 665
143 827
315 869
273 974
421 642
247 640
328 764
267 590
68 556
379 597
373 539
265 907
267 855
424 517
322 696
259 725
292 868
206 959
459 979
76 821
196 581
222 550
349 915
52 550
249 736
453 570
341 991
39 936
118 526
439 792
432 533
263 808
9 525
280 665
22 778
276 613
127 861
262 827
497 635
367 895
23 868
489 906
34 536
303 597
385 903
365 712
468 551
253 737
13 639
213 993
403 566
70 616
46 607
112 594
12 588
18 699
334 888
171 601
363 634
316 552
203 814
344 748
481 680
184 999
343 973
136 895
421 605
101 590
101 875
346 595
91 727
19 743
292 894
367 751
138 901
7 710
390 995
173 744
330 521
428 775
34 930
261 621
301 962
491 817
75 761
196 676
464 544
268 938
240 617
274 584
138 509
257 721
336 582
13 610
411 581
454 781
118 672
414 757
44 690
124 773
491 622
22 635
145 616
191 962
457 726
412 674
332 719
417 967
222 932
448 682
470 954
188 797
17 605
180 760
310 737
91 961
144 1000
381 956
435 711
281 973
9 567
328 516
11 891
405 712
221 643
247 855
94 688
471 976
16 916
91 610
216 735
98 958
336 795
194 511
434 931
375 535
290 602
422 724
192 864
236 664
113 596
87 932
266 525
353 616
116 678
136 723
434 686
91 811
136 763
84 788
313 617
89 766
344 592
227 778
397 571
401 811
355 914
406 968
349 649
194 639
52 555
216 552
50 520
144 667
217 558
227 667
451 958
97 540
233 669
41 690
186 986
264 717
499 928
478 615
15 635
456 834
298 512
179 612
482 589
149 507
495 505
48 599
380 803
302 720
165 517
90 567
211 770
390 790
316 986
357 931
64 655
486 979
379 818
393 504
107 558
468 508
242 959
72 684
153 903
430 824
403 579
491 693
197 710
262 725
213 844
153 756
175 789
409 673
331 754
201 961
225 673
95 878
381 914
136 502
495 707
62 609
81 614
259 585
5 914
25 747
209 908
446 774
403 921
340 776
72 623
166 601
267 646
290 933
44 744
23 949
252 946
92 935
241 823
128 946
265 542
194 824
292 947
448 705
52 579
313 627
254 843
43 836
80 600
229 884
194 931
33 792
274 659
121 712
215 575
487 890
13 605
111 832
463 749
340 835
487 722
254 843
169 956
224 655
348 905
167 929
407 649
444 743
280 645
253 506
341 822
103 774
265 891
72 765
252 707
434 675
365 802
14 751
307 698
249 991
28 559
458 575
339 842
271 775
228 650
230 968
112 976
112 884
481 763
78 888
166 954
125 794
383 802
422 994
350 749
362 531
133 664
290 851
122 802
102 766
250 531
297 637
246 748
125 609
10 778
420 556
499 698
491 560
477 558
42 585
412 894
157 743
249 755
88 753
466 597
422 724
433 944
128 658
176 985
224 917
287 868
369 859
133 843
331 860
429 993
328 718
194 588
88 535
344 605
486 648
166 785
28 565
317 950
146 640
37 770
129 924
448 873
286 936
397 913
63 953
43 645
323 697
456 599
93 851
97 915
10 799
148 592
306 733
212 506
354 972
450 851
481 513
319 568
211 981
290 849
326 686
81 572
350 648
368 668
481 937
468 906
244 947
124 671
397 753
433 647
141 681
498 504
16 961
379 595
174 749
263 656
223 838
189 890
498 632
420 823
484 755
202 833
131 743
186 538
446 693
266 744
353 733
202 845
420 898
231 982
340 604
187 651
119 622
424 911
433 747
421 983
60 837
390 822
246 779
240 874
168 686
70 684
22 587
177 773
139 588
467 939
255 554
319 674
269 601
439 707
193 720
232 734
195 690
15 783
388 570
425 749
338 791
273 577
485 895
131 648
28 710
460 761
499 782
356 613
201 555
116 835
202 906
16 809
313 956
216 820
341 807
103 559
147 857
400 706
30 608
252 603
15 709
318 753
193 601
276 977
208 673
207 872
79 805
46 977
13 517
89 978
182 907
209 804
114 781
348 905
292 777
45 594
253 967
472 792
470 614
64 716
210 558
214 707
482 814
331 581
349 587
141 660
54 758
137 553
176 987
336 683
154 663
135 576
251 980
11 817
42 527
188 998
241 664
59 501
43 615
482 989
405 591
422 930
108 894
32 764
324 702
212 523
84 800
438 633
282 613
67 989
89 773
86 648
229 582
12 977
303 501
496 770
262 538
471 933
78 718
245 555
417 843
174 922
237 629
147 697
319 893
175 521
173 861
138 669
153 908
263 869
416 977
424 504
465 798
305 932
262 912
429 689
262 710
79 851
462 868
470 565
121 586
116 503
222 647
470 841
11 860
1 703
169 630
379 934
290 745
417 809
470 993
163 783
355 911
256 831
404 596
217 513
312 921
343 627
9 735
71 939
496 719
186 870
35 627
180 589
135 931
39 844
373 967
314 836
222 580
480 703
401 984
399 690
499 510
248 719
45 796
284 876
12 984
327 597
179 503
124 840
46 694
88 755
166 821
117 904
445 749
333 696
101 752
468 531
442 901
391 916
21 726
37 898
118 724
312 876
176 969
385 508
389 631
355 523
401 691
215 738
66 606
160 943
295 705
250 803
344 960
199 857
321 583
367 579
247 986
57 587
110 560
491 968
242 723
471 746
99 776
264 755
292 933
313 714
450 789
128 704
448 809
46 943
179 745
204 620
290 902
378 802
248 929
163 924
126 878
271 979
373 807
318 837
316 785
177 875
478 754
132 715
103 641
480 1000
259 633
359 556
190 979
445 581
227 787
291 738
287 523
197 886
139 822
336 940
160 695
441 1000
405 514
321 821
213 695
154 840
218 596
226 872
392 527
423 817
161 911
346 858
174 536
9 738
27 562
425 798
157 857
13 949
304 787
79 986
347 878
312 897
38 604
488 807
379 913
63 820
114 855
120 720
269 721
234 711
81 900
440 897
106 868
21 852
62 665
409 568
181 644
138 635
386 635
37 586
395 687
84 905
338 621
310 658
60 756
389 989
428 547
295 778
231 759
292 977
112 962
405 966
79 749
300 902
312 683
149 509
227 686
487 601
408 966
435 558
256 618
32 720
438 819
465 771
345 648
228 663
144 685
194 649
237 669
109 698
228 797
338 594
388 923
269 807
299 664
353 749
126 819
461 665
482 817
443 775
487 955
385 814
405 807
398 540
316 529
103 550
227 941
278 668
390 707
166 954
304 857
226 571
338 845
354 639
485 626
488 505
422 520
184 872
6 546
156 713
374 951
430 926
184 711
399 973
219 764
474 834
371 605
158 808
256 627
418 894
299 720
339 774
95 532
424 592
424 974
405 602
341 774
306 505
354 971
161 600
5 623
184 654
451 587
174 952
422 941
241 565
336 548
352 686
462 780
436 853
379 703
143 900
37 988
319 842
482 998
396 766
67 836
131 867
24 854
83 556
140 558
371 806
152 625
380 760
227 563
291 964
61 550
419 782
60 934
158 770
197 993
97 986
59 752
312 911
450 705
152 739
393 584
159 838
160 779
232 974
419 634
299 793
333 619
424 511
71 985
260 624
201 678
449 986
407 738
237 990
11 700
433 718
3 758
76 610
375 763
446 993
448 934
269 926
431 849
222 778
445 860
220 542
264 545
358 902
191 995
386 783
465 941
165 689
111 584
69 558
234 631
398 920
116 657
165 560
364 765
452 953
9 629
453 843
54 787
144 951
125 559
381 547
202 588
414 735
357 710
89 760
233 873
247 959
86 895
439 856
87 649
385 691
270 561
486 813
457 922
126 881
192 638
26 801
171 694
295 712
443 800
171 752
499 821
240 801
161 732
64 528
371 910
354 988
99 839
384 994
238 893
95 850
94 847
135 575
317 817
175 942
97 524
262 977
190 878
76 634
58 825
74 995
409 722
320 865
403 584
272 800
377 899
63 505
115 866
387 557
387 926
327 538
120 519
51 502
311 658
361 565
364 940
426 729
432 518
412 942
242 902
321 881
139 843
362 908
195 642
171 934
252 889
197 541
237 814
182 732
102 645
1 953
274 868
23 773
459 503
201 633
488 574
244 970
278 817
419 820
292 866
498 854
277 755
350 621
61 662
134 650
338 553
6 861
492 801
54 763
61 844
81 665
178 804
383 645
277 947
43 704
49 993
118 906
124 573
179 683
306 971
64 517
9 863
112 584
275 893
465 694
7 743
262 628
198 969
181 771
211 662
197 713
216 819
153 707
357 819
81 973
319 852
175 882
77 903
79 893
456 987
328 563
388 506
488 722
344 767
491 746
87 786
430 678
201 562
200 847
486 628
224 547
131 703
165 524
446 850
29 900
484 942
13 669
278 890
185 756
475 656
410 711
332 549
219 576
64 574
481 801
302 765
19 889
469 727
425 877
69 549
156 897
96 810
136 850
383 904
341 783
69 731
18 598
27 562
296 709
491 847
385 877
226 990
47 725
35 789
298 829
140 928
6 997
15 963
113 910
114 524
162 660
373 642
368 949
378 681
113 566
43 664
386 546
41 777
219 551
146 505
42 935
472 977
93 613
351 804
388 652
179 873
260 832
192 845
203 1000
417 989
342 869
111 748
443 751
304 959
181 748
166 643
9 567
2 873
385 967
150 619
403 514
408 740
136 837
325 733
355 637
490 529
230 794
178 725
147 640
133 820
109 842
393 502
320 879
473 888
371 859
461 534
185 950
368 893
145 731
34 918
485 626
145 729
282 561
99 830
21 738
235 864
246 986
209 786
368 730
5 512
116 644
256 841
202 821
99 872
386 812
245 913
166 669
240 540
439 863
111 703
235 994
204 986
469 745
263 541
456 924
309 537
361 992
346 974
218 661
284 738
199 615
347 739
221 839
183 814
267 931
407 598
180 557
73 856
50 649
481 862
140 712
473 871
209 554
364 543
45 917
87 532
251 630
351 810
309 718
11 824
420 855
150 785
160 746
362 907
47 616
95 688
349 508
426 759
61 723
84 647
197 798
313 695
16 537
265 957
427 747
319 917
457 901
426 523
430 991
1 680
66 998
264 724
19 967
60 739
426 945
24 537
444 942
37 901
312 666
163 822
185 879
344 613
140 876
321 902
360 640
407 717
392 681
109 622
192 623
412 689
310 812
288 883
110 762
388 919
425 901
194 828
207 961
208 899
125 844
25 817
52 513
78 502
380 742
28 541
310 657
71 960
8 911
230 884
435 919
48 724
193 934
124 521
96 554
71 978
199 536
216 519
152 890
61 664
53 914
370 531
487 836
73 756
209 923
207 738
345 576
79 823
246 964
228 912
337 654
42 789
211 587
197 976
333 922
150 897
44 529
97 501
13 804
41 692
165 537
478 704
184 580
174 859
414 753
14 815
317 963
93 531
72 982
36 625
102 935
42 922
214 829
448 507
129 711
339 659
303 612
280 648
277 501
119 899
420 803
102 543
336 816
449 574
394 837
242 922
233 659
143 752
293 650
227 586
112 670
391 911
428 833
152 779
396 580
447 722
351 828
273 723
203 532
1 579
446 981
449 931
398 971
350 651
59 849
377 557
43 523
434 966
254 671
82 577
146 588
118 830
345 737
490 543
9 551
282 980
482 910
135 876
203 568
239 882
416 791
187 515
176 662
428 502
115 624
434 845
301 807
66 732
152 704
109 734
222 931
96 631
394 947
58 745
60 603
257 844
387 985
25 504
223 963
36 996
443 657
247 595
398 732
274 981
376 625
482 768
90 543
286 951
430 840
255 607
394 945
258 950
381 811
499 732
375 915
248 945
323 958
38 525
311 668
78 508
197 662
277 864
315 607
42 854
439 688
415 762
407 542
286 585
431 767
402 675
362 859
246 748
70 570
180 915
226 998
234 603
6 783
175 504
493 727
398 785
219 789
40 734
429 998
398 611
72 527
309 832
88 820
210 915
38 880
341 652
418 803
358 850
338 647
391 838
458 964
374 789
66 577
315 712
34 835
156 805
100 938
293 667
175 524
245 531
430 728
7 971
337 554
139 916
181 935
485 820
400 847
176 718
201 910
94 566
149 988
350 796
98 937
50 873
420 629
178 544
228 586
170 979
244 611
315 951
237 786
411 714
458 586
410 931
176 571
147 671
322 712
39 996
332 755
420 832
172 680
153 606
149 543
60 707
373 951
218 685
165 658
253 995
56 738
191 580
367 514
90 931
35 818
253 752
53 646
151 950
402 741
339 696
461 878
331 726
198 706
39 684
442 913
94 965
209 694
112 600
459 562
193 810
222 810
223 536
355 863
137 892
112 684
235 891
115 771
444 903
71 964
190 871
311 548
389 986
41 920
245 947
245 640
226 903
290 673
280 912
247 785
222 615
338 752
266 655
362 757
36 892
149 723
188 1000
404 946
440 622
172 831
430 994
375 625
159 832
379 991
299 802
166 658
82 925
170 625
130 794
43 965
262 603
434 806
107 553
475 820
113 529
72 931
141 653
436 984
287 633
490 673
294 555
12 972
64 980
198 865
472 600
212 572
405 538
441 950
266 933
302 554
163 698
193 825
5 819
428 965
201 866
187 689
396 565
334 904
71 835
386 670
368 731
190 931
342 962
129 758
286 819
227 551
418 727
331 706
184 871
390 837
1 903
101 971
169 722
451 885
314 514
62 669
500 502
212 986
265 873
249 762
365 674
339 871
454 538
245 876
158 562
176 892
132 776
302 645
139 592
95 642
198 743
73 827
215 549
498 857
482 627
378 996
355 565
76 903
234 515
179 605
143 633
365 652
37 926
120 594
363 845
262 989
306 915
284 688
433 907
255 863
86 794
284 982
189 868
13 515
403 643
92 926
318 518
142 919
264 599
182 636
372 544
407 750
307 909
179 668
98 530
453 756
319 647
330 678
485 974
196 839
477 977
295 596
431 665
196 759
68 704
378 950
335 537
328 525
321 561
260 846
177 716
131 908
347 847
203 963
114 975
320 719
314 855
397 542
44 760
335 855
448 994
185 576
348 558
300 510
238 536
473 950
220 953
332 776
254 945
449 644
163 633
494 875
388 876
136 515
426 808
402 514
190 772
104 820
43 670
29 531
228 625
309 988
319 869
21 572
193 837
388 589
102 789
235 869
120 794
190 738
177 833
121 733
448 666
302 759
331 850
24 668
261 650
226 524
106 902
19 554
481 806
250 935
409 666
261 644
268 913
84 902
357 755
469 932
308 853
137 720
28 524
160 845
385 710
189 634
124 890
368 910
392 993
93 600
12 512
206 510
206 688
477 692
96 902
49 543
275 896
205 731
74 967
115 658
90 912
426 600
72 915
458 629
441 832
13 807
381 924
38 542
25 595
145 765
36 819
465 786
83 994
464 843
358 869
497 989
16 902
137 642
158 749
459 554
276 951
198 835
2 643
429 557
69 748
30 703
341 770
60 543
317 798
207 800
266 623
32 604
351 988
92 868
243 644
265 615
270 700
23 576
256 538
96 807
434 852
437 626
316 719
496 536
310 501
118 779
115 678
23 956
216 613
460 714
403 774
98 610
110 677
367 817
488 977
292 793
488 589
342 512
242 892
247 680
147 612
97 928
473 611
471 682
172 891
147 891
20 682
193 636
469 712
63 662
162 791
42 677
178 715
210 621
494 798
104 835
82 530
311 881
143 611
291 562
115 524
42 931
226 615
444 803
456 844
73 937
496 980
78 813
299 747
319 878
314 618
82 647
82 810
448 893
440 757
188 973
330 634
38 781
207 580
100 803
40 792
104 632
113 826
341 763
144 635
113 549
388 528
476 999
312 656
289 908
267 708
284 641
487 854
492 726
190 863
465 799
266 691
181 708
67 940
165 803
173 635
402 817
23 900
402 849
146 763
275 921
71 538
311 604
322 614
147 922
475 803
44 829
171 552
164 652
207 830
311 887
146 819
483 783
437 655
88 600
119 767
351 737
131 519
416 818
191 766
250 847
196 888
64 583
218 582
291 960
14 761
392 835
451 874
25 850
142 868
386 634
259 833
285 560
143 989
393 911
45 559
101 522
8 884
405 738
231 784
489 934
450 842
402 738
179 913
147 920
221 536
31 904
382 724
406 660
171 825
24 822
409 994
461 762
386 548
342 848
478 507
37 956
445 915
337 750
275 600
74 502
80 585
29 562
98 588
365 792
472 932
470 653
499 839
339 850
74 601
357 554
316 954
264 847
394 942
370 910
251 723
47 807
222 798
28 845
265 567
440 998
228 705
162 516
310 878
366 765
415 851
249 705
489 573
10 612
493 601
89 644
479 797
133 962
470 824
151 835
376 665
88 805
436 539
175 793
413 853
132 554
81 874
212 737
30 529
355 670
496 757
59 936
338 936
459 837
376 886
437 718
190 634
237 895
168 918
440 531
441 911
135 978
223 567
16 663
128 567
194 815
156 818
470 609
323 794
365 816
254 872
23 879
130 777
472 869
255 675
301 973
255 806
395 684
297 743
317 961
88 928
351 642
457 737
266 553
247 523
459 922
219 575
306 577
386 961
122 679
77 707
26 678
161 730
468 739
58 822
496 839
369 531
448 879
369 809
176 684
48 872
291 735
209 751
465 547
135 813
225 610
12 550
462 895
270 622
230 651
257 581
380 731
491 854
386 692
264 777
387 916
460 663
377 638
65 799
209 996
433 875
351 783
359 899
207 820
55 748
297 996
127 795
229 947
224 543
112 951
265 732
151 703
463 621
330 834
283 877
175 866
156 738
270 851
19 570
118 964
171 809
415 745
105 809
468 950
372 878
251 761
238 896
368 735
348 550
303 788
220 761
85 553
238 511
404 905
18 736
439 738
157 701
156 921
301 907
248 716
437 723
170 926
352 551
430 961
334 884
70 806
42 808
171 788
432 577
427 893
228 526
156 628
249 546
66 653
221 894
82 502
