304 625
471 914
341 873
341 595
383 951
175 902
41 619
187 686
144 589
216 651
225 729
46 927
153 639
322 698
27 834
53 780
102 945
386 519
171 570
44 952
187 529
208 935
238 694
298 685
500 846
241 766
171 698
63 907
400 875
252 941
469 531
272 626
402 950
102 604
364 679
125 616
240 956
453 633
191 538
248 510
319 734
389 565
303 845
169 921
209 587
209 722
115 613
18 648
162 752
186 896
40 740
372 877
306 941
56 791
381 662
313 718
137 852
289 610
307 630
62 845
347 777
485 649
434 740
426 505
258 869
16 579
32 578
217 591
159 978
452 540
472 800
488 664
497 703
277 609
266 934
358 567
36 769
171 974
179 623
370 747
297 848
118 863
450 561
398 646
435 530
295 572
304 559
410 929
439 620
89 796
52 986
421 841
85 790
409 892
80 580
35 977
204 673
475 747
251 992
127 806
170 776
117 842
93 713
168 676
80 759
449 999
273 791
377 666
49 835
197 630
479 570
222 745
384 891
477 883
93 796
263 894
305 622
427 752
491 703
439 506
382 980
377 697
358 785
95 887
185 631
110 659
201 555
269 837
114 669
188 778
423 791
34 858
36 552
81 878
248 537
55 893
199 869
42 589
341 852
305 577
224 550
421 966
244 709
445 741
456 928
41 523
195 760
465 859
427 564
458 851
418 770
280 994
69 506
276 882
358 890
330 778
404 841
247 919
157 873
346 897
31 841
313 569
210 915
187 877
87 990
11 786
49 630
268 667
39 732
30 806
311 778
305 785
358 703
496 593
487 738
160 990
423 905
370 828
284 914
426 505
411 803
472 640
474 622
22 716
421 850
297 517
465 968
382 519
303 535
44 558
168 961
213 524
331 527
248 573
58 617
490 540
62 864
157 782
222 949
41 559
426 966
355 612
223 514
153 904
44 555
381 638
178 643
331 943
244 846
468 729
391 751
167 788
374 535
153 922
338 960
170 796
318 755
374 884
351 742
349 837
467 859
61 778
54 659
500 541
78 915
23 665
130 794
52 903
346 534
480 688
422 629
472 932
47 860
247 633
476 515
312 897
454 939
417 918
181 594
430 953
399 856
94 710
310 740
135 640
210 623
289 982
49 714
384 914
423 839
444 799
387 745
213 513
225 999
97 900
389 518
218 504
296 711
356 872
75 815
400 851
458 529
161 722
278 739
53 718
335 656
232 585
415 835
121 589
122 835
231 818
415 814
342 533
58 543
324 840
44 903
313 705
294 995
8 731
259 999
149 875
14 996
61 576
246 768
262 605
373 753
209 869
253 984
30 904
23 525
248 864
241 707
275 962
27 664
229 767
245 803
366 940
466 991
129 567
93 889
218 920
43 577
246 922
301 903
38 945
79 531
322 516
464 730
444 585
371 683
299 831
111 643
494 863
459 690
343 754
140 918
220 504
329 502
374 843
200 865
39 859
111 756
308 691
427 726
7 741
152 873
81 634
399 757
344 994
82 674
317 929
125 716
392 738
187 860
225 520
52 638
374 559
205 679
36 858
114 649
479 559
155 701
391 950
484 711
112 910
92 732
465 944
433 612
482 762
460 707
55 585
382 792
311 652
396 981
408 897
52 930
59 653
37 779
294 778
305 564
295 684
191 746
159 695
130 980
399 885
344 683
312 766
278 979
164 898
40 914
301 914
359 943
397 801
256 564
450 689
260 602
29 517
123 751
153 958
161 622
164 882
179 696
115 532
84 549
127 839
4 563
449 601
434 751
170 516
44 828
80 667
463 925
86 791
49 605
112 986
236 619
499 603
358 572
14 586
106 980
238 895
374 864
469 791
287 820
159 717
265 867
178 619
32 505
214 983
127 677
209 509
324 895
135 775
251 767
431 904
171 557
184 596
176 643
29 590
454 783
438 887
32 724
158 768
314 603
454 991
191 679
296 735
169 883
242 568
412 960
259 770
110 773
491 551
222 821
43 724
217 965
367 653
53 581
143 966
80 912
26 658
333 798
486 903
200 1000
481 667
460 764
482 706
463 760
149 645
280 703
268 655
125 607
423 892
376 506
250 845
51 712
274 662
454 728
310 852
61 753
223 614
476 785
459 576
119 630
262 544
443 710
122 504
145 961
303 700
46 646
143 577
363 557
413 961
40 615
110 627
326 822
158 902
154 627
244 716
71 808
425 684
275 902
218 540
329 558
63 631
163 874
75 919
390 525
115 912
376 942
441 934
239 541
393 539
260 589
69 882
372 918
127 766
425 515
172 970
62 796
213 988
485 606
127 623
203 525
190 610
418 741
259 772
223 543
267 565
207 694
350 941
167 881
178 714
489 812
258 843
112 798
107 559
411 937
102 513
255 849
57 875
159 642
137 803
70 907
68 693
487 874
449 730
359 580
155 695
282 508
354 657
278 775
353 654
168 791
21 559
77 522
478 807
416 509
236 685
41 711
353 749
392 947
270 877
220 805
311 865
458 650
5 724
115 632
305 706
373 550
477 814
61 776
286 566
276 878
351 994
450 777
461 887
55 536
339 753
28 776
405 856
400 706
287 728
353 530
50 731
240 710
371 828
435 660
85 794
2 672
165 819
228 630
253 674
53 785
68 566
333 904
228 993
46 957
72 643
333 683
421 995
344 863
187 625
45 563
271 917
2 501
375 910
351 649
233 526
170 868
410 776
60 654
438 894
284 694
288 693
36 740
260 717
369 899
314 821
120 528
280 919
106 652
424 924
443 688
433 747
109 983
167 780
240 829
68 543
240 971
124 702
328 859
427 532
174 682
41 503
371 543
404 505
120 897
68 597
479 851
14 962
481 765
87 652
363 984
428 514
418 742
451 701
265 540
130 535
285 813
84 703
1 775
51 991
123 659
171 603
240 795
430 806
409 553
323 808
400 698
314 755
54 569
32 938
148 960
185 662
194 590
416 867
286 617
371 993
280 778
374 776
15 759
155 820
317 841
372 511
421 771
264 593
128 734
89 804
269 765
332 945
269 656
416 972
291 906
67 806
383 747
54 931
449 506
475 520
435 584
496 550
295 943
381 656
301 639
448 649
216 897
88 797
218 627
218 704
61 506
9 891
157 653
29 771
498 896
142 667
239 887
144 649
397 770
220 819
318 892
497 843
82 949
105 953
468 660
193 733
103 697
153 711
57 598
484 870
343 728
243 616
128 611
105 764
237 722
381 899
322 985
372 951
277 945
369 866
199 710
241 532
477 781
24 899
281 658
353 913
496 883
412 920
292 758
349 832
471 549
244 989
92 649
363 833
203 526
358 705
336 742
45 512
268 801
302 797
383 992
48 931
196 756
295 782
65 594
163 597
13 821
391 740
74 531
446 881
234 559
133 598
140 717
43 994
144 545
356 667
15 875
343 988
210 554
327 912
361 516
370 538
190 884
441 951
157 757
70 661
180 849
331 887
50 510
89 912
475 934
347 846
72 814
470 740
52 646
180 526
49 868
258 739
290 544
35 581
352 916
359 537
377 510
276 593
408 808
216 721
390 736
409 953
169 511
8 751
391 590
183 931
210 569
164 618
458 999
329 805
189 609
117 739
436 993
211 743
309 555
100 834
402 541
142 826
304 819
235 995
21 826
5 597
439 958
318 902
335 743
399 617
1 848
124 539
232 943
355 566
82 961
372 651
342 568
41 970
302 904
332 723
337 625
83 979
400 684
81 549
441 806
324 759
366 722
403 518
137 836
341 680
478 602
364 554
331 895
182 524
366 739
293 524
55 565
461 643
112 685
227 748
235 833
392 763
94 919
463 541
184 715
274 787
251 562
249 616
23 910
498 993
187 615
359 653
37 677
212 745
453 628
311 613
234 828
243 765
28 986
137 509
132 612
498 629
7 687
195 616
140 856
298 549
346 754
449 602
390 942
84 608
276 888
57 604
373 935
301 599
370 928
444 705
470 780
248 804
418 838
208 562
363 582
473 885
324 916
499 989
64 875
300 681
100 723
349 608
243 725
450 713
261 884
210 506
305 666
178 899
225 731
308 534
473 910
296 980
29 625
13 925
210 559
266 960
327 809
151 784
430 595
215 509
289 811
273 839
4 518
134 768
189 609
379 923
36 762
229 913
221 616
435 776
163 850
122 862
339 903
457 695
65 648
347 862
401 612
211 706
461 532
393 675
20 605
290 852
194 905
477 985
16 998
476 755
275 853
187 557
408 613
427 606
169 999
224 734
243 683
205 804
170 700
4 606
342 971
298 954
153 642
364 698
119 636
280 733
364 726
133 622
305 957
169 757
350 850
424 668
236 970
14 629
36 673
492 869
220 661
73 623
129 536
287 736
83 744
244 707
36 608
63 716
109 821
424 940
182 501
228 950
329 781
470 646
425 637
196 671
21 763
12 852
366 776
269 721
420 803
86 718
122 631
59 637
1 746
37 562
97 524
121 866
406 605
53 648
309 971
204 937
76 890
471 920
70 947
283 613
259 568
265 750
321 679
355 939
138 720
402 865
371 628
425 997
198 790
107 942
491 519
386 843
393 837
97 738
404 779
447 736
66 904
270 830
147 627
73 774
345 884
45 571
238 898
213 790
431 826
118 996
292 530
498 672
260 642
276 989
428 948
302 979
145 839
379 583
431 677
133 890
53 584
95 618
7 872
387 572
378 655
262 961
325 655
249 577
465 636
251 954
323 661
471 748
369 563
345 969
417 618
459 537
111 960
302 548
456 562
22 941
303 826
356 534
283 646
240 844
146 721
333 673
157 793
373 769
310 685
204 621
285 521
351 627
48 900
344 774
298 919
35 846
358 794
43 851
25 626
324 836
88 526
468 598
211 691
308 912
218 995
166 645
422 993
261 907
131 627
46 953
95 972
276 724
290 968
391 646
274 528
132 677
487 637
183 654
476 783
364 924
43 524
457 714
90 836
8 892
67 766
90 665
188 779
377 697
330 729
284 591
439 720
164 719
346 523
316 633
479 949
86 798
124 841
68 531
245 541
413 560
278 518
93 634
274 683
481 875
33 592
126 864
71 681
100 656
132 800
400 635
69 631
100 617
353 942
251 972
383 563
452 825
444 659
95 676
277 825
114 764
439 821
78 653
353 965
407 886
58 687
250 903
402 982
498 958
77 820
237 920
147 969
58 680
160 830
73 692
33 545
303 613
25 523
253 995
427 907
199 628
372 625
144 641
264 740
368 639
340 850
243 829
375 814
410 795
350 575
412 707
305 978
465 561
110 749
273 946
204 887
223 652
339 604
339 655
103 978
114 687
145 974
392 584
43 793
88 964
149 592
353 663
215 767
398 753
220 514
337 689
17 570
126 899
290 587
166 794
480 713
360 842
282 689
188 829
374 963
314 595
271 660
369 905
304 550
219 987
112 579
266 952
160 839
460 818
378 832
218 888
404 673
112 821
126 550
94 885
58 829
193 691
351 727
265 600
168 679
161 715
411 527
376 520
113 533
38 688
210 958
163 750
286 936
97 716
342 723
301 513
14 958
425 972
163 985
331 750
4 827
207 550
483 751
111 546
312 822
139 619
186 561
400 858
484 907
218 869
9 786
373 725
92 874
415 811
361 987
221 670
128 566
20 537
229 713
462 628
403 614
85 530
34 572
337 914
82 872
423 921
17 546
56 568
456 543
340 540
21 754
272 579
324 889
152 848
344 534
166 871
158 858
1 954
227 817
207 862
227 638
478 901
327 693
227 801
231 512
228 559
292 798
126 764
480 927
6 606
249 736
114 915
321 868
496 812
14 592
446 940
310 616
245 544
128 782
170 671
101 745
244 663
443 845
455 688
179 777
488 617
128 743
288 521
116 685
369 990
241 945
257 825
415 702
426 910
274 935
397 680
399 588
185 875
340 916
452 824
360 751
287 565
272 881
254 851
2 734
432 709
223 689
190 767
172 866
231 806
383 554
251 703
96 565
339 692
200 696
363 578
13 753
117 859
368 877
98 708
232 584
95 887
335 642
93 904
320 763
490 886
445 740
108 618
430 721
291 992
379 600
215 711
236 701
300 565
309 506
267 716
440 752
64 817
425 721
48 969
56 538
322 898
334 822
273 852
309 579
5 858
118 726
197 521
125 587
265 999
14 675
114 792
398 683
88 705
304 943
6 864
480 751
421 836
361 879
340 814
63 709
87 604
489 760
126 671
339 792
291 855
147 558
235 773
318 982
325 610
476 939
115 537
294 842
193 763
107 865
62 982
375 916
439 638
10 674
328 888
341 543
210 929
178 662
487 836
320 773
308 790
352 619
318 944
9 930
44 637
257 994
321 710
380 765
158 993
240 1000
108 998
460 663
386 758
48 629
454 883
293 636
39 771
277 739
314 735
52 967
484 941
338 529
14 900
91 739
188 991
120 998
227 808
245 533
146 787
315 819
448 936
346 529
308 513
53 822
329 744
239 681
319 655
398 622
263 573
382 543
311 551
193 947
327 526
317 744
480 971
289 519
422 745
436 659
278 671
369 845
107 560
174 604
357 999
82 601
390 830
300 745
186 511
24 794
305 543
109 507
389 635
481 694
437 895
149 769
169 824
416 644
213 738
1 866
431 831
79 615
276 941
477 696
4 658
322 951
43 839
336 847
31 767
69 729
206 892
94 737
54 738
42 976
62 839
38 855
295 732
3 700
37 872
328 617
146 618
164 763
174 705
209 531
371 573
302 811
500 833
146 978
106 889
299 787
342 811
382 755
28 730
333 578
240 986
187 743
272 897
401 551
408 998
324 728
369 649
182 537
218 840
439 704
133 824
258 861
65 642
350 913
440 740
290 795
461 609
93 960
30 594
210 796
286 965
235 661
306 928
94 610
337 850
176 721
264 930
104 985
76 593
487 760
176 851
455 690
448 866
72 863
86 823
221 795
473 553
55 502
260 658
415 521
269 675
494 851
336 710
412 744
401 508
53 547
221 780
424 643
260 745
417 941
350 917
273 654
135 914
203 619
353 888
142 595
111 678
209 849
19 953
92 853
50 575
483 699
429 666
136 881
159 993
418 786
124 584
346 957
450 815
410 715
25 740
161 531
25 617
26 811
88 502
192 790
471 632
454 966
388 577
486 873
209 747
282 804
446 731
107 921
444 901
430 827
483 979
63 814
239 634
115 828
465 745
216 980
298 722
499 516
413 902
339 799
47 977
393 746
257 596
319 818
186 881
403 538
181 590
459 696
330 944
369 976
145 896
248 854
175 881
422 532
302 567
91 649
110 828
264 974
47 596
384 813
154 552
345 756
332 549
26 809
410 516
34 905
154 835
71 652
457 746
176 676
99 826
304 965
42 908
113 872
400 833
473 568
20 772
277 928
252 672
240 562
473 733
165 859
278 736
192 571
273 611
356 978
256 629
355 985
449 797
277 830
325 653
167 987
319 604
343 764
182 531
307 957
453 791
32 752
48 578
384 642
90 659
493 548
150 647
486 530
473 941
361 964
6 587
390 787
369 858
314 858
432 974
392 539
133 719
124 762
47 666
376 587
268 563
226 914
439 843
402 610
58 714
207 909
218 940
181 756
424 929
141 779
265 915
301 747
351 854
73 731
494 692
497 935
347 896
246 933
312 540
29 927
465 878
380 859
311 633
326 559
323 692
498 585
112 920
144 545
428 944
29 628
346 859
216 612
435 813
307 663
222 510
210 981
467 719
304 947
477 916
34 671
407 785
428 717
445 815
26 695
257 581
398 749
98 621
348 662
422 981
18 510
381 561
461 900
353 624
283 971
153 511
415 757
118 546
375 571
376 595
175 885
280 708
330 841
266 983
394 872
53 793
23 525
303 774
165 548
426 950
374 643
206 613
359 585
407 564
394 712
136 795
70 877
232 878
190 749
49 652
76 815
264 591
232 826
213 620
229 575
64 845
266 585
157 1000
153 935
149 640
257 955
13 552
442 873
148 833
394 778
395 637
315 634
435 699
195 746
482 912
309 720
199 629
257 861
39 813
67 884
230 855
432 884
333 602
55 909
311 692
166 654
354 722
379 1000
372 509
105 870
348 661
174 949
220 958
317 937
228 803
35 510
197 779
391 527
443 940
6 777
45 903
82 691
462 840
239 918
173 952
27 914
104 736
85 618
362 956
256 757
313 961
150 943
175 927
449 779
354 544
113 755
277 763
487 927
130 702
99 571
463 956
496 675
488 578
112 562
88 779
211 708
275 560
478 558
168 987
53 835
360 613
31 791
344 907
99 930
442 598
62 735
385 587
275 631
35 999
319 520
416 844
203 884
61 785
220 807
114 989
401 794
96 617
347 618
215 666
215 613
191 968
274 891
164 949
374 986
404 871
223 584
169 748
119 784
466 931
319 726
228 788
7 722
490 835
67 940
327 894
418 579
122 528
106 620
422 802
334 553
393 802
373 991
353 723
162 565
312 784
405 628
372 763
248 694
188 680
47 568
277 907
242 522
123 680
87 614
279 976
143 856
175 903
323 979
159 620
331 838
337 690
495 802
269 825
441 692
59 892
202 649
373 921
493 658
53 555
407 938
120 621
208 981
83 956
284 682
59 714
18 666
363 794
498 761
192 594
142 672
150 611
403 818
439 795
161 982
192 974
233 911
417 515
209 729
389 888
206 562
496 900
19 674
152 742
71 727
113 849
260 694
258 924
160 867
133 526
497 765
206 813
123 615
494 915
266 663
165 859
12 779
192 796
324 641
474 957
64 608
327 824
143 564
457 819
285 545
329 875
343 845
337 921
272 972
154 825
317 699
416 776
376 635
191 794
153 695
370 872
36 675
224 908
194 890
378 864
160 702
458 665
282 758
99 855
319 760
261 816
442 565
234 863
282 551
378 688
187 914
164 869
94 702
68 619
414 919
348 840
78 746
88 673
99 519
167 810
148 782
146 759
284 940
163 690
244 990
483 831
14 750
40 806
436 517
251 554
2 518
446 652
450 735
24 598
226 719
417 752
492 796
495 956
272 823
25 884
312 903
426 972
99 740
184 604
235 849
66 815
46 933
60 691
14 777
310 933
230 945
82 944
77 823
294 908
47 729
38 520
266 942
399 503
418 954
441 887
457 551
358 581
9 588
483 825
