456 970
238 645
72 520
331 956
305 807
355 652
379 804
305 667
209 977
99 885
343 853
395 944
66 591
153 844
165 670
455 692
290 815
337 772
22 830
496 988
26 936
169 809
399 874
480 827
328 813
214 601
416 772
201 578
477 650
454 664
125 517
103 508
15 932
434 756
497 810
171 688
121 924
330 616
197 930
55 552
198 732
123 853
198 568
360 713
387 687
3 874
73 745
200 993
322 672
461 627
419 744
332 791
356 804
132 647
411 894
284 761
53 690
482 924
404 638
117 903
138 958
94 820
154 708
339 907
346 581
326 882
346 541
290 946
46 693
291 928
486 745
52 868
399 683
270 575
442 528
233 870
253 716
63 632
152 501
306 819
78 931
463 953
274 738
191 872
150 503
313 821
45 962
339 999
159 501
214 684
19 923
107 711
212 582
50 686
273 908
465 593
168 998
99 803
351 619
396 667
480 857
433 809
437 943
346 864
255 738
217 905
405 949
41 754
353 820
28 549
264 927
374 986
60 972
167 691
307 612
216 605
323 804
74 634
22 679
158 568
163 725
347 603
432 688
6 620
273 875
396 897
301 874
361 967
99 681
433 662
55 632
280 706
201 742
481 827
382 515
208 505
135 776
451 740
449 532
55 778
384 980
15 883
353 742
425 707
373 818
27 952
290 668
94 599
3 976
496 911
277 794
276 812
157 513
296 714
169 640
59 800
238 658
119 562
290 922
169 867
480 547
22 997
251 596
32 847
138 957
115 733
274 832
185 573
230 835
179 589
229 638
70 963
187 514
99 991
61 527
335 710
494 644
368 765
310 914
254 739
299 543
177 963
324 706
104 848
49 849
375 919
407 591
428 840
418 564
14 936
385 801
477 704
485 780
265 980
145 971
293 741
434 572
250 720
368 564
464 553
14 752
139 932
112 686
86 870
126 598
337 663
164 654
222 535
445 520
252 783
87 523
375 635
204 642
449 996
225 621
499 988
217 678
5 862
347 592
274 830
13 976
4 690
201 921
457 919
81 579
237 808
53 841
84 740
43 753
446 661
279 732
442 652
64 718
184 741
77 941
181 650
251 800
59 864
146 799
411 737
305 543
256 890
318 965
474 873
491 638
420 653
332 791
160 618
85 878
130 876
152 558
10 796
404 811
465 846
131 976
294 678
454 881
176 554
129 663
294 825
78 899
383 687
344 852
53 543
302 965
209 762
399 980
466 708
208 793
38 650
188 675
399 691
363 524
403 794
471 973
431 512
142 741
25 881
314 825
430 683
16 784
136 902
250 898
88 504
281 745
406 841
365 820
229 801
356 943
16 889
122 929
476 814
454 568
437 710
163 692
298 660
303 872
138 868
37 682
437 908
54 861
429 652
109 527
495 711
379 916
120 693
40 997
114 927
3 830
14 960
391 739
381 828
290 617
76 637
29 837
7 641
115 683
420 588
2 1000
368 881
483 567
438 522
124 712
130 567
273 881
129 619
142 653
167 714
219 605
223 866
380 623
360 748
386 733
22 886
494 976
349 677
116 535
36 580
270 625
25 649
4 938
301 661
385 768
173 687
309 856
500 874
79 864
488 935
205 637
27 938
50 942
218 823
122 974
167 966
299 598
79 741
397 606
254 503
415 569
283 878
144 532
134 656
259 644
412 992
335 536
65 761
329 901
336 730
61 669
354 902
27 549
137 936
395 763
206 689
410 755
271 962
466 784
208 825
316 745
7 805
360 685
65 682
253 519
490 770
324 534
395 576
420 759
55 697
346 770
81 871
328 933
345 807
164 984
343 636
45 894
360 786
298 804
377 757
416 698
211 749
452 737
398 694
497 873
136 561
22 817
76 670
180 668
442 515
313 787
441 712
181 939
216 568
122 901
57 798
146 653
310 975
197 548
277 525
350 524
171 870
9 944
337 612
12 501
103 831
233 516
259 772
418 950
348 948
349 791
398 812
482 670
423 643
79 729
49 645
30 748
341 565
22 599
376 739
352 915
495 877
349 921
247 874
294 809
127 742
439 922
344 841
132 912
391 890
498 705
479 716
23 908
28 519
181 763
270 884
72 602
319 840
119 674
474 767
477 629
29 567
397 719
104 787
259 771
329 575
257 856
225 581
295 686
234 801
249 874
91 577
455 780
352 678
354 527
478 843
109 811
159 734
85 693
105 868
68 886
256 609
364 681
203 889
293 793
116 895
248 645
431 728
265 975
190 541
202 959
277 769
434 562
23 975
63 920
42 756
298 723
190 566
383 665
190 813
296 868
126 524
79 941
181 638
126 803
466 554
103 861
110 938
125 857
31 853
324 666
34 581
495 531
323 564
210 688
337 535
257 865
191 848
154 795
285 529
325 983
343 714
410 612
2 1000
315 765
359 902
200 519
337 553
188 899
482 563
206 883
366 893
290 812
492 843
272 991
91 637
229 547
88 963
386 739
10 678
3 907
430 744
335 712
250 609
481 669
186 607
271 504
191 875
479 829
436 519
22 830
96 817
387 971
314 535
183 961
99 716
271 987
279 691
436 970
367 961
129 701
109 646
422 530
144 884
115 803
398 840
152 923
312 991
275 807
385 728
77 819
435 567
9 913
25 1000
110 785
206 619
363 832
36 662
371 954
149 549
499 502
398 717
210 716
187 654
8 838
485 621
157 705
219 509
147 591
307 659
91 737
257 539
357 533
24 843
281 526
181 997
335 678
151 775
127 664
113 896
311 592
124 630
498 769
130 882
395 526
271 607
463 676
293 664
163 670
27 570
212 979
207 822
362 813
345 860
184 568
334 945
86 720
64 905
414 804
256 566
165 863
39 911
313 862
221 664
64 796
450 869
161 909
349 677
285 712
129 903
196 620
153 835
241 576
373 650
128 933
336 998
173 960
192 897
33 660
484 638
69 732
234 653
81 871
290 579
267 941
56 911
66 501
465 583
250 749
434 518
232 984
212 685
367 653
8 509
13 977
99 681
169 643
319 982
197 809
226 504
185 501
215 651
220 657
88 996
55 954
9 552
182 516
198 601
296 523
205 561
325 768
388 685
220 546
61 876
455 757
371 577
399 643
228 793
261 652
13 643
254 668
452 883
301 673
297 654
167 811
304 826
104 674
150 812
334 909
475 721
55 524
357 622
494 609
235 581
140 809
407 672
119 853
492 944
111 910
350 913
277 611
313 531
421 953
183 959
366 756
325 773
59 997
421 845
188 886
10 577
14 993
367 602
182 757
343 880
368 706
363 662
317 957
30 728
263 520
367 856
425 510
256 509
294 807
359 755
81 641
20 813
436 580
391 781
223 821
162 586
65 717
412 559
203 873
12 957
316 824
253 851
21 782
434 592
255 992
303 631
129 609
136 843
485 606
463 989
240 684
251 705
2 901
50 611
178 526
316 510
411 863
285 567
460 559
291 872
383 603
26 856
411 949
443 664
429 766
180 585
100 550
223 731
345 692
487 678
373 694
45 990
423 603
124 759
98 903
424 652
166 822
246 840
412 905
471 880
357 840
291 971
328 885
253 836
436 975
57 803
20 721
31 991
258 524
212 717
289 720
229 767
248 949
75 793
436 762
368 505
149 541
97 561
118 811
50 886
283 532
86 794
163 896
166 931
197 696
479 686
423 976
148 605
136 781
437 934
201 577
177 772
319 519
162 878
465 664
209 904
74 997
99 984
102 725
82 728
187 794
407 739
136 857
380 574
298 622
270 561
53 640
369 796
431 688
354 668
458 954
72 509
383 722
436 984
317 845
26 672
33 674
302 888
343 578
39 791
147 766
349 595
354 542
79 865
212 710
111 960
457 764
312 637
280 808
291 766
222 646
73 751
288 592
464 883
271 508
358 616
148 586
315 801
13 960
287 956
432 957
48 671
315 600
185 763
134 795
451 602
78 850
25 508
273 831
168 689
453 771
233 609
494 865
255 739
206 742
222 946
251 704
468 892
215 548
285 913
88 516
137 671
423 778
436 732
390 798
305 936
197 760
80 673
6 921
215 647
171 829
141 694
197 967
465 744
303 592
267 868
410 549
341 629
59 711
178 767
257 641
183 558
50 785
401 970
160 794
253 676
2 750
480 683
392 597
64 755
341 555
23 930
115 980
78 632
489 577
57 969
430 838
383 706
9 956
265 507
103 654
91 548
334 875
46 918
126 987
94 668
493 867
432 872
32 954
373 968
84 681
227 943
366 774
72 928
138 732
348 642
414 791
364 980
3 576
124 835
355 555
153 642
481 537
178 814
447 886
392 697
364 596
92 974
32 707
279 724
148 570
188 950
272 944
115 854
468 705
25 686
174 663
297 769
70 799
149 961
232 563
52 583
353 686
483 637
315 782
423 562
220 979
423 908
426 631
325 759
179 663
194 591
174 504
32 572
84 542
222 983
75 652
313 654
478 516
279 624
104 809
161 730
174 976
470 575
441 605
50 887
242 529
305 774
164 874
471 860
251 944
266 791
109 755
372 748
356 792
215 853
62 945
190 945
193 660
455 905
227 811
250 754
198 775
4 724
329 990
262 560
419 988
136 769
93 653
378 501
200 740
349 692
425 579
258 963
268 860
361 939
475 659
455 867
472 757
149 662
410 832
172 980
133 678
139 875
265 710
484 588
216 834
228 952
424 965
486 718
222 565
247 679
80 967
323 710
34 714
7 723
285 744
443 888
367 722
41 883
410 842
311 800
126 886
3 678
30 823
329 852
500 955
231 815
449 816
276 506
217 660
213 984
300 930
261 943
191 710
432 974
150 558
9 830
321 600
299 617
466 853
95 750
489 770
345 805
270 533
124 790
309 656
31 654
145 833
140 941
150 616
307 852
365 807
57 808
493 688
365 677
128 747
289 597
486 844
410 973
194 790
345 661
83 918
384 745
267 589
448 544
374 596
152 873
34 787
320 509
121 706
190 880
187 733
332 941
281 887
344 623
330 685
368 685
121 541
236 719
165 859
273 831
332 634
32 664
374 770
335 634
157 548
470 723
160 806
406 580
417 749
388 741
428 995
286 846
164 514
381 688
277 706
121 510
238 909
347 846
70 917
293 869
318 759
229 853
229 561
100 586
384 692
147 715
233 679
281 794
269 929
161 848
281 856
193 704
447 771
6 579
169 612
207 522
192 505
338 972
433 627
204 555
364 599
320 949
12 890
394 776
345 905
200 687
421 849
349 934
492 510
426 509
432 640
383 994
337 821
268 608
495 946
481 797
125 727
457 935
429 761
149 762
70 837
180 594
1 718
393 947
245 813
41 756
443 627
228 1000
231 798
260 944
39 750
212 781
284 709
204 814
461 900
467 524
443 711
144 857
366 690
12 929
100 912
205 668
160 728
449 720
26 554
37 625
433 689
54 909
363 649
459 770
309 573
33 717
385 817
412 999
71 893
447 921
39 626
1 864
90 738
234 699
255 614
446 893
378 597
168 612
390 505
60 513
332 958
238 856
457 891
287 769
221 585
436 662
269 594
378 544
338 804
156 974
211 914
226 526
355 770
5 557
377 927
424 843
202 887
129 648
266 950
478 559
405 576
162 535
371 587
65 750
298 562
298 946
428 520
64 649
20 942
449 570
356 848
225 829
175 939
419 544
388 813
204 538
228 731
275 860
132 902
191 869
381 991
31 707
402 986
435 661
232 530
19 901
394 785
75 675
310 600
286 650
418 812
223 937
297 895
237 551
237 746
492 883
6 871
375 868
53 545
488 608
198 595
210 653
34 662
442 809
323 976
443 819
17 812
334 906
197 514
330 523
467 981
402 770
462 782
6 893
379 637
186 573
378 835
197 604
459 720
110 900
481 710
185 830
283 693
125 717
152 604
159 981
7 577
115 833
317 845
6 811
431 548
218 510
385 632
317 888
436 842
242 888
363 690
87 994
282 906
256 885
282 840
496 792
115 616
192 806
463 792
492 567
318 648
277 824
334 579
118 849
22 655
346 936
216 702
171 633
422 985
302 838
373 706
60 802
339 674
103 631
241 980
165 648
229 627
147 523
204 634
431 782
87 657
374 551
488 545
396 897
436 906
241 909
112 503
308 941
262 807
423 668
18 760
21 976
263 761
252 885
196 935
357 667
198 538
455 765
430 995
233 841
470 809
124 965
77 866
394 948
345 671
56 591
264 982
329 601
407 897
239 900
224 882
182 614
9 782
136 672
157 525
474 963
409 927
34 825
376 533
154 876
355 982
474 725
110 572
243 931
144 963
252 634
369 953
115 566
60 941
392 505
159 650
95 540
177 550
347 683
377 566
237 769
16 837
140 502
428 736
182 856
323 537
331 608
97 944
277 519
248 900
409 888
408 838
161 860
44 559
145 934
466 835
292 506
394 527
321 740
293 604
238 566
289 801
365 998
240 964
469 656
252 833
30 601
327 873
113 704
294 959
250 861
433 669
191 578
263 547
358 639
284 689
472 774
341 845
122 889
320 713
183 694
329 807
441 900
54 796
296 642
161 879
29 566
293 557
494 567
441 557
464 728
85 540
194 623
358 541
88 689
416 649
293 858
403 973
451 744
318 618
455 568
34 576
45 913
224 987
263 592
46 980
484 945
25 622
472 663
393 964
387 501
204 642
14 664
57 651
348 807
270 752
131 812
164 685
203 820
439 592
144 515
351 532
211 947
153 546
341 889
152 765
70 522
409 633
480 508
227 659
310 961
493 710
382 653
254 766
307 777
40 650
145 791
104 737
380 776
437 636
169 887
416 665
13 828
113 644
459 537
246 816
312 583
444 941
138 624
376 878
162 933
278 560
208 737
463 672
411 636
37 680
18 822
179 517
369 515
500 605
343 701
130 984
23 910
474 740
45 576
156 726
207 815
417 527
472 986
125 782
335 627
487 548
481 994
266 919
250 804
183 827
228 700
331 573
5 724
443 707
362 730
290 668
234 710
219 967
92 559
427 932
174 807
406 956
127 768
65 985
183 822
415 570
126 561
445 763
426 574
34 705
380 545
315 697
367 909
384 539
380 534
11 512
267 712
397 595
279 666
289 847
417 544
332 826
22 896
270 627
320 759
172 967
481 661
462 884
270 614
187 991
435 976
330 516
288 988
486 971
78 568
193 687
407 836
127 624
222 881
375 699
396 631
373 964
318 967
445 933
380 984
79 962
384 569
239 535
15 573
130 747
127 828
343 843
404 789
409 880
135 503
232 802
174 966
403 528
175 673
475 629
62 563
320 598
90 579
382 683
401 812
123 689
416 956
360 905
228 519
225 970
198 811
350 882
21 828
34 959
21 889
298 601
40 531
74 709
332 934
303 672
116 757
270 895
211 572
213 572
282 993
479 781
478 622
308 808
198 690
16 826
261 556
128 993
497 650
325 791
103 824
128 786
139 724
360 747
141 681
226 523
423 795
14 660
443 985
137 746
361 962
328 525
279 681
163 675
320 974
500 863
52 930
364 971
24 811
121 980
168 932
126 601
120 720
182 617
338 855
133 926
320 920
464 748
268 590
249 828
398 535
177 617
64 776
28 548
271 720
381 734
407 754
136 833
323 741
425 758
12 802
498 989
122 844
94 694
28 517
356 939
78 686
393 646
238 840
214 594
2 667
497 848
57 570
16 796
183 702
138 934
16 711
498 992
496 793
379 555
369 894
386 773
243 636
123 984
419 838
484 612
405 831
367 771
276 745
310 827
391 803
442 963
141 528
380 936
141 771
354 932
426 816
458 902
212 547
44 683
112 836
136 997
490 655
227 808
45 755
224 540
113 840
427 638
251 950
340 607
100 771
391 931
162 661
306 959
256 606
419 683
468 669
241 669
421 534
478 845
235 708
368 843
62 740
294 745
160 532
361 622
90 890
433 885
116 590
170 856
310 671
483 841
406 883
228 536
378 836
455 621
335 991
192 607
31 693
174 646
315 779
329 657
134 642
407 994
46 661
98 664
489 981
65 871
85 965
280 767
403 751
34 718
336 501
101 663
263 653
160 851
500 542
46 779
85 555
141 826
99 564
138 771
262 611
227 723
423 547
339 633
191 621
434 676
400 541
241 689
85 703
465 539
129 607
151 906
156 622
125 530
462 749
10 815
315 532
196 716
297 656
231 671
62 734
468 623
229 931
233 975
297 749
311 637
192 938
363 862
403 874
302 807
356 631
213 560
388 974
113 546
398 701
405 521
325 516
438 806
474 535
462 634
418 768
62 724
347 723
129 661
134 892
276 707
465 667
64 867
146 664
269 914
434 575
360 941
77 973
251 743
435 621
302 742
341 935
339 710
449 790
112 591
358 926
125 546
94 667
238 814
355 968
114 644
393 693
20 602
60 837
261 884
194 694
418 839
195 556
361 727
28 654
163 869
250 888
229 808
486 516
43 805
426 540
445 630
128 643
333 993
370 812
52 879
312 685
16 922
126 978
139 936
68 683
374 940
129 551
439 800
146 767
331 724
344 994
397 940
11 638
310 814
284 522
387 813
125 875
268 614
194 574
268 874
469 597
314 764
298 626
100 778
108 945
160 960
215 930
156 803
178 502
17 831
190 843
35 952
50 886
404 667
269 653
117 562
127 641
336 686
21 648
318 602
311 710
292 978
290 581
43 563
11 855
86 671
159 784
460 766
400 757
94 975
299 710
82 851
89 764
381 982
426 991
476 672
413 832
473 770
270 799
15 587
384 724
320 519
137 864
487 727
103 892
398 669
234 601
268 644
219 555
180 746
364 954
315 884
201 684
325 829
229 649
486 965
201 702
246 513
414 617
92 790
312 782
312 574
275 893
480 832
50 645
53 693
413 567
252 602
203 808
59 555
270 991
360 839
500 880
335 618
60 532
169 914
336 906
253 560
373 649
295 922
496 820
153 639
487 526
273 810
341 595
394 821
227 588
492 966
262 514
321 823
299 618
342 606
247 757
355 681
454 716
369 568
257 766
152 601
469 773
344 603
111 977
80 685
181 853
431 905
1 682
384 516
478 836
342 820
199 850
22 623
388 750
462 693
434 533
447 562
82 990
292 772
479 776
69 597
194 852
121 679
427 605
125 687
162 757
337 652
299 609
498 685
140 763
415 965
220 554
346 570
161 902
