334 424
637 164
124 114
852 951
724 642
436 721
27 710
660 547
442 767
63 48
881 799
104 493
480 453
374 389
728 901
381 800
562 156
802 318
816 434
315 250
988 582
103 577
279 635
459 470
932 676
768 97
884 295
750 666
257 170
572 569
906 974
608 491
999 282
513 993
204 679
554 240
522 618
927 291
839 625
531 35
304 145
796 423
443 505
937 673
622 575
762 130
370 761
561 624
901 298
277 125
352 834
122 946
237 721
386 318
350 179
858 532
452 900
730 802
602 227
352 3
505 439
530 956
431 897
704 731
690 956
795 293
199 97
576 779
206 561
510 612
473 702
238 204
163 264
551 651
672 161
948 525
598 990
855 778
482 536
714 451
518 580
458 837
126 826
902 602
269 67
663 46
154 670
550 412
175 813
600 973
571 424
514 227
976 63
681 431
243 899
356 976
259 104
221 672
566 838
468 60
753 869
41 84
577 520
880 947
175 925
429 914
806 305
134 393
733 37
686 535
33 2
41 199
741 199
581 79
356 167
418 343
646 71
892 662
810 714
268 393
557 760
397 45
999 786
465 269
451 293
531 125
518 731
648 877
670 999
879 146
716 407
432 329
794 111
830 154
827 160
169 938
529 881
984 647
792 342
143 837
185 393
187 111
97 656
344 288
329 113
559 937
832 105
657 283
205 766
452 400
872 848
577 440
101 453
766 684
704 668
799 602
446 575
746 837
560 680
486 931
76 256
87 784
760 339
500 917
50 248
182 243
205 185
433 89
703 430
523 202
558 397
18 514
487 553
57 89
145 989
464 601
521 304
605 574
242 139
799 73
722 105
650 289
617 759
82 299
636 848
663 402
27 270
617 588
935 607
370 860
330 981
65 101
752 596
504 203
526 642
692 970
658 886
712 139
864 648
136 565
181 413
998 937
506 916
97 672
666 387
200 815
381 16
756 345
850 465
958 232
997 135
178 731
825 909
381 910
906 442
274 776
903 765
934 5
910 300
746 874
290 311
785 339
137 320
613 279
736 187
931 261
784 748
644 1
521 966
804 692
327 532
503 654
175 345
644 981
971 629
452 64
918 254
516 805
337 30
62 631
945 198
578 806
934 243
7 981
753 377
419 892
675 229
771 139
37 838
765 306
576 822
498 413
27 512
830 329
502 825
599 229
812 155
79 351
542 514
889 388
272 773
59 780
787 756
336 886
999 137
107 195
628 687
169 236
433 847
155 673
945 765
571 226
587 906
730 959
217 640
864 942
982 982
471 172
472 611
154 593
917 543
153 980
236 254
441 427
978 464
726 277
447 747
430 631
911 209
91 449
163 187
989 278
656 426
759 292
470 705
887 462
512 246
528 950
217 280
976 432
519 791
978 855
893 275
835 580
63 247
235 694
900 684
829 420
42 937
238 402
150 497
698 887
892 906
811 895
963 610
259 659
625 917
374 253
67 736
913 803
354 826
514 213
882 946
316 473
139 133
197 727
946 747
416 686
269 96
818 657
427 554
947 210
791 356
769 152
298 487
981 63
892 180
809 806
880 121
878 469
225 196
170 888
673 298
82 72
153 198
189 345
653 873
255 568
548 684
444 298
337 377
973 13
671 321
324 298
108 33
915 368
241 549
304 275
766 543
680 638
103 636
622 413
24 972
39 285
197 351
143 523
578 943
132 344
68 448
656 114
682 888
96 101
496 552
151 338
418 307
371 544
141 433
929 459
120 839
14 416
62 214
71 356
857 652
720 44
472 341
638 560
638 979
375 560
405 621
858 600
16 390
747 489
756 954
558 259
423 29
862 278
535 988
58 456
600 659
996 172
545 129
232 636
570 413
60 822
371 330
950 557
799 681
899 334
742 432
699 557
903 273
907 176
374 820
808 315
878 354
620 674
235 854
854 330
194 311
189 654
310 233
983 844
956 797
410 578
857 213
196 238
190 56
317 189
813 41
195 428
310 299
977 109
322 311
227 702
225 971
342 857
752 138
890 693
769 774
179 113
83 923
961 965
138 354
938 719
706 727
474 714
111 18
79 656
422 73
255 378
256 295
473 908
983 397
658 965
113 434
369 201
793 741
168 711
620 923
331 406
96 210
702 805
183 246
801 296
818 273
306 203
919 788
257 314
86 344
850 825
480 256
808 488
85 748
987 589
561 801
917 934
728 756
797 478
223 924
532 828
227 162
150 630
75 342
819 311
308 582
146 904
194 49
677 125
368 300
725 384
8 22
697 142
567 262
466 229
315 885
271 969
931 229
240 206
115 138
707 323
753 230
953 401
891 849
574 470
114 346
48 253
410 495
934 440
709 835
497 927
776 236
870 464
700 503
546 410
716 79
822 582
117 703
564 797
275 844
376 757
229 958
262 429
712 354
544 343
34 375
835 827
282 676
455 418
920 352
533 946
881 503
473 903
482 367
516 842
603 515
703 521
133 318
567 905
914 399
29 835
542 902
212 872
844 767
822 199
295 119
88 798
859 789
995 736
4 811
177 735
383 155
202 777
596 850
508 523
80 390
349 24
512 97
899 407
205 386
235 298
978 404
611 934
351 417
675 150
454 336
646 872
154 975
854 290
945 846
373 202
36 258
322 268
328 887
992 504
742 998
344 648
261 293
163 704
720 802
629 160
128 81
868 2
196 188
549 103
121 448
400 208
138 783
69 222
195 157
473 934
540 130
495 30
172 782
256 846
356 711
259 655
479 532
891 16
104 593
308 851
194 258
484 997
939 501
364 996
370 292
605 870
735 487
395 95
432 654
787 784
987 486
859 653
918 446
226 257
676 241
895 513
313 951
880 377
423 278
766 958
9 411
185 501
823 364
280 806
802 918
720 139
239 203
646 261
376 631
308 269
201 596
737 793
888 430
187 259
562 661
913 851
928 212
497 260
750 591
348 168
512 854
642 63
603 604
289 765
516 151
66 747
382 899
117 297
569 75
776 678
477 206
202 593
799 853
815 137
639 961
980 693
54 430
599 519
940 392
132 461
164 947
431 486
494 801
918 21
548 738
800 284
970 858
268 564
42 740
622 956
132 53
428 947
678 424
508 209
810 579
310 938
400 471
248 825
703 347
654 241
62 322
247 134
683 888
604 162
95 124
209 209
481 929
299 489
973 165
97 489
725 471
390 480
317 599
899 269
940 754
124 175
959 196
214 44
213 610
378 175
256 741
665 705
823 723
18 775
500 737
708 743
136 977
454 248
987 738
654 287
727 390
736 304
972 246
309 780
516 981
614 657
477 185
330 849
107 303
65 960
25 347
329 828
823 998
126 77
479 220
56 123
760 88
788 607
751 553
605 54
925 427
260 179
905 950
48 23
302 374
307 142
75 730
127 983
241 997
1000 782
29 935
854 531
328 117
475 72
996 417
288 295
66 289
869 596
590 152
711 297
152 324
233 191
626 294
599 165
130 785
157 17
749 756
554 326
182 38
122 766
492 931
567 103
755 660
905 267
219 582
878 242
690 238
113 57
368 491
90 952
754 664
663 432
537 586
666 246
777 641
884 407
532 128
130 374
191 97
940 722
900 533
593 261
483 226
361 429
516 647
2 890
303 191
841 581
701 540
678 920
842 145
330 645
781 65
633 774
572 835
130 312
302 922
910 787
62 953
380 74
912 181
467 658
596 497
325 54
841 737
424 84
272 933
383 531
66 472
363 524
327 936
392 513
350 302
160 885
381 449
903 661
903 36
886 317
772 157
756 572
168 26
174 790
581 82
566 785
347 769
818 824
362 940
832 956
767 444
93 143
430 689
773 75
659 618
326 137
312 229
176 744
861 857
709 828
455 814
597 487
665 217
792 81
637 94
231 869
324 106
700 656
907 523
731 446
378 530
977 104
87 332
484 39
586 364
33 282
134 951
405 911
34 607
682 833
995 712
590 197
350 262
503 172
244 761
403 334
732 351
6 67
608 725
746 981
701 148
373 382
400 618
821 605
336 990
110 971
817 747
693 222
9 198
995 336
4 424
516 389
382 295
494 403
310 891
721 730
566 608
597 359
921 655
129 172
631 707
286 710
307 649
138 904
951 724
724 994
566 536
131 258
60 534
640 439
765 589
998 27
919 849
341 984
568 977
506 492
725 174
19 478
519 410
246 280
707 482
725 788
152 258
611 106
355 160
696 519
571 655
566 719
738 282
941 566
508 52
312 665
122 538
175 580
338 287
59 903
271 10
94 201
550 46
614 554
777 406
706 66
88 396
750 211
889 299
605 534
264 285
770 735
364 551
740 65
971 528
513 4
533 333
571 73
31 500
428 335
575 302
453 1
548 708
263 273
710 816
250 42
383 252
754 188
230 49
646 797
880 120
269 185
934 736
218 980
386 511
130 508
271 149
355 8
541 925
552 948
778 453
796 516
477 241
768 2
24 917
697 398
467 88
129 230
350 191
932 766
623 709
981 629
962 855
315 101
852 185
247 528
549 134
272 625
698 825
797 191
177 343
693 870
809 391
258 945
364 172
686 702
22 244
653 572
104 387
913 172
30 512
654 423
789 467
463 453
626 188
433 684
491 609
555 440
263 722
739 191
294 354
57 320
254 670
6 237
121 163
265 556
59 665
605 289
44 346
183 736
564 742
51 614
673 288
140 928
382 627
763 75
895 294
150 110
835 784
64 502
75 350
248 121
919 367
11 478
875 295
897 314
843 768
101 736
420 333
676 938
657 560
113 208
485 687
808 831
245 939
599 890
242 523
614 859
334 597
159 130
806 747
5 439
666 679
646 987
729 666
818 550
808 711
955 220
927 645
613 365
217 591
660 262
912 628
279 600
806 974
168 819
691 861
873 991
532 233
443 252
141 638
882 534
569 432
108 120
620 534
177 131
843 59
292 20
630 344
127 65
391 565
767 770
496 462
417 567
337 488
386 698
582 669
298 737
72 85
673 753
534 181
244 124
806 203
41 41
956 391
346 464
450 537
2 86
936 247
743 647
452 401
111 117
609 398
588 388
406 444
641 155
611 867
854 377
864 70
909 151
162 503
129 205
871 877
884 3
718 146
506 830
438 916
461 908
515 53
127 5
943 394
18 733
24 975
18 621
897 278
508 968
420 751
967 715
434 54
37 587
108 918
834 353
630 343
479 597
572 725
479 149
127 42
995 491
867 863
610 364
915 57
322 284
90 431
664 413
485 498
660 559
659 385
547 533
378 760
644 171
663 94
937 271
383 425
201 704
488 722
546 444
415 160
813 341
73 719
418 721
378 894
687 212
52 599
335 77
102 891
331 942
793 873
2 411
2 378
674 318
728 808
858 254
827 414
191 256
449 963
975 158
869 434
583 475
660 133
687 288
948 7
409 16
762 504
438 258
987 807
924 509
464 98
702 718
252 660
420 15
815 944
106 273
208 862
352 136
307 979
113 334
459 908
287 853
242 525
152 376
120 646
535 627
225 110
431 22
194 212
156 770
761 384
683 915
496 97
392 635
892 151
584 202
400 776
708 678
604 983
697 251
37 215
695 218
277 591
54 626
537 422
797 686
166 513
542 382
914 697
684 914
483 548
308 628
873 754
611 542
618 75
618 521
879 452
438 162
994 524
742 22
12 882
656 112
238 174
209 131
304 884
752 229
771 583
272 653
34 519
253 722
132 158
24 827
149 311
333 412
406 188
487 357
871 777
852 451
990 260
967 164
357 837
863 433
738 625
724 857
131 597
620 826
687 399
835 827
332 362
397 127
734 791
351 761
593 663
367 923
823 8
175 340
870 408
820 909
653 610
878 76
513 713
146 932
349 621
839 989
71 325
990 536
324 585
195 875
789 442
121 476
832 994
214 111
689 286
403 701
519 631
924 621
572 79
664 259
557 181
424 455
620 333
438 767
848 593
852 769
363 971
407 434
141 190
495 749
118 331
1 221
709 456
306 806
479 298
846 661
509 532
545 192
703 194
283 570
25 4
337 555
508 371
108 563
361 732
899 497
417 987
420 25
634 264
810 19
129 313
718 425
299 544
367 156
819 373
123 480
541 772
43 534
692 399
805 931
562 83
436 991
969 924
482 117
779 795
937 874
438 341
195 59
501 289
348 249
460 773
476 423
658 364
82 179
92 259
326 957
13 869
430 198
378 963
56 691
795 294
641 627
5 195
931 760
271 320
976 220
415 107
411 425
979 786
493 24
458 40
136 768
375 661
932 911
926 684
140 752
688 268
475 307
750 720
504 163
674 543
521 193
704 131
847 79
91 889
989 579
100 834
292 507
175 84
453 691
584 77
429 450
697 177
477 146
221 901
210 946
261 602
895 773
359 123
494 361
713 242
349 327
356 329
358 24
487 325
384 109
359 547
109 330
353 972
600 604
406 254
321 614
601 967
949 657
245 893
237 390
726 868
599 332
742 747
903 744
445 691
868 341
74 368
95 696
186 749
361 554
384 716
368 717
603 222
595 715
895 845
339 536
537 522
490 960
767 524
973 725
918 181
942 121
559 599
800 950
848 383
604 601
49 792
240 810
915 250
792 766
182 101
439 367
452 224
921 312
115 455
794 914
308 596
139 699
831 403
865 4
344 67
516 577
273 835
662 635
757 583
149 433
594 710
939 639
141 649
844 2
294 669
547 227
218 878
879 288
756 571
552 486
662 97
676 253
210 271
600 341
648 625
340 336
912 234
496 980
286 627
212 63
610 223
398 337
790 246
46 961
256 999
959 736
7 169
835 153
54 967
300 665
951 49
41 24
436 216
983 921
556 428
407 947
532 372
767 346
73 436
298 723
135 807
812 19
365 777
681 376
571 397
794 808
294 741
178 146
456 237
580 250
29 716
851 194
483 102
808 475
546 764
84 582
848 85
421 88
341 918
398 336
103 837
391 93
202 837
400 249
19 610
429 358
94 523
596 14
469 879
631 592
166 7
179 854
108 953
983 115
979 126
582 964
362 234
253 504
616 39
232 450
303 347
126 518
162 34
117 796
761 320
240 357
584 130
53 310
229 391
588 203
9 4
333 913
832 922
970 240
283 104
438 187
219 594
675 393
665 213
189 543
666 218
112 840
124 139
137 8
842 153
626 647
897 512
50 659
641 118
787 115
399 923
883 677
642 565
526 860
169 390
244 432
922 223
217 966
849 736
931 629
685 621
842 533
553 590
821 669
316 654
84 458
911 361
63 388
958 449
98 110
105 290
651 626
659 683
351 324
281 784
775 112
192 739
518 169
572 732
381 719
538 358
809 568
247 582
216 564
823 612
890 173
291 510
279 992
708 269
658 98
54 847
832 967
179 564
794 974
846 50
96 503
310 253
300 104
496 547
460 995
630 448
27 594
400 29
748 906
779 547
552 854
636 301
16 657
481 112
244 989
194 516
749 540
88 366
316 127
329 955
223 650
760 254
711 153
135 849
443 562
197 956
535 818
14 986
918 228
125 635
867 411
955 187
222 620
500 754
91 323
262 120
489 981
583 114
773 278
526 96
291 818
690 489
888 164
753 544
462 287
911 947
465 972
638 275
872 275
24 529
804 491
356 733
890 668
334 715
672 733
847 87
546 810
544 467
937 552
495 509
494 461
10 545
231 748
93 283
475 424
566 148
168 509
65 4
87 986
329 661
466 336
951 583
810 713
10 881
793 771
882 441
444 5
185 244
573 580
224 736
412 531
976 697
188 358
261 420
494 956
627 629
841 649
795 239
823 980
303 945
660 240
617 190
253 198
170 497
383 200
660 141
609 325
984 258
326 536
97 409
801 365
877 119
990 661
321 700
617 687
227 621
544 816
605 448
253 816
614 253
687 803
697 799
499 508
485 606
935 699
974 626
472 964
864 81
619 853
258 988
681 860
840 396
955 474
100 131
769 8
398 102
360 972
271 699
905 378
288 860
195 385
897 808
383 938
903 69
139 880
287 169
728 922
467 587
555 765
495 486
976 271
648 553
38 970
868 801
147 774
940 853
791 733
460 644
987 841
134 786
160 649
560 322
75 529
911 602
656 180
738 333
114 663
418 676
709 702
604 727
663 661
659 785
852 318
66 45
639 11
171 507
289 628
810 547
551 542
959 283
115 429
970 342
967 724
890 303
107 396
193 347
528 277
923 804
83 29
755 339
891 628
615 700
591 275
464 913
431 455
310 440
731 579
769 692
713 23
689 39
194 586
144 823
447 37
546 694
715 233
823 333
251 208
972 946
266 694
459 911
735 256
452 107
385 42
749 540
826 289
52 434
93 266
22 908
361 743
65 78
788 639
98 396
18 101
619 556
983 611
392 657
572 32
381 987
123 641
169 53
712 298
38 210
397 989
882 121
615 678
637 351
274 679
513 879
306 751
528 296
938 752
227 561
464 856
70 503
59 804
245 450
761 907
426 192
890 646
212 443
87 646
167 268
134 154
49 600
447 828
820 408
38 534
750 441
376 920
57 690
213 457
31 39
583 410
20 99
934 129
88 317
686 746
696 962
245 877
749 792
734 12
880 316
778 351
314 382
864 533
198 561
349 879
198 9
586 656
212 549
161 930
412 548
30 881
97 355
882 438
807 91
206 33
784 87
364 529
840 467
553 43
445 630
515 683
499 946
390 341
515 880
56 717
459 234
315 982
3 516
227 166
700 804
492 421
603 751
714 847
910 947
281 510
810 712
803 814
453 325
563 649
271 6
222 923
75 167
695 160
564 470
837 609
830 240
847 948
375 600
163 924
868 89
280 336
413 269
730 593
687 692
471 305
898 243
212 385
137 877
204 287
115 237
754 116
110 787
604 612
142 879
207 584
225 290
69 338
21 362
57 30
284 267
131 658
437 274
145 335
322 756
28 81
970 199
603 549
285 907
702 479
473 937
244 90
563 966
273 727
425 33
125 853
956 234
653 997
266 964
909 822
354 304
460 460
520 887
379 575
210 367
267 837
654 288
68 445
351 410
635 585
508 934
424 444
37 220
687 98
934 246
799 361
366 715
905 58
356 607
571 973
644 147
170 143
908 352
824 975
564 163
556 337
311 778
694 883
575 792
769 502
285 576
717 44
581 403
211 756
660 861
31 502
97 156
294 436
1000 207
58 841
776 308
851 801
197 505
978 390
