346 639
323 759
217 691
20 903
425 914
219 825
172 567
93 814
402 848
356 941
404 850
422 600
299 806
170 835
365 722
197 945
488 936
255 743
465 687
445 929
390 594
69 626
184 536
183 774
495 547
29 892
408 665
10 781
371 705
248 770
496 528
393 690
347 972
276 937
76 965
298 684
228 643
421 648
447 987
260 864
92 621
252 652
268 547
388 989
10 865
40 944
452 893
472 878
486 700
212 717
14 888
214 592
104 938
166 618
1 713
464 849
2 984
184 846
291 835
297 930
165 515
138 624
49 570
468 757
161 846
11 517
139 867
407 601
63 771
350 898
398 753
1 525
408 574
62 898
431 691
492 887
38 957
497 902
444 978
355 541
271 621
121 540
217 651
208 804
204 800
292 626
440 653
19 936
311 832
43 623
99 843
29 824
477 742
95 715
327 823
367 942
487 700
1 574
162 520
492 606
314 590
266 689
330 597
87 643
114 802
51 803
476 819
80 674
489 905
388 936
376 659
161 786
466 693
251 842
136 908
341 904
291 786
112 657
263 844
125 647
359 922
209 862
337 977
450 715
419 893
249 735
452 575
87 577
368 922
356 799
403 510
73 933
489 685
491 818
287 931
71 765
114 728
222 737
474 709
214 675
25 674
154 551
126 814
208 654
249 893
394 822
23 684
412 607
160 862
1 987
66 858
25 523
464 899
141 815
490 801
399 508
358 843
124 718
132 991
60 956
45 804
474 901
475 941
223 708
418 562
324 776
329 583
310 750
304 912
2 546
242 737
217 942
387 884
318 778
97 738
479 771
129 859
78 977
233 778
413 721
43 687
324 593
393 912
220 730
290 828
352 896
235 845
346 759
455 871
493 696
481 559
21 872
218 792
79 650
160 908
484 536
27 787
83 677
474 971
230 849
54 584
252 998
303 770
28 811
300 620
267 735
456 596
111 877
415 751
51 836
57 826
184 980
171 657
244 853
243 592
100 619
70 515
94 808
352 610
252 809
143 734
428 800
183 568
400 691
122 510
85 527
79 755
384 668
172 978
209 910
109 657
364 718
378 501
400 878
10 796
237 966
139 584
384 571
328 773
383 879
369 807
362 776
403 519
43 708
395 606
398 832
299 944
160 621
194 909
335 670
27 773
183 624
68 943
327 681
46 637
99 671
334 864
79 675
344 840
262 888
131 978
497 621
399 909
269 687
420 664
72 881
140 814
216 874
366 806
237 740
28 599
19 744
99 872
206 696
62 639
321 660
373 881
155 826
226 576
144 685
78 573
136 550
100 928
246 547
151 779
366 973
31 902
442 562
480 843
50 949
452 651
448 975
430 595
132 581
392 610
417 684
198 835
423 813
421 883
266 525
286 756
120 776
20 612
482 903
62 659
420 872
1 895
69 552
246 571
139 698
479 930
124 928
436 829
139 810
68 535
418 769
197 545
219 1000
181 954
427 851
108 943
140 593
86 969
470 660
213 712
468 685
67 795
172 809
39 656
170 703
348 550
402 642
270 907
282 512
117 947
139 569
285 686
444 586
310 536
100 798
366 694
272 842
105 569
369 515
302 522
366 702
423 695
250 824
132 691
432 831
128 666
207 964
92 801
440 532
350 677
401 563
144 995
410 973
429 559
37 707
490 799
262 800
47 928
366 755
412 668
226 949
316 827
352 509
135 752
304 760
88 516
255 901
353 979
438 639
354 883
399 838
59 662
346 938
220 506
239 716
316 745
359 927
374 930
403 559
391 915
258 939
264 910
314 526
84 699
448 638
248 759
267 937
325 870
208 736
374 747
332 854
478 809
201 712
489 828
306 640
429 945
359 840
124 621
444 521
161 791
296 803
79 862
233 506
316 502
494 769
420 704
93 634
227 667
266 872
460 784
16 758
76 611
41 867
369 933
377 778
187 982
58 677
72 673
11 549
292 601
12 603
274 931
373 783
7 661
321 537
424 993
282 980
235 697
262 530
233 765
92 947
180 993
178 674
426 599
93 917
156 692
142 953
88 902
385 551
103 675
397 694
404 766
259 628
71 713
19 827
164 781
490 597
497 981
67 771
304 516
484 777
383 883
171 813
265 630
408 823
365 803
322 579
172 537
128 943
81 649
131 862
416 741
65 866
285 694
478 1000
163 996
158 886
31 667
361 934
40 527
265 886
289 722
349 779
270 867
120 518
300 616
298 921
281 841
308 597
359 994
79 621
45 923
334 514
439 891
62 937
213 717
353 788
399 541
378 614
458 866
402 552
183 884
307 532
338 625
157 564
180 639
148 644
142 697
326 710
430 655
188 539
6 557
31 610
160 665
77 778
386 718
212 724
147 974
284 810
483 839
148 842
135 993
245 506
332 580
418 718
99 594
128 622
350 718
386 905
14 787
317 986
178 785
96 704
262 564
350 592
55 707
398 922
481 903
209 937
276 538
312 812
224 518
49 673
427 981
197 918
370 670
335 974
365 986
244 710
398 530
446 665
383 807
284 754
245 704
406 900
481 563
300 654
274 739
466 667
14 961
346 534
158 747
435 549
262 659
50 820
281 596
279 840
392 976
485 764
66 652
221 861
192 752
24 629
479 667
19 522
137 848
294 550
254 738
163 841
229 502
262 832
326 928
264 938
422 777
485 747
463 641
92 993
454 822
209 529
473 808
99 534
7 679
222 592
293 913
164 771
162 898
125 981
129 626
272 960
449 790
277 640
484 986
328 561
449 754
39 502
41 506
70 689
413 721
274 873
410 826
100 917
302 733
201 761
127 881
111 663
268 962
251 662
341 754
276 793
342 871
1 960
219 985
11 749
179 897
188 552
144 666
19 776
451 847
258 563
411 865
272 795
266 772
239 720
188 781
45 785
252 688
357 679
271 770
291 893
259 892
220 790
355 730
122 601
481 875
194 814
331 701
91 815
493 588
50 874
317 831
236 885
331 526
233 517
354 639
96 708
329 792
96 609
108 643
165 663
394 923
138 843
368 521
274 680
225 800
206 705
439 836
76 522
175 754
294 959
2 951
272 947
31 566
460 932
275 862
267 673
109 779
271 601
92 517
258 545
103 796
476 863
411 503
156 691
236 818
325 798
380 596
356 732
343 774
225 974
477 787
327 680
37 648
204 904
240 938
106 904
280 628
169 666
60 847
216 722
167 735
214 892
72 961
254 552
160 588
477 809
453 621
298 865
232 691
153 736
438 901
165 786
494 580
273 689
158 629
411 1000
222 741
326 961
345 691
426 700
454 945
247 785
199 929
278 758
74 543
446 664
311 932
89 819
471 907
418 995
331 915
374 625
160 735
19 651
322 508
113 716
160 765
476 613
390 878
429 969
293 631
199 652
167 628
365 926
161 927
400 665
140 872
223 780
376 670
374 995
187 735
347 586
9 646
120 938
500 556
35 567
14 543
403 923
483 597
249 581
52 527
96 561
377 926
125 560
135 832
247 948
258 873
385 899
154 745
111 934
332 625
195 536
380 815
332 988
109 518
340 657
72 703
245 930
234 685
157 695
208 516
402 543
242 531
449 708
190 993
83 773
427 618
204 995
462 816
1 553
256 987
495 661
293 660
3 887
312 834
382 946
26 788
114 665
115 888
18 981
440 774
465 968
323 958
423 508
54 930
204 723
103 935
94 809
474 993
22 856
20 911
217 836
490 623
386 512
201 882
143 711
183 900
86 532
259 912
259 510
182 690
69 694
54 671
432 665
228 612
395 842
275 575
71 782
267 937
421 697
316 994
175 987
253 874
277 724
248 763
47 909
6 542
26 762
28 918
426 761
342 788
250 811
166 745
286 807
477 709
94 966
206 685
432 936
369 794
292 719
113 512
316 737
61 708
471 655
186 552
77 814
353 932
334 715
342 638
495 568
225 713
363 893
263 536
86 666
308 877
140 728
16 548
276 817
499 588
331 792
352 700
7 637
389 985
158 720
432 794
13 821
432 718
229 869
431 702
238 898
421 556
110 643
19 618
153 620
30 581
39 990
354 742
481 936
277 786
35 688
12 677
182 522
97 714
371 620
297 817
470 926
37 763
154 630
56 618
189 569
378 947
279 661
295 540
326 607
86 669
111 717
126 537
41 672
261 752
297 918
105 742
423 959
380 786
286 813
37 987
40 757
297 940
311 686
116 897
407 885
358 667
127 844
347 525
222 777
416 611
385 512
44 701
28 635
361 661
393 723
246 534
270 751
234 556
112 916
118 799
113 960
235 685
355 703
220 763
459 654
55 721
370 990
215 871
143 877
142 644
198 611
307 562
458 797
32 995
435 713
320 634
327 522
107 987
380 563
120 506
151 715
328 791
267 608
167 558
23 635
58 679
183 770
393 739
341 934
358 877
300 741
151 535
401 716
211 601
354 691
442 699
370 697
316 611
261 568
457 643
180 645
191 791
396 837
436 882
123 718
417 789
143 948
475 632
89 664
387 703
428 889
213 749
271 972
226 993
219 810
13 773
210 657
429 623
134 787
376 796
457 697
166 924
151 566
474 773
251 951
309 527
400 851
58 832
407 767
384 967
354 996
413 700
259 858
419 761
347 622
460 964
118 564
105 796
415 913
152 957
340 733
153 643
358 851
436 933
37 534
296 740
92 866
466 722
302 567
496 776
44 947
13 826
247 568
182 803
450 590
266 954
94 845
32 611
129 671
418 708
231 992
334 642
256 810
395 703
193 836
349 867
19 683
278 562
142 589
482 807
138 919
259 563
180 995
485 826
372 864
100 968
414 985
490 877
146 749
181 553
133 988
302 539
39 776
338 537
155 956
365 634
52 908
153 837
164 822
363 640
86 547
177 939
170 961
316 567
88 551
338 768
113 694
201 655
381 604
260 931
486 633
489 567
384 779
445 969
35 751
195 581
366 795
323 811
459 511
320 659
402 610
275 530
88 856
91 673
321 559
31 621
282 536
367 565
266 968
271 648
343 698
400 568
170 915
390 962
66 838
225 932
104 971
222 727
37 765
141 642
322 520
82 631
278 716
295 988
4 888
60 780
428 814
20 728
15 528
409 591
35 737
482 840
82 674
483 877
69 977
140 860
349 729
22 908
371 761
424 668
242 546
77 868
92 816
209 911
72 942
16 581
236 546
184 798
491 616
388 552
346 968
421 784
237 816
19 897
98 556
395 994
202 557
7 689
452 942
73 950
256 654
298 640
339 767
361 615
332 728
17 656
383 887
330 996
244 763
480 876
271 627
341 995
213 735
303 831
386 839
270 949
106 875
493 790
286 610
25 767
142 683
279 502
278 950
159 707
24 611
327 550
13 821
155 956
438 733
378 802
126 585
164 832
309 645
160 790
129 795
139 747
286 738
141 901
322 971
6 658
425 554
256 598
126 650
109 949
433 578
445 513
77 840
496 754
382 602
46 536
344 705
435 776
172 675
87 726
141 755
13 691
306 768
464 664
260 655
155 554
254 973
485 624
57 604
99 512
451 986
485 800
118 824
277 761
434 758
208 809
465 947
171 810
208 743
247 840
37 671
191 714
34 912
436 544
37 820
114 816
365 505
270 546
70 549
391 968
202 687
409 749
73 607
146 841
321 879
147 747
255 508
150 740
68 949
106 648
219 896
493 704
480 835
497 747
321 818
65 561
98 879
163 824
382 846
312 871
215 718
395 567
264 768
328 862
225 935
347 933
305 952
267 632
362 559
68 860
86 931
483 694
278 927
394 990
181 982
274 599
479 619
355 687
145 833
422 651
83 976
407 919
403 690
158 596
188 977
27 665
253 761
70 720
299 718
268 561
64 589
9 761
207 620
82 545
37 848
376 642
201 634
319 669
230 818
153 794
248 668
262 718
115 516
391 746
119 781
51 728
39 682
80 525
177 749
302 657
370 544
74 851
371 909
206 910
250 644
51 590
367 729
455 669
192 858
188 724
330 563
7 786
52 798
128 566
89 949
91 512
115 854
286 966
39 580
201 894
280 770
51 851
222 690
85 508
53 549
490 831
194 780
442 625
458 588
374 638
257 586
404 658
281 551
266 716
245 874
241 995
477 656
196 971
69 782
407 508
463 790
6 769
108 862
133 974
249 924
10 979
359 794
372 577
241 984
228 585
83 930
272 910
241 706
166 787
186 755
458 626
372 513
115 783
363 749
361 885
308 518
206 628
64 792
259 646
338 611
182 509
391 538
421 786
202 555
273 741
43 974
162 585
93 560
203 817
252 516
138 993
352 587
9 864
459 625
240 964
57 541
189 527
344 966
206 679
488 727
411 958
236 874
459 838
319 733
376 789
40 700
4 697
489 736
441 772
317 620
117 870
13 783
336 944
475 977
132 569
321 754
281 723
129 902
151 583
476 509
255 578
376 974
314 855
449 626
65 777
61 636
454 773
448 742
402 540
230 672
256 926
148 830
144 628
26 916
110 800
73 628
440 982
415 792
472 703
61 645
165 884
162 544
73 896
142 581
478 603
17 983
56 869
194 515
176 858
294 986
114 690
187 825
367 867
15 851
273 659
220 548
353 619
152 757
4 807
29 527
136 690
332 696
279 886
412 642
55 691
109 917
162 605
169 666
275 762
376 850
393 532
106 778
475 929
218 528
201 731
94 983
392 835
457 635
155 919
249 987
339 546
327 968
4 863
269 933
372 667
35 886
322 936
331 571
39 572
260 993
279 655
345 626
413 623
332 857
214 892
23 658
294 633
159 789
73 663
493 512
32 816
237 513
114 791
494 744
37 727
151 763
52 792
149 811
254 744
441 690
235 937
135 975
439 840
254 927
169 675
285 506
438 968
467 890
125 641
341 559
316 545
339 626
146 675
57 954
475 554
201 719
400 875
368 629
417 507
10 735
246 599
331 725
352 920
34 996
88 848
162 544
55 621
101 601
81 531
204 672
102 562
386 906
80 800
419 950
117 850
274 575
275 753
41 816
38 765
238 779
152 741
12 721
400 839
228 617
178 597
271 590
98 602
161 984
195 580
3 741
411 844
370 925
324 688
121 653
134 723
485 629
122 855
484 898
223 950
108 529
18 762
84 762
385 746
418 575
448 859
302 980
36 921
201 611
270 778
486 716
20 552
453 530
266 645
396 877
57 916
161 994
463 933
25 962
419 778
481 908
410 633
487 733
44 757
470 777
463 762
128 591
338 950
56 837
383 715
476 513
436 652
30 736
157 910
412 519
365 671
108 564
95 855
141 628
324 928
375 718
482 927
183 712
205 599
261 806
18 527
327 690
452 643
484 641
316 909
400 874
42 614
65 844
45 637
363 579
453 724
338 562
104 913
265 1000
238 744
214 832
366 607
428 831
241 821
276 579
312 643
239 969
25 752
99 824
102 818
30 942
152 518
190 883
28 741
40 599
129 962
214 725
327 793
103 967
392 810
106 884
437 855
194 778
358 772
108 897
381 962
294 741
339 781
40 878
494 957
92 760
237 672
369 888
259 708
222 525
144 749
220 562
376 941
97 574
301 996
434 616
52 992
478 891
457 803
164 671
207 935
106 808
330 661
193 558
111 974
460 677
364 660
265 828
428 576
139 611
320 976
60 614
260 718
407 556
84 972
343 850
231 571
467 507
31 520
497 898
156 834
433 703
136 833
243 562
57 976
141 548
109 608
366 860
500 713
325 596
97 618
312 506
172 937
103 592
240 787
423 741
409 506
7 962
245 729
126 666
334 576
18 671
33 854
166 523
90 786
376 912
465 791
362 685
188 524
385 844
91 710
117 658
160 761
100 845
408 706
296 584
459 620
477 540
175 688
367 824
447 576
382 799
153 928
428 941
83 657
292 522
213 544
72 818
185 578
241 613
228 564
255 874
491 888
272 880
276 891
116 661
438 739
399 785
20 888
127 985
4 866
129 688
61 979
346 503
237 681
322 830
141 720
24 634
494 716
365 970
259 772
270 903
294 715
244 678
17 734
175 569
55 751
412 899
104 798
453 802
449 547
138 582
212 835
470 606
248 810
139 623
319 866
223 625
58 665
36 915
284 855
57 873
327 824
459 613
421 678
292 768
209 663
141 761
419 938
36 937
378 744
62 618
107 968
302 990
254 728
387 825
224 579
449 850
435 594
416 930
377 889
74 607
311 866
103 745
164 877
232 505
393 867
351 917
107 591
369 701
450 804
342 647
339 780
324 937
361 782
211 672
280 746
447 951
481 934
316 740
255 655
187 632
399 561
192 927
186 862
245 552
498 878
311 913
92 514
458 914
42 855
14 893
493 890
405 574
305 530
297 555
12 801
471 970
129 832
199 520
272 695
492 565
243 684
69 662
461 761
249 717
238 507
133 905
480 861
192 507
17 900
158 735
386 764
151 848
6 909
171 876
173 721
332 742
35 908
149 948
99 672
112 928
188 713
39 521
84 837
450 556
39 886
491 531
47 699
138 880
110 687
10 619
113 862
72 594
183 971
237 777
393 685
389 607
314 609
27 857
234 881
65 563
478 770
321 835
369 942
195 541
302 776
88 976
487 503
118 867
215 526
431 581
262 642
84 770
166 840
318 637
385 595
39 869
334 570
456 725
117 542
332 943
244 687
209 725
39 583
169 691
190 748
454 543
241 754
64 881
372 592
244 549
195 826
173 529
413 892
297 588
33 922
441 894
63 684
371 909
314 859
122 880
259 852
312 777
493 727
133 887
377 561
492 830
198 816
314 560
449 972
205 818
241 958
486 707
28 912
53 701
74 677
107 749
159 789
137 999
17 836
128 773
441 563
45 738
458 624
414 608
196 970
195 993
307 761
279 920
174 515
216 755
465 565
329 543
239 813
196 858
245 944
60 657
165 649
291 988
461 975
96 630
278 875
346 939
133 993
45 652
494 531
294 975
222 521
426 609
375 542
149 982
304 640
408 822
325 526
79 974
119 778
219 817
429 883
112 656
58 922
243 565
292 522
248 788
387 599
478 956
255 604
493 920
148 831
218 607
28 904
368 578
267 782
70 560
203 959
339 609
63 621
55 697
484 584
256 896
424 693
142 694
178 921
290 657
379 524
83 938
63 560
11 625
475 911
29 774
274 972
402 776
341 632
33 955
467 568
450 676
163 593
127 835
