1 75
1 76
1 33
1 55
1 70
1 16
1 99
1 19
1 58
1 92
1 76
1 50
1 61
1 74
1 25
1 32
1 77
1 84
1 49
1 52
1 18
1 31
1 55
1 57
1 99
1 56
1 31
1 57
1 97
1 94
1 67
1 97
1 79
1 100
1 80
1 47
1 12
1 83
1 86
1 91
1 15
1 65
1 56
1 59
1 58
1 11
1 63
1 70
1 58
1 43
1 58
1 55
1 36
1 52
1 34
1 41
1 51
1 42
1 56
1 10
1 58
1 12
1 82
1 64
1 64
1 82
1 92
1 67
1 61
1 59
1 4
1 63
1 59
1 51
1 44
1 51
1 47
1 34
1 24
1 50
1 28
1 46
1 82
1 96
1 77
1 97
1 33
1 82
1 93
1 36
1 39
1 51
1 77
1 70
1 79
1 46
1 73
1 45
1 36
1 29
1 43
1 14
1 91
1 43
1 28
1 72
1 25
1 48
1 36
1 43
1 40
1 52
1 48
1 28
1 98
1 43
1 53
1 48
1 13
1 93
1 75
1 38
1 62
1 97
1 29
1 25
1 45
1 1
1 52
1 29
1 84
1 26
1 93
1 51
1 97
1 67
1 39
1 46
1 95
1 32
1 5
1 79
1 38
1 11
1 27
1 20
1 100
1 53
1 80
1 23
1 8
1 68
1 21
1 62
1 15
1 82
1 84
1 59
1 64
1 57
1 52
1 52
1 57
1 24
1 39
1 8
1 38
1 97
1 11
1 1
1 56
1 8
1 37
1 95
1 54
1 25
1 47
1 70
1 32
1 24
1 6
1 38
1 24
1 98
1 14
1 40
1 18
1 95
1 51
1 10
1 3
1 80
1 19
1 15
1 80
1 73
1 61
1 38
1 8
1 85
1 76
1 41
1 69
1 20
1 68
1 51
1 55
1 27
1 46
1 9
1 8
1 41
1 75
1 78
1 40
1 51
1 10
1 27
1 65
1 67
1 74
1 95
1 51
1 69
1 63
1 85
1 74
1 35
1 32
1 25
1 80
1 54
1 2
1 11
1 84
1 43
1 52
1 33
1 50
1 81
1 16
1 38
1 13
1 48
1 69
1 91
1 49
1 11
1 48
1 9
1 78
1 53
1 46
1 27
1 61
1 34
1 95
1 85
1 90
1 28
1 35
1 46
1 7
1 20
1 1
1 17
1 55
1 50
1 9
1 69
1 24
1 51
1 24
1 42
1 73
1 33
1 10
1 29
1 84
1 10
1 52
1 62
1 42
1 77
1 14
1 94
1 95
1 82
1 68
1 64
1 46
1 9
1 53
1 11
1 8
1 100
1 81
1 12
1 56
1 57
1 71
1 64
1 62
1 65
1 86
1 60
1 21
1 43
1 5
1 33
1 60
1 10
1 20
1 37
1 97
1 50
1 41
1 76
1 14
1 92
1 56
1 38
1 59
1 97
1 24
1 80
1 57
1 77
1 52
1 86
1 19
1 65
1 61
1 61
1 35
1 48
1 9
1 86
1 21
1 12
1 37
1 4
1 83
1 74
1 59
1 100
1 81
1 73
1 62
1 33
1 18
1 94
1 1
1 52
1 74
1 50
1 54
1 56
1 91
1 96
1 8
1 82
1 34
1 41
1 50
1 74
1 11
1 22
1 99
1 47
1 64
1 22
1 42
1 13
1 39
1 42
1 53
1 26
1 45
1 23
1 43
1 44
1 88
1 9
1 69
1 33
1 82
1 34
1 1
1 23
1 48
1 83
1 51
1 84
1 99
1 72
1 28
1 63
1 44
1 66
1 33
1 92
1 93
1 87
1 5
1 69
1 21
1 88
1 87
1 42
1 42
1 10
1 9
1 80
1 62
1 59
1 41
1 1
1 34
1 64
1 100
1 81
1 16
1 2
1 27
1 65
1 18
1 71
1 48
1 97
1 21
1 73
1 67
1 19
1 1
1 85
1 53
1 88
1 44
1 54
1 53
1 87
1 3
1 83
1 23
1 29
1 17
1 82
1 19
1 86
1 41
1 25
1 37
1 55
1 99
1 23
1 42
1 22
1 65
1 99
1 66
1 74
1 6
1 73
1 93
1 55
1 69
1 25
1 15
1 17
1 60
1 80
1 58
1 18
1 54
1 95
1 10
1 5
1 90
1 66
1 34
1 35
1 51
1 39
1 14
1 43
1 73
1 47
1 54
1 78
1 28
1 26
1 10
1 87
1 44
1 49
1 64
1 83
1 8
1 54
1 1
1 40
1 83
1 45
1 18
1 16
1 82
1 7
1 41
1 53
1 53
1 14
1 96
1 45
1 100
1 69
1 74
1 34
1 74
1 30
1 45
1 57
1 26
1 99
1 98
1 10
1 88
1 26
1 39
1 17
1 11
1 66
1 85
1 45
1 77
1 27
1 96
1 53
1 52
1 66
1 80
1 31
1 44
1 97
1 1
1 13
1 42
1 63
1 57
1 66
1 14
1 32
1 96
1 11
1 24
1 67
1 36
1 18
1 87
1 71
1 5
1 96
1 5
1 1
1 84
1 28
1 37
1 36
1 13
1 40
1 77
1 53
1 64
1 88
1 66
1 72
1 16
1 84
1 50
1 96
1 67
1 97
1 93
1 33
1 71
1 43
1 21
1 3
1 35
1 67
1 24
1 98
1 60
1 87
1 4
1 35
1 65
1 91
1 52
1 76
1 36
1 2
1 93
1 8
1 35
1 56
1 39
1 33
1 76
1 94
1 100
1 63
1 52
1 80
1 93
1 51
1 99
1 49
1 4
1 25
1 19
1 13
1 57
1 46
1 45
1 86
1 79
1 98
1 72
1 85
1 28
1 12
1 44
1 47
1 6
1 94
1 87
1 62
1 85
1 65
1 65
1 10
1 97
1 18
1 59
1 12
1 43
1 20
1 56
1 74
1 72
1 22
1 5
1 3
1 84
1 37
1 52
1 5
1 57
1 56
1 52
1 41
1 58
1 81
1 10
1 40
1 98
1 97
1 68
1 99
1 86
1 52
1 72
1 50
1 86
1 64
1 41
1 48
1 79
1 20
1 70
1 96
1 43
1 65
1 70
1 85
1 80
1 49
1 83
1 91
1 57
1 11
1 57
1 59
1 1
1 11
1 97
1 63
1 2
1 76
1 86
1 93
1 29
1 63
1 14
1 79
1 29
1 38
1 56
1 5
1 24
1 17
1 65
1 68
1 14
1 52
1 34
1 65
1 51
1 14
1 11
1 48
1 3
1 26
1 20
1 19
1 15
1 97
1 86
1 99
1 38
1 82
1 90
1 68
1 88
1 48
1 65
1 8
1 38
1 44
1 81
1 58
1 47
1 59
1 5
1 56
1 67
1 92
1 4
1 89
1 41
1 70
1 80
1 33
1 56
1 25
1 92
1 55
1 87
1 70
1 6
1 62
1 37
1 89
1 22
1 35
1 90
1 82
1 95
1 27
1 57
1 39
1 100
1 89
1 42
1 31
1 8
1 93
1 27
1 78
1 95
1 76
1 55
1 78
1 26
1 5
1 45
1 74
1 55
1 95
1 78
1 4
1 9
1 19
1 76
1 74
1 25
1 79
1 21
1 40
1 48
1 71
1 41
1 32
1 28
1 49
1 6
1 53
1 79
1 88
1 43
1 1
1 4
1 75
1 39
1 50
1 71
1 44
1 23
1 63
1 23
1 88
1 18
1 5
1 14
1 53
1 36
1 70
1 56
1 36
1 43
1 85
1 10
1 78
1 6
1 31
1 61
1 10
1 60
1 30
1 18
1 39
1 57
1 86
1 7
1 52
1 77
1 12
1 29
1 41
1 50
1 30
1 80
1 7
1 17
1 35
1 27
1 20
1 4
1 19
1 35
1 42
1 26
1 78
1 25
1 66
1 22
1 79
1 52
1 44
1 34
1 93
1 19
1 61
1 5
1 15
1 76
1 5
1 13
1 39
1 82
1 16
1 35
1 56
1 55
1 60
1 99
1 68
1 96
1 29
1 63
1 91
1 58
1 100
1 70
1 57
1 61
1 46
1 97
1 91
1 75
1 73
1 47
1 81
1 14
1 72
1 88
1 28
1 46
1 74
1 41
1 92
1 70
1 39
1 30
1 23
1 25
1 58
1 20
1 33
1 2
1 55
1 9
1 26
1 56
1 46
1 90
1 61
1 48
1 18
1 65
1 96
1 64
1 82
1 62
1 9
1 80
1 5
1 1
1 99
1 84
1 6
1 8
1 96
1 15
1 6
1 31
1 29
1 75
1 10
1 70
1 67
1 92
1 28
1 99
1 54
1 63
1 98
1 74
1 67
1 91
1 76
1 55
1 51
1 11
1 69
1 99
1 71
1 92
1 31
1 78
1 94
1 79
1 93
1 90
1 68
1 49
1 75
1 72
1 13
1 79
1 56
1 91
1 47
1 86
1 75
1 38
1 54
1 24
1 62
1 85
1 2
1 73
1 7
1 44
1 36
1 61
1 81
1 69
1 48
1 57
1 27
1 86
1 62
1 36
1 94
1 26
1 32
1 38
1 27
1 32
1 94
1 95
1 18
1 62
1 35
1 24
1 13
1 47
1 87
1 33
1 40
1 2
1 52
1 44
1 65
1 26
1 25
1 66
1 51
1 35
1 65
1 17
1 16
1 97
1 85
1 18
1 41
1 100
1 75
1 89
1 52
1 53
1 43
1 63
1 47
1 21
1 45
1 67
1 21
1 77
1 67
1 56
1 92
1 79
1 21
1 18
1 10
1 92
1 23
1 50
1 55
1 74
1 13
1 11
1 42
1 51
1 23
1 13
1 96
1 82
1 6
1 46
1 51
1 95
1 66
1 58
1 46
1 5
1 3
1 76
1 25
1 55
1 67
1 44
1 6
1 88
1 74
1 23
1 59
1 54
1 67
1 98
1 62
1 39
1 47
1 36
1 65
1 56
1 51
1 90
1 86
1 25
1 12
1 61
1 60
1 14
1 60
1 73
1 56
1 30
1 50
1 85
1 30
1 35
1 76
1 88
1 28
1 39
1 33
1 46
1 45
1 49
1 9
1 10
1 94
1 83
1 32
1 6
1 42
1 18
1 30
1 71
1 19
1 49
1 51
1 6
1 59
1 4
1 2
1 10
1 61
1 24
1 27
1 37
1 13
1 46
1 74
1 88
1 34
1 1
1 48
1 94
1 85
1 57
1 92
1 40
1 78
1 42
1 23
1 7
1 98
1 2
1 30
1 50
1 45
1 61
1 23
1 52
1 49
1 7
1 95
1 97
1 38
1 82
1 38
1 75
1 9
1 45
1 81
1 51
1 56
1 24
1 48
1 27
1 20
1 2
1 42
1 95
1 48
1 15
1 59
1 72
1 3
1 47
1 91
1 71
1 9
1 57
1 40
1 27
1 95
1 68
1 77
1 97
1 43
1 46
1 58
1 100
1 17
1 44
1 47
1 62
1 85
1 44
1 6
1 73
1 99
1 89
1 98
1 80
1 57
1 65
1 26
1 27
1 45
1 91
1 92
1 42
1 80
1 80
1 99
1 12
1 42
1 11
1 87
1 49
1 93
1 21
1 27
1 17
1 86
1 26
1 24
1 24
1 63
1 70
1 38
1 20
1 62
1 2
1 98
1 74
1 53
1 3
1 66
1 12
1 63
1 20
1 33
1 60
1 21
1 71
1 77
1 54
1 70
1 69
1 15
1 87
1 91
1 53
1 34
1 86
1 17
1 18
1 57
1 28
1 55
1 89
1 26
1 77
1 88
1 63
1 55
1 67
1 67
1 85
1 57
1 39
1 17
1 77
1 43
1 60
1 88
1 88
1 76
1 77
1 28
1 63
1 5
1 56
1 64
1 45
1 38
1 20
1 28
1 34
1 33
1 83
1 2
1 56
1 43
1 24
1 7
1 73
1 69
1 63
1 99
1 52
1 49
1 74
1 89
1 88
1 82
1 80
1 61
1 92
1 89
1 13
1 37
1 63
1 7
1 56
1 51
1 16
1 42
1 5
1 17
1 39
1 5
1 39
1 85
1 3
1 84
1 80
1 8
1 6
1 10
1 10
1 81
1 4
1 96
1 12
1 92
1 2
1 3
1 71
1 82
1 44
1 44
1 30
1 92
1 78
1 13
1 88
1 82
1 79
1 65
1 86
1 16
1 53
1 99
1 44
1 66
1 16
1 25
1 39
1 9
1 78
1 30
1 78
1 32
1 86
1 61
1 39
1 53
1 92
1 87
1 23
1 35
1 75
1 5
1 7
1 70
1 92
1 6
1 62
1 96
1 21
1 24
1 43
1 13
1 13
1 13
1 33
1 92
1 58
1 96
1 12
1 93
1 71
1 94
1 66
1 56
1 75
1 8
1 50
1 16
1 76
1 43
1 11
1 44
1 1
1 90
1 23
1 82
1 49
1 75
1 52
1 75
1 57
1 35
1 75
1 73
1 17
1 45
1 75
1 64
1 14
1 35
1 19
1 67
1 93
1 55
1 56
1 94
1 82
1 4
1 12
1 68
1 26
1 95
1 82
1 65
1 1
1 5
1 92
1 63
1 56
1 17
1 4
1 80
1 31
1 49
1 69
1 100
1 98
1 34
1 48
1 53
1 90
1 31
1 68
1 82
1 23
1 25
1 10
1 76
1 90
1 71
1 92
1 17
1 91
1 91
1 68
1 21
1 96
1 2
1 66
1 33
1 60
1 92
1 55
1 10
1 11
1 26
1 32
1 30
1 38
1 76
1 74
1 80
1 92
1 68
1 11
1 3
1 55
1 91
1 91
1 92
1 77
1 19
1 18
1 62
1 27
1 49
1 67
1 71
1 48
1 44
1 40
1 10
1 83
1 14
1 85
1 97
1 50
1 42
1 4
1 100
1 51
1 47
1 27
1 89
1 32
1 25
1 48
1 11
1 73
1 91
1 69
1 55
1 46
1 66
1 99
1 61
1 28
1 19
1 11
1 83
1 82
1 41
1 38
1 40
1 35
1 35
1 64
1 21
1 29
1 21
1 63
1 25
1 56
1 30
1 50
1 33
1 83
1 67
1 87
1 68
1 19
1 70
1 43
1 72
1 9
1 85
1 63
1 66
1 20
1 9
1 31
1 30
1 61
1 16
1 25
1 69
1 64
1 10
1 7
1 31
1 37
1 79
1 29
1 9
1 83
1 8
1 63
1 40
1 82
1 31
1 61
1 91
1 51
1 6
1 65
1 30
1 31
1 36
1 45
1 88
1 46
1 3
1 39
1 61
1 86
1 19
1 56
1 54
1 45
1 37
1 15
1 57
1 43
1 82
1 58
1 7
1 11
1 75
1 50
1 19
1 82
1 49
1 74
1 73
1 100
1 54
1 70
1 68
1 85
1 67
1 62
1 3
1 21
1 66
1 30
1 97
1 54
1 22
1 35
1 67
1 86
1 15
1 71
1 16
1 82
1 93
1 36
1 88
1 14
1 35
1 98
1 11
1 61
1 31
1 86
1 95
1 36
1 57
1 84
1 85
1 42
1 39
1 10
1 2
1 26
1 65
1 35
1 33
1 33
1 59
1 96
1 7
1 79
1 64
1 13
1 14
1 47
1 54
1 20
1 28
1 32
1 79
1 8
1 52
1 65
1 98
1 90
1 54
1 2
1 14
1 37
1 17
1 41
1 78
1 84
1 81
1 35
1 7
1 57
1 73
1 49
1 53
1 17
1 5
1 82
1 34
1 68
1 89
1 76
1 53
1 94
1 91
1 16
1 60
1 79
1 42
1 12
1 76
1 17
1 19
1 18
1 45
1 36
1 90
1 4
1 14
1 68
1 47
1 65
1 43
1 17
1 25
1 99
1 78
1 85
1 39
1 30
1 18
1 39
1 19
1 97
1 34
1 49
1 5
1 45
1 92
1 3
1 75
1 58
1 25
1 99
1 57
1 22
1 81
1 26
1 46
1 47
1 11
1 11
1 63
1 33
1 15
1 31
1 28
1 54
1 26
1 84
1 27
1 60
1 48
1 91
1 80
1 37
1 85
1 55
1 67
1 37
1 45
1 56
1 41
1 30
1 86
1 94
1 46
1 47
1 57
1 96
1 38
1 100
1 14
1 91
1 5
1 99
1 83
1 23
1 56
1 57
1 45
1 21
1 83
1 14
1 58
1 33
1 46
1 96
1 53
1 57
1 72
1 57
1 34
1 86
1 21
1 18
1 19
1 97
1 60
1 53
1 58
1 53
1 47
1 40
1 47
1 43
1 100
1 65
1 2
1 2
1 29
1 51
1 11
1 70
1 22
1 18
1 80
1 5
1 76
1 43
1 52
1 58
1 52
1 91
1 98
1 16
1 74
1 12
1 71
1 42
1 97
1 8
1 9
1 1
1 53
1 71
1 84
1 61
1 41
1 28
1 61
1 36
1 83
1 41
1 63
1 18
1 79
1 100
1 54
1 36
1 5
1 54
1 98
1 96
1 38
1 85
1 41
1 49
1 38
1 28
1 25
1 89
1 14
1 18
1 97
1 100
1 89
1 83
1 81
1 98
1 12
1 10
1 93
1 85
1 47
1 35
1 8
1 78
1 52
1 55
1 31
1 69
1 3
1 74
1 94
1 63
1 55
1 64
1 10
1 95
1 37
1 6
1 71
1 28
1 11
1 46
1 77
1 96
1 40
1 41
1 36
1 5
1 58
1 6
1 35
1 70
1 95
1 41
1 79
1 29
1 70
1 67
1 21
1 9
1 15
1 56
1 48
1 26
1 45
1 81
1 78
1 71
1 1
1 60
1 28
1 58
1 13
1 27
1 44
1 4
1 84
1 66
1 74
1 52
1 72
1 65
1 78
1 29
1 10
1 66
1 47
1 32
1 80
1 76
1 69
1 99
1 5
1 14
1 12
1 11
1 6
1 76
1 83
1 16
1 54
1 55
1 19
1 12
1 71
1 67
1 71
1 80
1 97
1 99
1 52
1 32
1 16
1 18
1 92
1 52
1 64
1 13
1 13
