63 1
42 1
55 1
19 1
65 1
26 1
73 1
57 1
23 1
31 1
66 1
3 1
4 1
81 1
9 1
73 1
96 1
84 1
6 1
44 1
13 1
43 1
42 1
91 1
11 1
87 1
59 1
77 1
1 1
76 1
66 1
18 1
36 1
60 1
61 1
38 1
82 1
13 1
41 1
96 1
52 1
57 1
46 1
91 1
1 1
18 1
1 1
80 1
50 1
100 1
75 1
3 1
63 1
18 1
81 1
86 1
93 1
73 1
33 1
47 1
43 1
75 1
26 1
18 1
27 1
33 1
51 1
49 1
4 1
17 1
81 1
96 1
23 1
12 1
69 1
4 1
44 1
89 1
68 1
15 1
97 1
6 1
87 1
89 1
95 1
64 1
92 1
60 1
45 1
70 1
4 1
86 1
92 1
20 1
15 1
53 1
62 1
31 1
69 1
57 1
31 1
83 1
50 1
48 1
99 1
58 1
91 1
52 1
52 1
34 1
9 1
12 1
78 1
61 1
16 1
85 1
31 1
34 1
64 1
32 1
36 1
46 1
44 1
80 1
61 1
41 1
57 1
35 1
85 1
91 1
30 1
80 1
74 1
30 1
93 1
92 1
89 1
81 1
24 1
27 1
57 1
85 1
21 1
54 1
54 1
5 1
6 1
60 1
95 1
34 1
41 1
81 1
97 1
19 1
8 1
27 1
53 1
87 1
1 1
10 1
55 1
94 1
87 1
44 1
17 1
100 1
20 1
89 1
48 1
37 1
49 1
81 1
88 1
94 1
24 1
32 1
19 1
79 1
17 1
3 1
92 1
79 1
95 1
14 1
5 1
46 1
4 1
93 1
61 1
31 1
79 1
64 1
6 1
49 1
11 1
90 1
20 1
7 1
6 1
11 1
87 1
87 1
90 1
35 1
30 1
61 1
34 1
56 1
96 1
99 1
22 1
79 1
77 1
28 1
45 1
1 1
42 1
60 1
3 1
40 1
23 1
75 1
72 1
73 1
65 1
21 1
100 1
51 1
5 1
44 1
98 1
49 1
57 1
22 1
77 1
54 1
53 1
88 1
90 1
6 1
83 1
19 1
23 1
49 1
20 1
84 1
64 1
43 1
97 1
79 1
62 1
9 1
53 1
32 1
76 1
10 1
95 1
39 1
42 1
22 1
14 1
34 1
58 1
74 1
26 1
39 1
56 1
90 1
77 1
63 1
18 1
89 1
90 1
93 1
19 1
28 1
21 1
53 1
57 1
98 1
84 1
44 1
2 1
46 1
64 1
62 1
52 1
38 1
22 1
84 1
71 1
69 1
54 1
63 1
43 1
61 1
82 1
5 1
6 1
22 1
70 1
35 1
48 1
24 1
36 1
19 1
25 1
16 1
84 1
69 1
86 1
62 1
7 1
10 1
29 1
37 1
99 1
65 1
25 1
45 1
88 1
9 1
35 1
11 1
17 1
28 1
14 1
92 1
38 1
52 1
27 1
89 1
29 1
53 1
82 1
52 1
14 1
78 1
24 1
6 1
99 1
70 1
1 1
79 1
6 1
29 1
9 1
94 1
12 1
21 1
51 1
91 1
43 1
13 1
71 1
61 1
43 1
77 1
59 1
89 1
69 1
50 1
51 1
100 1
94 1
57 1
10 1
49 1
31 1
45 1
91 1
92 1
77 1
95 1
96 1
55 1
35 1
68 1
39 1
63 1
62 1
13 1
88 1
97 1
94 1
33 1
19 1
24 1
80 1
64 1
100 1
92 1
44 1
33 1
96 1
7 1
98 1
88 1
41 1
30 1
3 1
71 1
62 1
70 1
52 1
5 1
48 1
77 1
12 1
40 1
15 1
93 1
64 1
36 1
81 1
14 1
71 1
40 1
3 1
82 1
98 1
8 1
39 1
3 1
100 1
93 1
42 1
32 1
40 1
35 1
80 1
86 1
10 1
63 1
56 1
51 1
77 1
81 1
63 1
60 1
44 1
75 1
66 1
4 1
2 1
82 1
38 1
65 1
83 1
98 1
100 1
93 1
93 1
52 1
31 1
62 1
39 1
15 1
39 1
1 1
45 1
98 1
52 1
3 1
51 1
34 1
42 1
91 1
29 1
71 1
9 1
47 1
76 1
52 1
69 1
65 1
36 1
63 1
35 1
8 1
39 1
94 1
68 1
100 1
13 1
62 1
68 1
55 1
32 1
53 1
1 1
12 1
70 1
76 1
56 1
36 1
7 1
85 1
22 1
2 1
85 1
45 1
93 1
49 1
35 1
97 1
20 1
50 1
56 1
8 1
14 1
39 1
34 1
85 1
1 1
20 1
44 1
1 1
58 1
18 1
70 1
19 1
33 1
98 1
68 1
32 1
63 1
95 1
56 1
69 1
77 1
11 1
9 1
36 1
21 1
8 1
59 1
30 1
21 1
93 1
87 1
80 1
92 1
100 1
30 1
74 1
20 1
49 1
24 1
69 1
73 1
21 1
6 1
54 1
37 1
67 1
94 1
29 1
10 1
85 1
3 1
2 1
93 1
75 1
46 1
51 1
39 1
59 1
23 1
12 1
38 1
96 1
41 1
94 1
30 1
60 1
28 1
35 1
10 1
60 1
22 1
51 1
29 1
11 1
21 1
4 1
48 1
81 1
61 1
90 1
43 1
15 1
31 1
11 1
40 1
22 1
63 1
82 1
51 1
8 1
18 1
79 1
71 1
76 1
51 1
63 1
82 1
81 1
24 1
40 1
43 1
85 1
97 1
28 1
59 1
39 1
91 1
66 1
72 1
78 1
45 1
79 1
5 1
52 1
100 1
44 1
13 1
81 1
13 1
25 1
29 1
1 1
68 1
40 1
79 1
80 1
51 1
92 1
59 1
32 1
67 1
44 1
29 1
15 1
13 1
37 1
41 1
40 1
10 1
72 1
36 1
40 1
36 1
49 1
89 1
32 1
73 1
16 1
99 1
46 1
42 1
64 1
50 1
52 1
100 1
96 1
35 1
40 1
98 1
10 1
84 1
61 1
29 1
75 1
91 1
66 1
73 1
86 1
41 1
1 1
94 1
69 1
10 1
65 1
37 1
17 1
39 1
61 1
35 1
90 1
62 1
72 1
31 1
44 1
51 1
22 1
1 1
64 1
80 1
14 1
57 1
98 1
94 1
21 1
81 1
11 1
35 1
65 1
15 1
99 1
56 1
18 1
96 1
41 1
19 1
71 1
48 1
75 1
14 1
73 1
1 1
83 1
68 1
88 1
76 1
3 1
29 1
70 1
47 1
2 1
72 1
82 1
40 1
15 1
52 1
72 1
65 1
2 1
55 1
59 1
7 1
61 1
1 1
52 1
37 1
48 1
37 1
7 1
18 1
35 1
2 1
27 1
43 1
14 1
68 1
77 1
89 1
1 1
11 1
35 1
48 1
48 1
36 1
3 1
12 1
86 1
32 1
29 1
43 1
89 1
30 1
40 1
9 1
95 1
41 1
29 1
99 1
26 1
72 1
47 1
18 1
67 1
66 1
74 1
4 1
40 1
67 1
42 1
59 1
13 1
48 1
88 1
20 1
91 1
31 1
38 1
20 1
74 1
21 1
52 1
11 1
28 1
87 1
36 1
21 1
98 1
16 1
40 1
41 1
75 1
53 1
9 1
19 1
16 1
27 1
70 1
46 1
16 1
89 1
35 1
25 1
17 1
2 1
65 1
53 1
86 1
12 1
73 1
34 1
48 1
62 1
28 1
16 1
32 1
83 1
78 1
77 1
68 1
99 1
81 1
6 1
98 1
21 1
36 1
62 1
4 1
55 1
15 1
51 1
56 1
90 1
91 1
88 1
19 1
20 1
33 1
14 1
96 1
36 1
91 1
89 1
25 1
56 1
83 1
57 1
20 1
22 1
99 1
35 1
22 1
100 1
20 1
83 1
41 1
24 1
14 1
98 1
22 1
64 1
90 1
92 1
88 1
55 1
79 1
3 1
77 1
20 1
19 1
6 1
90 1
87 1
92 1
41 1
31 1
47 1
25 1
46 1
73 1
77 1
21 1
62 1
93 1
18 1
17 1
88 1
61 1
43 1
12 1
97 1
51 1
71 1
75 1
57 1
61 1
66 1
95 1
36 1
13 1
14 1
9 1
99 1
33 1
35 1
28 1
80 1
42 1
98 1
75 1
91 1
71 1
44 1
28 1
16 1
38 1
43 1
6 1
48 1
61 1
19 1
100 1
11 1
61 1
71 1
41 1
42 1
32 1
60 1
2 1
99 1
92 1
33 1
95 1
96 1
21 1
56 1
98 1
90 1
57 1
20 1
8 1
20 1
90 1
47 1
64 1
77 1
99 1
64 1
81 1
31 1
8 1
63 1
16 1
68 1
55 1
24 1
97 1
52 1
45 1
86 1
28 1
20 1
5 1
79 1
74 1
69 1
63 1
77 1
75 1
84 1
15 1
77 1
76 1
83 1
59 1
35 1
46 1
63 1
23 1
81 1
67 1
74 1
22 1
45 1
48 1
51 1
1 1
7 1
1 1
82 1
97 1
50 1
77 1
53 1
1 1
27 1
44 1
67 1
39 1
7 1
3 1
66 1
30 1
25 1
100 1
30 1
23 1
75 1
21 1
76 1
41 1
48 1
3 1
17 1
14 1
30 1
73 1
7 1
52 1
34 1
67 1
35 1
94 1
74 1
82 1
48 1
21 1
47 1
67 1
53 1
65 1
31 1
60 1
49 1
99 1
75 1
98 1
42 1
82 1
65 1
51 1
51 1
10 1
8 1
94 1
89 1
93 1
86 1
90 1
93 1
36 1
68 1
73 1
82 1
84 1
39 1
7 1
13 1
41 1
73 1
57 1
15 1
5 1
89 1
39 1
80 1
49 1
86 1
43 1
9 1
22 1
99 1
76 1
86 1
62 1
63 1
59 1
37 1
39 1
46 1
7 1
64 1
78 1
1 1
57 1
74 1
11 1
22 1
37 1
42 1
7 1
17 1
89 1
89 1
84 1
17 1
26 1
35 1
57 1
96 1
41 1
41 1
17 1
81 1
82 1
78 1
46 1
97 1
91 1
41 1
76 1
34 1
59 1
6 1
12 1
14 1
2 1
81 1
4 1
66 1
48 1
90 1
1 1
63 1
77 1
19 1
35 1
86 1
52 1
50 1
29 1
12 1
33 1
56 1
69 1
100 1
10 1
83 1
6 1
37 1
97 1
56 1
54 1
41 1
88 1
79 1
9 1
22 1
96 1
56 1
95 1
75 1
52 1
76 1
34 1
78 1
17 1
86 1
29 1
98 1
72 1
20 1
24 1
76 1
50 1
3 1
5 1
4 1
70 1
20 1
14 1
5 1
88 1
99 1
19 1
50 1
22 1
2 1
20 1
30 1
64 1
56 1
34 1
23 1
27 1
84 1
5 1
3 1
48 1
77 1
34 1
61 1
89 1
98 1
33 1
64 1
52 1
9 1
30 1
19 1
59 1
60 1
11 1
15 1
37 1
83 1
6 1
46 1
6 1
65 1
22 1
93 1
45 1
89 1
9 1
11 1
90 1
3 1
22 1
25 1
44 1
3 1
73 1
74 1
81 1
31 1
11 1
3 1
17 1
86 1
32 1
36 1
6 1
62 1
61 1
54 1
87 1
77 1
72 1
20 1
34 1
32 1
76 1
11 1
5 1
60 1
30 1
56 1
41 1
13 1
47 1
16 1
61 1
95 1
44 1
52 1
80 1
31 1
18 1
9 1
90 1
24 1
87 1
33 1
98 1
76 1
71 1
78 1
12 1
14 1
57 1
3 1
80 1
13 1
28 1
24 1
48 1
95 1
40 1
1 1
60 1
29 1
50 1
55 1
73 1
61 1
62 1
68 1
19 1
56 1
29 1
84 1
49 1
72 1
99 1
79 1
52 1
94 1
67 1
14 1
46 1
7 1
4 1
59 1
83 1
89 1
75 1
1 1
9 1
71 1
31 1
9 1
3 1
9 1
86 1
55 1
2 1
22 1
57 1
11 1
76 1
1 1
83 1
74 1
9 1
8 1
32 1
16 1
42 1
30 1
27 1
32 1
82 1
8 1
25 1
28 1
85 1
97 1
66 1
49 1
42 1
63 1
20 1
61 1
46 1
92 1
34 1
20 1
10 1
85 1
44 1
6 1
36 1
4 1
41 1
47 1
19 1
80 1
88 1
19 1
27 1
10 1
54 1
99 1
79 1
90 1
26 1
25 1
72 1
16 1
93 1
15 1
94 1
98 1
48 1
63 1
83 1
68 1
31 1
32 1
73 1
91 1
65 1
19 1
33 1
97 1
54 1
58 1
89 1
55 1
87 1
37 1
90 1
77 1
59 1
76 1
77 1
84 1
80 1
97 1
85 1
98 1
63 1
69 1
4 1
27 1
34 1
52 1
51 1
38 1
9 1
87 1
21 1
22 1
78 1
46 1
34 1
78 1
97 1
91 1
59 1
48 1
70 1
87 1
77 1
94 1
46 1
95 1
60 1
29 1
16 1
49 1
1 1
3 1
99 1
69 1
26 1
99 1
65 1
61 1
96 1
82 1
10 1
62 1
50 1
52 1
25 1
43 1
14 1
32 1
53 1
84 1
47 1
28 1
91 1
25 1
82 1
96 1
92 1
11 1
96 1
55 1
27 1
13 1
27 1
4 1
96 1
29 1
35 1
37 1
100 1
89 1
5 1
88 1
11 1
9 1
86 1
33 1
95 1
12 1
5 1
58 1
33 1
81 1
94 1
15 1
51 1
51 1
88 1
57 1
14 1
84 1
13 1
14 1
64 1
68 1
91 1
28 1
12 1
6 1
16 1
65 1
36 1
20 1
52 1
78 1
88 1
38 1
31 1
45 1
56 1
88 1
43 1
26 1
94 1
7 1
32 1
84 1
18 1
4 1
97 1
67 1
34 1
27 1
2 1
79 1
55 1
81 1
30 1
58 1
66 1
61 1
64 1
60 1
51 1
56 1
52 1
38 1
23 1
74 1
88 1
49 1
43 1
38 1
77 1
16 1
52 1
20 1
91 1
58 1
62 1
24 1
26 1
98 1
33 1
46 1
72 1
27 1
51 1
67 1
79 1
80 1
66 1
95 1
71 1
71 1
67 1
55 1
76 1
23 1
38 1
22 1
65 1
66 1
12 1
84 1
44 1
51 1
23 1
89 1
20 1
82 1
26 1
5 1
54 1
96 1
49 1
59 1
65 1
5 1
11 1
97 1
70 1
38 1
71 1
57 1
3 1
47 1
41 1
71 1
63 1
47 1
43 1
34 1
26 1
20 1
89 1
32 1
73 1
78 1
8 1
41 1
60 1
17 1
80 1
86 1
29 1
6 1
91 1
16 1
3 1
27 1
69 1
30 1
57 1
53 1
45 1
69 1
9 1
19 1
34 1
75 1
45 1
72 1
91 1
1 1
33 1
34 1
27 1
84 1
65 1
78 1
23 1
11 1
27 1
93 1
61 1
76 1
57 1
39 1
67 1
12 1
35 1
32 1
32 1
91 1
73 1
82 1
74 1
31 1
33 1
6 1
69 1
76 1
10 1
12 1
3 1
92 1
72 1
72 1
18 1
13 1
21 1
66 1
93 1
61 1
87 1
20 1
48 1
95 1
14 1
19 1
35 1
100 1
24 1
2 1
3 1
66 1
21 1
78 1
92 1
83 1
81 1
2 1
71 1
88 1
20 1
22 1
11 1
87 1
17 1
5 1
82 1
59 1
9 1
51 1
83 1
98 1
81 1
72 1
35 1
73 1
75 1
70 1
98 1
91 1
22 1
10 1
77 1
80 1
64 1
71 1
9 1
53 1
77 1
84 1
46 1
56 1
75 1
72 1
62 1
7 1
7 1
33 1
44 1
84 1
93 1
21 1
61 1
55 1
53 1
12 1
34 1
37 1
80 1
49 1
49 1
67 1
5 1
2 1
58 1
92 1
54 1
96 1
2 1
7 1
25 1
27 1
88 1
29 1
24 1
33 1
73 1
60 1
72 1
73 1
97 1
39 1
75 1
86 1
22 1
38 1
77 1
67 1
78 1
65 1
14 1
33 1
19 1
7 1
56 1
39 1
70 1
43 1
21 1
35 1
64 1
79 1
7 1
57 1
72 1
59 1
39 1
41 1
38 1
47 1
80 1
80 1
63 1
59 1
30 1
2 1
54 1
35 1
35 1
29 1
7 1
6 1
91 1
49 1
51 1
54 1
26 1
31 1
26 1
44 1
50 1
69 1
66 1
60 1
89 1
98 1
78 1
28 1
66 1
23 1
47 1
21 1
92 1
100 1
91 1
14 1
15 1
14 1
75 1
18 1
57 1
13 1
20 1
11 1
25 1
39 1
18 1
85 1
4 1
86 1
52 1
89 1
48 1
97 1
69 1
76 1
23 1
13 1
77 1
81 1
92 1
22 1
21 1
66 1
67 1
13 1
44 1
98 1
10 1
87 1
32 1
51 1
78 1
93 1
90 1
58 1
12 1
6 1
6 1
44 1
56 1
6 1
7 1
1 1
41 1
29 1
81 1
62 1
67 1
71 1
46 1
53 1
55 1
31 1
22 1
27 1
57 1
16 1
36 1
97 1
72 1
72 1
98 1
1 1
63 1
76 1
76 1
93 1
31 1
84 1
95 1
77 1
67 1
71 1
83 1
45 1
5 1
26 1
53 1
34 1
90 1
11 1
37 1
33 1
28 1
87 1
12 1
26 1
74 1
37 1
97 1
37 1
45 1
54 1
89 1
48 1
54 1
37 1
45 1
23 1
62 1
98 1
61 1
45 1
32 1
45 1
72 1
26 1
69 1
21 1
72 1
38 1
49 1
5 1
8 1
20 1
91 1
33 1
28 1
63 1
32 1
21 1
97 1
93 1
1 1
20 1
35 1
45 1
8 1
47 1
70 1
63 1
40 1
37 1
10 1
24 1
26 1
65 1
1 1
90 1
87 1
57 1
98 1
15 1
54 1
