989 264
850 355
684 114
113 41
398 271
335 843
599 519
384 793
79 495
679 452
859 777
296 906
389 432
622 829
31 208
106 45
383 435
375 429
998 759
903 783
350 611
910 719
62 25
444 726
450 508
96 436
443 78
326 667
110 818
867 321
636 777
267 568
484 423
528 643
827 875
397 94
217 884
9 328
629 90
735 765
868 461
482 452
442 972
625 599
93 374
253 780
689 106
56 696
184 352
597 335
115 567
800 812
44 42
890 531
609 544
443 999
729 257
601 294
216 980
360 745
611 254
899 433
250 228
585 631
17 419
977 83
283 471
954 322
799 431
399 290
898 931
501 396
177 109
101 345
446 981
755 847
874 875
849 806
209 956
338 948
530 100
439 471
956 701
301 731
435 187
314 869
545 868
880 927
344 298
332 547
773 543
112 846
630 487
578 819
176 332
676 594
100 52
158 176
603 515
134 361
774 245
426 449
583 428
863 71
314 587
954 973
173 26
330 377
407 288
342 337
865 102
379 482
941 979
654 844
106 265
557 941
200 734
443 809
54 475
734 551
301 804
915 507
537 687
292 997
224 102
407 562
889 400
498 360
809 289
898 589
852 415
935 253
197 546
95 597
790 404
850 865
962 632
646 721
826 815
429 899
855 281
234 39
35 442
989 462
412 876
251 235
326 870
229 736
985 723
43 404
365 409
379 427
536 318
60 45
106 882
55 568
647 712
454 445
797 921
707 709
148 962
136 355
164 920
628 598
698 845
582 416
831 453
922 815
268 963
267 853
716 793
622 690
624 70
493 594
309 644
505 886
428 160
396 451
490 615
41 607
503 118
826 847
861 609
697 707
667 127
297 684
879 673
61 209
368 985
728 532
643 821
640 342
607 818
132 428
540 69
604 66
20 478
245 264
764 683
707 931
227 815
829 103
53 907
683 960
187 73
888 877
983 164
390 670
923 1000
476 15
394 646
946 648
229 27
395 892
225 558
775 736
192 449
68 407
140 411
679 655
281 57
83 92
218 414
317 427
563 826
377 972
710 597
850 375
560 437
386 851
384 313
407 719
409 998
704 225
48 684
175 2
26 675
215 60
915 376
565 157
591 14
506 695
59 631
21 467
267 152
214 159
573 776
482 729
30 436
588 863
389 714
985 729
701 602
207 341
175 203
37 666
9 920
28 973
96 768
507 425
13 659
797 580
144 398
447 906
480 472
572 447
193 659
398 581
810 569
405 154
106 915
559 165
475 567
448 968
899 595
108 457
433 472
16 279
722 459
961 841
752 711
383 269
675 123
379 413
569 755
694 380
748 92
332 666
616 204
448 597
796 310
386 411
473 553
424 884
172 715
63 277
813 669
672 821
534 444
84 885
181 274
736 159
714 528
65 619
675 755
5 768
205 279
684 40
731 968
280 795
590 576
38 408
303 980
638 420
80 730
276 960
276 585
14 985
511 457
180 190
320 444
431 71
686 574
227 233
234 944
908 762
396 909
632 370
334 593
468 72
796 856
437 348
697 76
36 960
118 313
841 681
895 107
416 746
770 823
118 70
420 686
283 983
801 216
822 3
720 978
307 193
646 526
425 856
95 598
201 365
796 758
806 274
561 909
924 290
586 324
49 178
750 329
994 618
413 991
419 857
183 80
397 453
387 837
706 476
155 759
702 837
229 286
211 810
511 520
720 696
363 205
716 615
137 438
677 777
565 14
527 881
791 791
944 653
801 955
772 346
406 99
971 155
614 790
661 184
235 35
187 43
99 445
610 475
738 53
749 557
331 66
849 263
879 739
606 813
198 924
587 469
965 395
135 220
162 156
194 240
860 87
899 246
337 986
830 169
436 210
465 190
527 144
460 871
161 991
241 448
533 450
969 551
830 217
783 602
302 558
498 81
925 361
989 26
786 462
967 486
799 839
355 831
272 470
731 983
93 27
241 555
286 329
404 876
72 451
732 964
650 975
715 945
362 712
253 703
76 174
883 995
367 898
405 733
36 122
555 537
564 91
529 386
102 369
263 708
995 934
356 617
821 368
452 491
836 454
469 127
523 969
33 11
335 574
889 266
822 416
615 359
738 139
908 142
564 185
788 259
961 897
814 375
155 851
417 531
872 4
523 838
291 964
720 230
441 18
992 821
884 369
848 964
178 782
642 311
490 689
678 710
308 390
71 864
787 407
709 700
467 156
493 708
148 277
854 486
16 980
842 126
132 25
550 275
489 605
605 354
324 976
771 232
956 234
624 65
36 82
208 447
584 531
736 232
486 669
552 605
153 448
530 103
889 904
528 294
330 830
520 703
105 662
257 613
539 154
885 51
652 117
689 501
489 158
196 495
417 746
291 454
744 545
546 298
690 460
140 395
388 334
676 198
99 556
821 792
858 485
499 638
951 771
279 921
470 218
298 801
825 117
27 638
478 871
819 56
973 271
304 295
332 681
500 432
170 365
323 477
223 251
178 167
102 264
304 779
345 878
307 209
186 225
592 910
307 234
782 120
764 462
11 761
541 135
571 277
764 351
932 460
820 488
479 728
606 771
992 83
924 326
64 699
700 672
660 158
92 971
447 785
103 120
664 337
665 733
315 701
875 366
635 576
441 109
962 211
179 266
428 952
341 373
599 917
496 646
875 800
566 226
488 477
665 529
523 742
568 287
992 234
170 336
448 306
542 991
231 467
742 333
413 460
474 728
98 892
166 733
739 275
261 104
903 513
151 928
281 362
18 650
102 76
28 221
389 910
335 917
680 757
210 904
213 467
513 582
327 984
56 83
75 633
784 36
934 488
928 807
599 25
839 534
705 14
264 599
887 968
83 52
669 708
656 571
171 421
436 399
794 90
919 329
45 221
508 992
706 971
559 93
942 579
937 541
282 473
964 726
463 32
969 938
882 885
4 203
96 465
514 956
554 798
648 48
415 839
343 158
130 346
344 42
751 209
782 468
110 892
25 421
259 375
330 698
547 143
337 846
523 13
981 423
926 170
855 531
693 152
954 177
753 534
202 681
406 271
263 984
480 291
431 799
906 567
889 111
276 804
320 833
947 316
321 274
15 239
982 918
81 779
1000 569
397 451
651 627
579 520
234 551
726 265
125 223
473 132
60 360
9 485
473 350
465 505
144 440
886 760
232 721
665 465
803 986
126 902
568 298
160 219
589 267
795 417
493 446
912 545
469 689
262 768
215 68
961 268
631 766
260 928
884 855
456 314
538 206
942 963
5 164
671 249
298 836
379 166
143 394
755 907
665 70
206 525
950 845
521 989
44 942
369 421
180 237
288 268
591 674
359 730
459 345
894 589
826 753
385 12
820 102
732 194
997 221
351 453
140 225
613 178
643 538
998 358
481 312
772 630
279 181
526 159
354 701
748 698
720 324
228 634
212 77
118 353
762 409
872 737
501 232
317 278
361 354
673 583
862 434
998 109
829 442
121 842
645 966
990 620
471 765
475 19
150 237
434 858
149 59
797 934
648 809
642 912
31 43
519 126
466 945
536 934
528 85
136 20
498 365
60 934
210 406
72 372
311 279
631 991
211 419
802 180
222 117
582 948
828 513
100 691
973 743
557 920
403 610
612 844
160 886
235 605
605 424
143 221
494 492
501 200
359 14
18 111
787 138
180 886
74 795
713 594
970 991
949 718
826 882
501 55
218 843
78 385
565 923
646 379
136 656
56 372
222 583
959 569
723 262
887 249
601 168
106 831
356 606
528 579
782 105
36 318
149 680
769 497
944 40
387 689
494 765
607 261
472 828
866 749
587 409
180 609
994 748
842 415
395 302
577 411
578 116
701 184
240 956
228 758
889 423
301 276
833 332
802 60
476 628
917 414
387 834
875 185
450 255
435 974
928 752
831 436
798 710
637 413
365 64
402 822
879 931
271 37
832 543
253 809
454 158
647 253
749 981
149 974
345 287
980 758
471 6
193 492
314 583
845 466
488 359
628 573
188 820
185 299
138 237
730 945
117 85
958 360
688 261
150 810
147 453
829 502
88 778
907 670
52 283
294 884
281 85
983 837
790 495
453 693
937 52
487 7
306 418
811 987
940 435
258 218
715 986
88 394
776 325
238 977
442 68
220 947
605 535
313 767
1000 691
931 663
659 292
633 698
968 214
768 402
411 577
949 896
736 591
517 205
716 114
829 190
18 677
205 574
757 286
934 25
537 208
510 410
895 345
504 846
105 307
338 579
16 351
378 318
619 645
380 540
178 256
492 361
14 861
596 936
343 900
320 666
498 386
335 342
310 505
291 973
901 945
716 406
898 422
932 637
728 698
914 410
398 307
65 766
843 456
710 826
743 795
269 389
249 295
85 235
736 549
616 588
669 44
759 828
327 152
683 349
901 759
702 194
27 904
195 733
67 621
804 828
130 795
524 442
391 250
776 657
788 899
313 268
736 653
133 786
788 762
351 7
513 420
855 696
225 869
76 169
127 258
38 638
305 933
49 323
665 995
830 977
101 133
140 353
904 619
435 375
804 708
55 414
916 4
917 91
791 4
96 475
891 447
49 626
624 628
97 326
395 202
976 317
369 390
451 401
220 879
809 840
8 251
483 867
399 752
706 194
328 640
912 663
862 965
821 182
338 292
91 759
722 48
150 359
859 390
522 723
123 491
572 164
463 238
395 610
696 91
372 968
788 551
243 480
378 932
323 899
710 992
544 242
591 598
83 397
184 286
886 514
642 812
890 126
634 779
282 381
925 439
764 830
899 792
865 174
178 861
817 595
209 638
859 904
433 227
786 563
775 131
247 493
930 853
785 50
462 256
99 289
349 797
874 295
232 162
54 391
389 917
897 387
166 700
553 967
837 329
309 143
554 916
957 928
194 17
368 288
9 776
798 605
725 245
530 878
275 515
804 339
805 463
74 652
93 20
918 839
729 781
406 657
990 766
458 909
843 536
233 794
567 811
68 76
678 459
105 832
528 956
151 257
20 652
982 870
695 257
178 413
99 577
296 1000
656 326
855 215
642 592
473 944
234 834
30 34
543 392
344 520
196 207
492 53
635 819
582 169
534 233
463 820
722 337
478 385
19 61
373 289
435 142
338 525
275 189
75 281
67 972
316 977
635 494
276 185
111 957
533 589
243 632
735 393
794 398
142 609
709 222
288 277
827 870
338 91
135 398
383 681
607 845
271 95
360 226
791 191
956 363
743 930
11 339
866 658
521 110
813 342
176 862
810 287
956 119
302 299
962 357
853 640
446 776
474 753
760 889
566 38
423 979
248 606
573 998
600 290
986 697
262 504
211 695
348 109
432 371
243 802
814 162
858 184
387 728
972 753
679 893
811 29
519 602
837 911
956 52
920 821
792 830
748 400
519 764
935 480
889 955
575 552
987 298
82 299
11 262
131 134
707 264
611 993
697 31
398 593
117 501
990 139
128 400
574 567
479 138
114 116
379 900
526 944
783 650
10 902
135 660
960 670
669 800
671 8
942 732
27 947
818 484
215 568
763 559
108 817
708 849
543 282
506 382
692 529
626 356
652 381
639 830
333 707
519 471
233 589
785 426
209 495
472 374
83 738
730 826
4 367
529 650
84 246
878 297
790 348
326 187
30 746
986 139
138 325
893 971
528 300
708 873
904 922
830 473
346 385
682 31
80 595
514 17
920 691
411 880
163 839
976 444
652 204
402 457
783 385
880 797
620 194
707 373
919 341
425 852
207 930
697 686
639 110
706 92
489 512
970 424
601 193
447 67
109 462
660 978
705 46
745 857
747 551
462 277
648 604
918 698
961 834
463 78
766 806
455 927
814 581
534 916
928 6
65 998
70 735
25 548
367 52
234 605
838 549
684 358
57 447
47 743
640 284
111 893
410 669
229 264
421 604
513 892
185 540
501 477
204 9
444 974
182 438
800 29
672 19
318 923
205 570
429 142
982 73
789 113
455 103
352 527
824 562
115 325
454 771
133 512
884 482
290 871
839 880
386 694
686 815
920 132
42 652
658 54
599 128
328 381
541 636
934 577
417 711
796 713
839 334
342 576
215 752
582 913
670 214
194 896
637 387
185 773
343 393
99 669
572 150
651 678
579 218
898 673
921 700
611 192
508 825
964 70
548 552
715 81
669 751
972 399
256 483
904 71
986 225
329 668
506 247
335 544
936 594
577 31
818 201
631 8
544 694
366 397
678 446
512 601
179 744
892 848
186 815
844 5
520 471
199 986
928 36
665 218
891 521
872 311
274 33
667 308
356 57
12 228
76 180
476 26
833 591
598 296
919 329
286 976
596 846
701 982
36 986
153 920
541 627
579 160
748 40
300 151
568 97
846 358
326 588
765 183
695 858
320 926
576 459
592 816
349 733
737 886
64 792
792 214
951 985
47 519
748 542
768 926
339 713
71 511
245 287
493 727
31 275
765 369
111 548
438 601
489 99
391 874
24 957
806 508
636 37
722 547
187 76
236 811
964 318
858 230
48 269
782 939
211 910
119 472
336 518
703 576
402 221
626 676
207 661
730 258
872 241
338 142
266 634
978 919
69 609
121 35
607 237
286 929
89 422
411 609
920 163
175 967
458 75
40 625
69 80
258 768
749 65
765 888
558 57
731 60
291 982
730 93
302 685
145 171
892 410
639 841
91 776
380 587
905 97
961 486
894 50
325 715
989 108
532 858
986 910
763 295
652 684
410 615
468 374
680 759
541 397
21 365
831 668
871 742
343 636
739 165
652 670
653 898
480 815
855 807
908 241
794 429
949 327
645 506
987 216
91 725
299 134
740 576
69 299
547 819
171 782
921 838
823 853
17 718
354 464
600 733
211 946
948 414
80 498
876 609
434 293
346 675
903 724
981 577
179 524
982 649
410 220
578 70
354 675
285 95
647 44
527 619
570 478
319 575
915 19
843 338
301 476
427 233
137 64
415 50
249 866
224 670
812 616
963 767
890 237
286 690
846 973
611 419
903 527
355 922
249 758
954 432
102 399
255 2
137 617
997 196
761 956
2 949
658 977
241 654
691 793
502 133
99 495
385 533
161 878
230 80
819 331
847 961
284 209
268 147
866 947
158 323
108 630
893 986
286 840
912 260
978 339
238 319
569 957
847 856
609 507
118 192
168 692
381 901
274 510
5 475
375 592
686 955
805 457
537 22
837 604
187 779
532 722
675 769
137 804
433 140
470 800
298 928
850 964
283 657
887 371
775 604
615 857
401 718
135 489
247 185
51 689
513 813
309 679
341 756
40 895
527 895
565 295
444 920
988 146
301 859
587 15
99 918
480 773
752 108
825 622
56 437
559 382
112 682
883 68
437 536
870 920
750 386
329 220
116 863
572 444
229 840
957 158
860 853
303 954
934 876
791 64
945 398
912 381
924 226
477 859
795 834
874 202
960 726
721 755
868 341
76 66
691 692
247 245
912 303
909 728
23 953
378 73
946 675
318 551
477 640
751 916
168 654
383 202
758 694
19 810
886 208
390 266
553 832
84 13
484 455
470 503
943 996
252 28
867 165
636 894
972 155
609 814
315 766
565 775
994 78
234 110
663 224
567 384
712 954
938 567
836 521
135 197
694 336
30 180
573 697
124 23
244 427
285 631
629 10
638 129
153 346
198 551
830 60
481 410
100 22
773 786
89 722
541 67
728 843
319 817
677 13
209 631
119 594
318 499
266 355
838 504
175 231
854 709
789 220
762 400
903 664
80 661
279 360
932 525
913 577
377 310
275 24
420 240
847 550
263 51
620 436
96 975
849 398
181 602
897 823
827 582
25 468
560 773
974 636
104 505
441 48
387 299
71 528
415 114
983 452
802 327
78 546
245 569
900 283
463 30
507 67
95 885
419 164
43 46
146 18
775 782
160 842
248 673
908 517
462 485
961 429
319 675
830 261
223 443
229 817
51 955
912 170
531 130
143 806
4 113
510 867
363 623
779 379
926 486
819 23
835 153
311 57
439 885
832 431
915 670
517 250
271 401
157 105
383 265
530 836
539 322
58 702
538 970
803 704
242 725
513 621
293 148
596 709
565 296
817 816
860 922
764 807
772 686
398 522
63 158
840 69
545 497
952 343
582 699
615 91
316 34
84 570
277 138
119 498
199 885
802 323
360 739
534 90
381 513
4 974
497 376
97 551
133 202
146 557
106 821
42 811
380 111
907 883
416 862
217 99
313 343
960 651
333 263
575 675
155 388
18 629
905 806
355 257
933 254
308 996
202 164
574 562
918 772
835 597
62 137
187 681
475 498
652 36
15 763
181 967
197 672
80 380
154 430
436 826
83 153
272 620
28 227
654 198
673 48
155 898
861 526
696 325
671 251
969 482
740 799
383 640
400 177
831 846
472 72
760 863
730 350
454 159
380 1000
568 965
921 585
647 882
263 452
763 136
192 105
662 9
492 905
149 754
986 365
184 878
537 658
346 790
497 235
859 96
606 840
107 167
103 168
805 322
272 65
937 555
707 544
784 521
882 795
847 376
726 731
697 456
985 647
517 855
967 720
841 466
943 994
3 169
594 554
9 362
131 825
116 55
715 848
588 96
959 414
68 942
855 37
285 743
522 400
553 621
444 732
87 817
214 541
339 103
77 165
972 855
573 690
786 488
447 964
83 590
276 517
681 23
83 428
934 895
734 272
501 871
800 284
564 721
966 616
907 375
20 500
100 438
890 359
296 302
848 144
652 951
12 57
544 61
429 539
19 849
141 841
797 371
146 868
835 377
870 924
192 663
535 855
722 32
302 596
544 479
670 933
568 407
620 527
856 692
992 987
357 129
549 674
164 329
143 189
745 711
79 19
698 8
101 161
652 512
281 849
204 275
431 159
323 561
588 847
606 504
960 813
606 176
15 77
114 457
732 198
46 443
724 758
755 741
304 895
238 975
131 7
275 915
397 115
647 918
614 303
740 940
482 251
246 610
848 804
569 692
689 583
564 474
930 539
632 80
393 700
96 635
144 238
706 218
626 240
485 103
341 231
937 4
127 509
497 855
505 208
720 505
313 484
10 600
141 59
510 752
373 202
777 509
130 17
723 297
322 278
134 817
752 54
736 425
523 253
718 868
216 520
740 510
961 996
