365 344
910 152
198 431
67 518
978 999
556 963
604 95
628 798
987 414
403 85
498 944
686 176
189 232
328 538
608 5
349 626
186 63
992 911
96 30
699 863
413 873
819 188
25 778
538 881
706 535
583 942
113 795
991 983
368 588
814 390
788 680
204 343
607 693
183 572
534 244
703 957
415 345
424 353
858 524
255 777
89 447
305 840
723 505
602 173
473 99
291 444
374 327
23 856
479 415
11 669
9 454
5 945
858 183
755 506
891 141
566 56
192 27
868 597
554 484
150 411
890 745
45 789
473 849
242 643
909 975
953 783
228 540
988 482
804 182
72 647
120 172
836 710
628 529
390 20
708 943
413 93
40 680
751 742
260 895
959 46
182 267
629 1
52 331
560 452
541 987
51 28
896 468
724 229
188 708
552 987
589 713
874 678
545 631
464 511
792 743
924 419
881 128
527 525
975 494
432 200
283 605
615 304
858 698
586 188
524 948
600 105
689 750
863 63
252 873
203 4
734 363
928 956
284 141
894 416
447 902
751 67
907 78
336 565
91 195
862 345
803 459
324 822
330 139
303 974
132 105
387 778
639 32
982 326
662 730
950 4
615 613
535 152
917 271
961 205
573 724
293 135
942 120
343 852
974 203
920 278
994 906
167 885
885 947
638 224
770 414
942 673
935 679
777 206
163 947
8 352
82 646
337 732
244 790
996 956
637 117
591 833
291 531
559 802
351 605
701 600
752 762
215 895
89 403
308 588
456 114
150 650
897 872
289 62
480 536
710 922
225 814
882 700
710 228
435 530
358 133
847 986
998 919
421 612
620 898
820 949
903 265
732 644
497 128
323 213
593 80
93 151
140 67
788 669
319 653
823 374
768 511
58 229
592 224
362 424
376 164
954 801
240 869
553 640
928 893
142 75
472 660
543 358
580 965
568 63
274 535
398 956
482 626
986 82
125 150
621 384
306 44
949 492
397 6
801 792
338 571
849 493
937 542
768 772
360 847
791 119
138 991
259 618
383 370
711 317
424 427
223 26
180 621
227 964
669 52
911 870
667 395
931 304
55 717
216 815
461 207
634 661
604 274
382 40
463 971
234 141
970 500
356 41
470 123
619 891
523 451
191 313
282 204
856 502
854 671
132 695
178 127
332 638
794 238
865 171
163 13
329 527
984 112
834 327
855 773
112 691
871 99
720 324
884 639
297 125
654 350
552 431
957 352
507 450
81 951
444 556
257 840
49 487
102 93
4 183
352 725
341 190
409 164
197 250
588 622
122 500
930 186
601 113
950 161
417 603
126 197
931 656
643 622
149 154
252 37
725 421
291 824
284 547
474 794
228 718
834 903
174 113
565 13
770 962
255 563
508 526
630 833
172 944
4 993
995 127
276 3
444 115
83 63
820 401
291 435
519 318
220 175
79 344
457 628
878 629
900 39
251 493
900 903
819 371
166 796
651 793
952 896
87 99
625 683
241 236
355 169
501 176
279 67
376 534
123 638
158 198
276 458
389 837
874 701
249 974
509 790
771 625
945 476
715 253
92 26
256 264
417 766
805 34
946 964
72 915
78 60
55 102
614 64
551 928
488 170
203 929
521 286
251 330
275 229
921 7
300 908
555 289
320 608
732 807
30 766
334 925
726 571
48 756
938 410
327 810
952 859
868 217
403 916
477 858
960 381
143 8
742 347
260 336
899 750
1000 252
827 711
260 843
595 339
645 769
991 600
45 103
991 787
160 986
556 714
515 844
432 16
623 968
326 785
352 497
806 795
554 897
369 101
550 930
157 744
988 559
735 799
538 662
67 739
93 499
57 85
700 330
305 373
971 735
284 798
905 254
985 356
996 626
163 656
990 765
539 201
474 992
396 371
702 126
217 966
270 520
484 390
484 708
133 119
191 233
631 400
97 843
96 504
810 795
558 36
325 684
733 272
477 514
780 522
422 736
476 689
683 847
619 362
590 616
682 842
270 391
239 463
375 248
599 741
58 323
104 173
222 27
403 849
554 300
827 32
191 286
446 735
262 754
229 371
403 330
118 320
632 481
981 407
729 493
406 769
305 116
546 915
78 985
647 2
496 114
498 438
739 572
570 669
969 616
664 640
533 175
731 111
578 41
727 154
840 664
175 759
582 419
433 30
153 633
971 955
110 669
22 693
122 71
909 499
420 40
816 498
339 619
241 760
646 440
769 269
193 242
919 25
132 395
16 170
205 595
6 44
272 638
232 493
310 144
299 101
367 704
565 739
393 876
989 420
200 552
490 390
435 296
573 571
797 31
642 380
643 968
844 460
786 776
129 578
120 319
591 704
712 838
831 986
218 1
90 76
6 697
523 732
672 378
690 739
772 197
289 818
287 183
51 185
100 55
831 883
816 513
502 425
461 815
151 452
375 331
250 552
764 360
580 170
817 761
655 859
502 10
412 330
316 876
202 495
840 571
80 512
827 118
44 496
770 764
769 906
676 179
215 962
151 171
532 350
746 971
262 413
473 28
249 191
785 721
894 353
352 601
75 790
267 326
144 928
171 414
842 872
829 496
644 792
674 580
393 192
174 238
128 626
227 411
927 562
188 840
915 483
373 921
36 39
414 764
60 974
989 121
984 829
679 648
164 587
204 539
503 531
552 212
741 308
367 218
21 501
979 725
127 616
404 549
140 232
671 714
804 828
95 794
988 69
702 754
641 928
876 713
202 594
600 644
983 669
332 222
912 569
287 553
560 451
554 698
225 252
504 430
457 820
392 452
309 641
385 565
899 295
127 571
752 324
340 524
953 855
968 496
471 842
780 812
601 824
311 984
468 197
35 639
161 768
699 205
515 56
776 22
474 207
495 163
642 761
186 800
826 881
993 88
392 962
68 608
876 314
909 495
706 329
982 774
669 613
709 883
889 177
296 487
270 181
638 414
657 852
757 191
985 422
470 195
265 112
375 100
6 898
258 623
837 866
212 482
197 658
840 134
560 225
38 411
421 958
272 123
343 977
518 892
170 459
853 548
467 856
718 811
115 274
247 454
787 801
253 26
678 876
692 792
448 34
628 743
499 140
592 782
676 730
433 563
43 248
116 294
252 734
821 510
604 496
976 693
794 227
548 695
805 607
948 121
39 914
84 100
161 246
100 578
996 334
510 7
880 517
188 815
270 632
957 193
81 177
105 794
100 825
128 271
95 410
782 926
253 741
676 675
763 944
188 860
459 842
757 731
567 67
560 878
235 741
713 360
546 666
761 208
409 19
875 269
972 918
328 611
543 736
388 498
493 165
211 973
381 428
578 582
774 608
416 35
382 205
648 530
55 892
850 837
974 205
582 118
95 1000
45 786
510 582
99 352
76 178
536 902
264 171
47 210
400 481
156 366
143 653
927 657
457 436
350 354
361 99
835 426
609 755
259 180
820 485
518 217
207 996
747 34
814 407
957 836
281 461
606 235
916 893
956 627
158 33
282 176
280 306
479 215
448 18
30 827
928 850
790 454
465 523
436 997
753 905
4 220
500 1000
655 392
432 162
840 774
304 217
629 436
588 407
674 412
306 54
186 68
863 210
837 908
410 41
293 984
937 301
149 333
419 573
221 800
846 978
63 195
982 280
593 499
41 939
197 279
322 99
719 197
896 557
479 565
57 407
684 118
14 577
527 664
764 717
38 367
628 847
163 379
257 574
945 245
988 629
409 478
135 673
262 474
401 941
618 34
452 664
230 130
634 252
933 19
796 488
657 875
857 19
955 155
601 272
321 284
19 970
904 989
990 259
608 526
575 389
400 288
175 377
424 667
633 451
180 915
424 6
466 505
98 635
448 962
432 781
161 488
690 723
564 478
68 178
65 945
503 270
147 156
815 963
288 317
303 512
194 313
825 160
903 860
645 485
137 422
938 173
736 373
828 807
738 958
862 547
902 638
134 57
156 184
332 315
877 374
55 975
204 847
990 847
627 334
280 895
679 889
95 186
953 636
373 185
870 814
729 111
389 110
305 769
914 125
671 754
441 917
947 468
686 305
924 957
536 935
909 4
841 502
309 796
581 616
739 982
845 979
233 317
218 426
2 465
805 441
532 758
178 433
278 130
196 283
210 508
324 504
793 51
485 32
581 151
826 50
295 909
175 426
59 319
306 192
991 579
238 866
28 441
400 104
547 61
542 449
970 183
983 316
953 877
840 628
972 671
37 166
189 261
434 569
772 831
742 524
856 57
853 952
854 37
729 62
878 483
905 141
436 522
941 906
231 298
148 592
493 868
560 775
766 839
940 508
852 18
761 626
202 660
302 802
708 224
718 192
785 129
240 452
390 824
973 352
365 203
396 485
917 158
166 645
581 704
827 229
811 597
774 597
197 7
977 416
448 385
459 571
253 914
767 626
835 180
622 833
471 214
384 423
376 128
511 598
118 180
326 251
489 1
311 171
238 675
415 938
853 258
388 624
947 339
460 782
936 585
549 630
600 484
165 601
742 531
991 525
747 996
856 329
140 874
8 775
646 59
53 488
718 698
805 704
558 610
726 11
62 795
341 346
940 512
636 129
556 123
764 687
505 952
990 643
384 882
483 401
611 774
552 964
614 878
333 82
819 149
460 674
420 16
71 112
810 402
745 866
18 837
124 996
30 763
379 527
26 121
2 131
911 93
557 111
689 887
236 328
538 841
789 411
230 908
139 935
178 359
459 16
441 70
477 29
626 608
94 799
229 824
736 288
809 607
376 405
891 435
518 955
718 703
809 742
265 820
369 130
264 873
758 810
390 312
515 824
798 56
636 589
88 213
521 64
561 6
464 647
434 646
270 445
608 881
321 92
254 329
782 801
334 729
420 626
985 315
863 234
668 121
217 834
32 23
119 780
351 212
734 208
604 698
264 581
26 561
546 127
399 283
36 485
80 18
649 597
571 516
612 67
195 993
271 451
961 280
387 95
248 535
130 568
745 948
590 206
254 557
944 565
551 694
957 822
476 347
407 401
433 401
798 654
195 464
698 77
980 919
64 207
476 334
732 346
940 209
967 3
609 859
468 141
196 934
542 530
460 841
478 668
335 375
177 597
132 255
505 225
410 18
844 795
260 252
865 53
557 832
360 913
597 339
575 764
798 204
632 44
401 666
995 385
956 906
466 61
528 187
371 919
325 645
619 847
397 264
563 65
361 241
313 882
126 344
575 713
471 743
49 756
269 92
613 49
591 366
485 230
19 736
728 253
529 722
248 175
958 554
700 935
927 167
534 584
207 978
24 178
274 202
606 775
916 879
501 879
595 564
473 712
713 662
707 103
935 215
41 629
730 926
79 483
950 181
149 952
266 716
451 565
394 73
343 805
45 155
338 994
248 603
901 81
597 412
799 409
26 243
685 856
406 72
683 240
146 920
106 623
571 202
434 794
168 200
555 610
352 981
835 834
722 143
217 529
753 644
616 773
902 997
41 286
238 152
715 377
412 480
94 560
636 640
112 220
582 896
756 728
518 560
244 887
270 819
117 406
292 404
640 891
67 350
743 40
98 525
573 505
733 110
39 37
65 110
351 317
611 37
101 828
844 861
939 15
454 246
399 33
331 205
728 582
181 842
248 198
514 535
888 591
642 969
355 57
820 839
365 201
524 551
475 334
669 454
823 429
503 541
116 907
57 709
959 334
904 758
194 682
122 11
732 400
691 739
994 366
130 564
22 446
978 879
979 100
650 234
165 54
816 321
460 611
149 459
94 972
996 244
301 830
496 638
826 77
116 536
182 492
636 991
742 4
251 876
591 946
522 94
44 316
154 326
688 490
539 25
856 492
753 342
289 238
5 93
638 794
27 123
768 249
731 662
303 321
386 196
717 901
506 356
768 961
852 157
850 645
807 734
589 708
345 330
155 692
70 225
579 632
781 499
386 997
446 660
428 372
239 656
110 784
512 903
870 741
321 636
637 886
329 838
50 795
711 829
521 180
355 692
200 405
138 60
377 539
25 106
569 145
840 645
576 900
661 739
114 334
369 51
418 366
982 763
564 562
566 582
209 885
33 289
707 633
858 344
465 547
337 799
52 714
967 626
317 770
710 828
628 344
676 916
594 86
588 203
977 593
866 188
990 321
632 14
818 133
593 530
57 694
223 659
774 370
412 154
756 690
595 526
828 596
122 391
817 261
422 24
415 220
41 828
463 832
191 959
238 962
909 556
212 771
147 914
140 335
535 826
955 859
423 250
51 531
117 790
749 179
869 980
409 921
261 18
629 162
145 667
3 128
105 485
244 987
606 803
921 38
839 357
31 11
145 576
973 880
431 593
259 951
621 376
488 349
958 66
159 481
721 363
110 231
824 3
758 579
145 93
780 546
558 519
375 489
670 697
642 40
106 10
359 815
265 775
19 717
621 948
109 118
768 621
87 602
385 706
526 500
463 284
466 429
519 603
571 566
634 675
951 597
934 937
263 72
325 26
988 832
118 660
701 646
543 187
684 133
228 519
783 861
731 921
938 853
239 637
375 86
398 758
775 797
480 770
446 71
117 332
35 910
543 219
208 192
624 35
195 84
561 642
577 593
901 880
687 879
99 90
19 871
141 804
365 644
322 161
404 499
797 125
411 203
301 661
37 167
767 87
326 524
236 570
553 583
179 183
901 288
797 383
534 356
348 571
290 961
496 74
495 649
167 995
345 687
865 459
639 302
894 354
119 78
931 673
152 55
887 40
294 755
449 38
859 922
761 196
744 697
690 917
76 533
728 85
479 291
94 754
962 214
228 787
616 349
92 326
135 171
210 409
927 242
634 652
726 224
71 783
639 841
601 146
276 299
60 972
187 625
330 709
333 391
459 766
704 359
599 504
356 398
32 905
960 788
899 494
622 231
688 616
296 621
272 386
762 949
55 863
180 671
570 148
152 263
101 318
483 984
193 436
529 79
747 157
600 759
384 381
907 239
330 84
168 114
558 948
488 990
633 950
605 758
442 549
806 46
603 523
500 913
192 158
681 649
561 685
431 820
323 484
385 714
637 319
21 207
112 509
293 516
597 349
803 750
988 937
247 237
891 297
251 814
564 705
734 737
857 931
244 525
672 392
5 646
14 722
96 555
905 474
321 307
696 967
114 875
907 40
959 717
979 397
198 226
299 921
250 553
504 630
972 99
673 192
525 279
167 102
784 295
631 528
806 342
934 80
547 532
355 163
723 908
423 530
52 414
159 526
327 860
338 647
43 560
505 311
622 418
138 999
765 75
607 782
237 710
748 662
264 14
191 958
97 410
418 688
280 426
577 520
822 858
58 82
315 331
994 644
381 178
882 917
574 473
82 785
863 701
495 896
536 25
719 146
177 621
316 807
712 966
338 968
868 394
814 935
426 560
778 3
340 671
998 649
193 69
271 465
429 322
291 366
45 96
622 784
864 246
520 313
988 716
335 944
136 523
165 195
755 500
993 800
923 596
378 607
490 406
820 912
393 458
792 384
625 641
540 184
753 387
822 50
466 785
831 338
825 760
561 161
480 406
917 471
553 839
705 372
613 345
448 282
805 225
187 50
162 428
211 491
897 554
245 633
34 232
357 576
97 571
439 878
137 534
823 971
351 758
605 988
314 819
562 570
422 561
189 508
550 557
903 154
422 261
747 462
839 32
726 323
234 168
953 78
662 492
200 221
742 61
981 620
453 73
93 433
191 8
235 409
838 773
523 660
627 3
605 114
218 29
727 723
611 850
738 124
962 489
467 530
833 208
248 967
448 596
262 213
3 346
336 750
599 54
806 727
712 896
51 796
4 930
7 313
587 935
10 817
553 814
259 669
850 425
984 56
287 948
354 294
696 562
433 630
684 292
834 648
239 998
814 335
408 542
20 773
594 752
456 477
406 735
274 927
52 234
518 548
103 28
781 731
580 614
822 660
406 303
643 486
358 823
603 952
818 241
440 551
161 468
160 697
899 934
380 873
154 987
897 396
155 978
409 891
972 675
771 467
104 724
303 508
660 451
319 15
141 355
482 645
815 302
179 164
108 388
271 300
484 606
672 768
220 390
243 283
319 294
575 633
617 721
360 20
70 202
116 302
839 608
285 990
867 296
928 391
762 326
187 846
597 153
769 148
612 679
931 138
46 873
621 81
7 116
823 617
782 667
380 985
208 359
453 962
691 874
161 373
318 960
782 959
67 982
901 482
658 391
627 760
159 121
61 813
754 466
425 546
497 172
588 295
350 49
814 597
802 160
653 255
417 237
554 448
252 418
663 351
892 774
90 273
69 355
756 157
808 741
491 373
74 967
207 672
71 324
322 875
532 946
746 435
110 233
746 212
113 992
451 340
418 946
327 451
519 640
957 389
251 260
451 968
600 550
765 558
209 658
483 800
423 186
465 856
69 743
583 196
815 559
583 726
161 485
725 103
67 153
955 325
825 989
547 331
820 254
530 614
641 715
488 129
860 404
117 739
858 375
51 385
269 35
20 928
187 720
532 48
865 234
617 939
600 936
315 929
403 689
415 741
703 159
993 484
455 800
856 467
360 749
182 236
620 36
173 147
976 530
836 981
755 347
574 571
935 328
809 158
894 781
244 429
350 987
460 721
974 541
189 893
650 224
915 532
988 253
392 501
136 280
944 140
541 7
656 724
63 327
390 845
587 633
245 742
137 899
652 261
364 236
349 236
214 767
84 398
440 61
518 352
481 304
799 658
685 102
204 3
430 301
783 664
985 156
586 671
790 766
848 787
530 343
228 969
503 723
616 258
522 19
1 893
916 889
473 172
16 676
761 136
154 179
68 284
299 645
398 901
491 886
41 114
834 452
866 451
402 283
545 37
507 972
773 343
233 328
421 69
743 666
533 385
62 59
854 598
123 669
761 161
534 110
43 422
525 257
19 336
452 926
265 469
694 850
562 413
543 3
291 391
867 583
358 880
237 770
858 239
396 384
146 383
224 857
563 394
380 755
340 158
207 397
351 359
351 247
550 691
769 154
99 11
129 421
225 141
258 281
533 453
417 301
585 246
635 460
562 241
769 845
193 679
428 801
801 63
55 150
866 105
232 218
443 495
856 25
173 811
362 687
499 857
984 485
2 501
973 591
