303 391
254 687
839 22
666 580
426 765
672 769
329 36
602 502
588 506
701 525
897 192
263 14
512 471
678 770
803 401
497 288
393 75
150 415
195 121
750 805
245 377
835 578
959 936
176 527
118 64
327 999
705 472
176 240
692 746
364 684
278 595
877 63
257 804
958 717
587 734
851 819
265 799
814 989
540 118
888 231
362 429
102 939
727 517
986 770
943 674
870 427
49 726
157 963
926 946
875 964
477 379
949 42
491 768
395 585
817 360
216 664
443 439
956 264
723 395
691 751
158 361
210 566
479 130
116 303
935 730
39 756
293 180
677 57
580 413
207 565
528 50
536 783
672 721
730 214
717 689
412 678
852 870
59 984
361 903
942 572
536 978
570 314
60 170
847 128
603 864
592 737
783 299
871 650
232 305
362 252
351 859
165 142
650 722
337 544
966 89
568 956
135 738
663 489
837 580
933 703
672 673
208 813
632 852
842 215
704 761
184 874
120 884
439 376
156 20
271 787
38 776
453 497
210 20
135 262
342 569
79 181
281 909
814 672
462 571
631 894
815 548
475 722
450 839
735 991
984 596
412 636
552 941
840 817
54 87
151 195
794 317
365 253
160 211
226 116
692 739
584 631
203 839
923 686
897 30
273 26
848 202
714 74
82 135
231 768
235 983
331 569
578 749
947 959
749 516
145 453
834 360
879 27
738 665
631 904
88 704
487 20
781 834
43 96
454 294
611 575
105 929
616 929
563 86
866 209
207 334
890 774
575 399
902 629
29 49
589 648
367 213
543 598
300 581
75 239
556 303
571 628
351 99
108 19
543 581
19 425
974 623
683 776
479 899
270 971
357 668
643 727
553 465
650 465
6 496
237 268
875 266
330 416
189 297
584 59
292 571
161 971
736 271
484 910
459 812
171 403
442 257
316 444
807 27
319 631
372 313
301 882
601 580
886 170
686 268
589 444
72 863
294 46
943 508
332 155
399 511
115 586
362 822
691 110
317 817
12 122
202 145
724 48
90 658
410 42
499 941
222 421
953 314
138 948
400 30
597 653
378 316
172 604
806 635
212 805
268 370
717 72
786 596
891 892
205 763
277 77
682 262
288 812
301 245
422 760
964 923
514 912
820 245
89 651
650 298
162 546
458 412
539 646
920 372
249 207
301 633
539 752
560 518
655 357
750 793
188 1
355 682
847 181
943 182
482 707
311 994
132 46
474 165
150 362
952 97
151 589
59 129
656 577
24 316
396 827
524 3
241 319
884 123
936 881
211 897
851 583
565 412
795 143
388 768
958 514
171 756
148 762
483 171
684 747
374 284
758 204
155 222
410 488
276 413
364 642
14 982
586 81
909 684
963 58
788 646
27 190
74 584
397 940
507 142
952 699
485 693
335 860
169 23
160 564
829 637
151 8
412 472
145 568
52 666
553 163
330 678
409 74
292 745
423 936
477 598
597 418
171 928
93 501
156 808
86 10
3 392
906 278
426 214
875 391
429 468
658 128
347 760
358 454
310 697
252 843
544 218
576 902
238 890
625 193
516 179
186 947
563 47
6 119
670 266
616 787
722 659
684 177
705 928
509 577
922 23
394 997
173 553
688 768
705 678
528 21
609 757
158 800
300 26
965 225
879 915
347 204
27 266
584 243
35 291
968 480
187 523
95 925
704 622
310 117
913 729
325 515
724 404
536 164
154 38
693 506
384 887
370 929
654 655
367 100
640 808
634 419
328 597
820 268
529 62
304 601
307 464
287 974
431 818
277 97
482 928
354 690
602 107
991 604
236 892
24 468
554 385
834 758
871 74
573 170
145 440
302 569
11 478
551 154
41 598
48 170
813 622
814 668
677 584
923 365
415 806
569 660
347 946
386 947
707 375
791 72
980 992
811 607
186 464
989 84
757 905
923 188
368 800
282 919
34 717
814 759
934 356
677 589
722 292
391 193
719 636
960 313
338 66
206 483
86 675
584 439
392 102
701 445
177 579
806 885
745 1000
452 59
366 390
258 293
221 336
294 987
841 697
97 544
212 149
474 609
9 93
400 573
123 774
453 384
740 733
867 116
489 303
262 553
402 381
534 847
873 733
217 788
47 719
815 348
726 32
391 253
494 274
627 964
302 154
870 872
295 192
335 184
571 389
369 271
875 236
840 350
186 800
28 497
659 234
473 985
467 955
700 732
943 886
453 615
713 649
901 41
124 50
110 495
761 971
360 7
698 167
303 792
253 795
552 570
531 180
170 835
801 859
850 70
131 605
571 236
328 33
978 283
245 649
506 227
343 834
214 512
865 811
234 446
309 987
893 97
288 710
426 345
899 132
732 51
554 920
966 771
66 657
763 936
448 881
300 712
248 342
715 326
587 206
112 615
177 347
246 22
168 182
800 822
619 413
580 545
326 278
834 928
834 213
961 543
156 348
168 416
33 282
2 631
58 705
191 526
438 820
337 269
437 127
682 513
284 214
152 914
96 611
931 929
961 144
707 567
307 24
196 722
867 902
967 877
534 148
207 253
182 35
912 447
289 681
425 720
920 545
685 169
341 728
16 605
649 340
108 494
991 263
303 358
57 132
270 915
94 915
497 407
794 50
978 634
301 831
405 921
665 457
929 849
536 944
866 160
454 279
908 564
157 972
333 447
603 976
328 188
645 817
394 390
981 608
167 884
351 81
890 600
492 811
434 734
482 244
746 505
894 40
314 623
311 403
472 750
987 48
719 849
859 794
74 270
85 919
533 581
106 154
55 271
218 994
568 388
297 368
919 714
880 29
49 619
727 386
835 688
901 926
113 997
31 911
782 326
152 369
131 616
157 399
210 586
51 362
286 30
532 855
290 506
355 526
485 993
833 418
520 692
668 408
738 194
475 548
465 781
498 459
717 669
837 615
842 818
888 168
826 804
259 193
280 852
444 809
906 743
61 663
24 260
132 316
492 793
399 521
476 804
304 178
891 582
461 932
758 679
506 891
869 876
428 126
915 237
341 954
468 611
225 53
749 950
215 135
918 757
45 940
671 872
908 326
870 462
693 917
380 540
474 811
260 592
62 478
285 546
148 125
618 698
818 335
676 353
987 329
654 132
120 304
785 849
262 833
711 217
319 285
924 566
95 716
481 491
833 326
667 770
656 148
38 599
113 772
750 804
590 415
907 232
566 165
191 829
29 963
499 58
823 740
835 219
306 685
272 864
765 993
291 414
241 377
574 996
849 960
101 337
455 856
345 697
421 207
541 179
85 288
42 174
91 103
224 552
411 54
234 34
569 678
791 121
368 542
34 76
87 986
362 924
459 363
602 668
892 312
867 802
121 677
968 862
841 702
403 73
831 106
838 369
988 65
703 403
635 154
669 648
22 43
880 295
963 179
299 966
68 700
125 763
667 464
473 34
920 820
12 92
904 434
941 323
927 658
760 764
179 10
427 395
381 122
217 655
178 874
580 622
724 364
627 49
356 892
606 451
273 245
652 899
366 503
816 881
655 48
120 10
1000 70
531 799
666 630
140 756
942 361
910 473
610 789
208 591
735 890
666 639
871 960
300 575
679 244
475 591
188 505
249 706
517 189
87 665
873 329
537 386
422 221
419 453
253 659
859 632
316 543
418 535
855 896
21 248
279 228
383 738
309 54
986 534
72 937
15 826
339 973
727 12
181 684
933 822
602 476
298 510
168 919
528 425
612 399
769 578
698 847
80 388
445 50
244 441
402 957
466 743
132 187
125 44
983 729
728 115
260 361
746 667
722 284
841 695
523 748
38 343
264 822
345 505
480 287
674 799
31 406
117 635
879 623
673 833
972 659
682 688
340 86
645 296
950 803
412 377
324 700
369 130
7 958
765 478
988 70
400 472
385 535
402 144
522 426
172 327
367 383
643 622
960 209
188 639
1 774
501 536
492 886
813 246
917 825
877 477
794 617
527 464
230 381
778 629
44 531
50 821
934 290
152 730
163 573
593 551
405 58
989 965
870 93
501 250
967 183
184 132
275 388
314 471
436 948
311 844
353 956
451 502
728 805
163 65
81 550
196 400
614 112
356 233
381 459
45 474
920 933
351 101
144 54
560 591
607 723
458 296
91 556
605 417
653 494
338 202
15 502
323 175
718 510
663 735
311 288
266 124
442 831
125 39
497 138
970 673
763 21
704 401
625 300
894 800
738 625
591 683
961 758
322 387
696 385
669 899
506 751
724 744
130 245
428 82
461 554
479 724
397 619
892 803
855 557
171 587
370 858
39 303
657 71
942 89
650 276
861 753
335 92
617 576
115 111
445 620
770 389
849 556
642 962
166 156
876 762
794 734
331 540
688 530
700 641
926 914
741 736
430 610
197 380
182 174
938 208
680 953
311 970
651 591
545 820
326 929
731 383
967 219
80 180
347 549
992 565
265 399
469 661
697 839
482 358
999 869
933 693
379 534
640 695
981 234
955 225
399 585
31 567
55 199
571 235
97 40
45 304
457 239
327 980
27 798
134 187
426 101
537 968
42 418
134 399
928 492
435 667
767 731
870 829
662 903
60 428
938 605
582 967
817 425
589 573
56 300
395 311
916 367
175 455
68 887
782 132
528 183
84 908
932 953
425 933
997 364
695 356
608 242
745 311
77 616
41 100
845 948
318 88
73 262
185 534
955 551
195 394
906 161
644 447
457 381
800 720
807 409
232 168
429 77
657 597
426 643
775 748
962 803
800 553
63 194
642 520
723 672
292 187
601 336
12 418
289 53
665 88
55 470
530 661
729 622
437 412
892 217
21 484
762 183
925 852
182 727
857 844
352 406
689 146
43 429
609 750
570 388
819 334
512 130
193 996
478 161
677 523
695 492
62 568
41 755
269 129
735 6
153 682
593 3
625 411
850 649
952 700
743 248
207 484
153 743
907 666
194 255
691 306
724 467
858 944
289 274
625 400
477 223
641 307
783 353
546 454
311 236
60 379
326 23
938 680
686 649
191 999
642 615
465 165
13 689
649 181
473 127
966 537
646 17
947 366
104 745
381 790
921 960
224 608
663 349
587 388
906 945
382 564
203 738
184 550
315 643
485 572
92 784
492 262
142 604
834 154
785 165
400 968
87 322
320 354
169 605
196 823
387 670
414 538
418 741
929 299
12 275
39 169
443 147
329 422
95 861
330 446
180 208
857 320
125 895
390 761
750 949
779 714
178 620
1 236
35 490
881 811
511 730
456 820
151 587
334 632
197 137
38 508
622 615
903 682
755 551
708 794
906 394
159 738
281 131
810 672
231 328
173 909
448 984
818 20
340 554
509 677
9 396
455 846
670 761
597 66
167 263
869 132
48 182
4 705
655 484
130 425
471 32
536 422
888 258
129 931
591 406
114 994
403 88
312 873
1 534
95 56
128 483
193 933
325 523
403 736
896 49
388 538
136 609
777 476
518 172
751 242
685 267
651 327
462 777
165 31
752 411
18 425
83 218
950 142
119 302
904 98
144 216
377 987
703 805
204 993
717 983
467 732
283 538
141 213
888 219
568 931
305 350
647 211
64 335
642 645
561 631
375 503
941 505
721 160
377 792
660 266
177 881
977 966
783 781
462 517
116 271
941 799
437 461
442 449
486 434
426 389
495 953
409 623
431 856
343 836
5 159
764 344
9 595
141 178
839 151
693 203
106 623
870 898
722 266
587 742
705 194
380 748
489 544
129 119
977 545
642 307
121 538
68 71
952 443
722 846
595 222
782 507
11 983
493 454
336 732
428 445
873 423
775 260
162 155
941 864
202 430
332 758
175 748
77 268
741 211
413 780
25 764
472 116
629 16
854 648
681 904
110 932
948 828
403 873
906 648
708 242
238 794
991 672
595 414
154 955
17 259
436 876
746 706
720 241
42 892
327 562
268 479
793 343
625 891
984 945
799 885
458 293
88 396
193 928
379 409
542 838
507 178
483 784
976 241
102 221
600 508
931 164
359 439
790 453
978 829
818 956
197 912
86 90
92 239
65 192
143 472
173 555
181 186
647 978
338 26
769 746
423 535
320 979
888 664
445 458
816 642
689 68
821 559
81 479
612 566
580 348
898 507
555 386
565 306
756 397
44 610
7 170
640 844
211 349
358 135
372 95
569 53
262 621
151 465
878 965
950 408
130 356
107 244
377 863
277 24
891 915
880 544
603 439
933 601
783 905
560 79
205 674
754 237
653 207
563 200
412 97
524 554
325 876
111 2
676 635
835 164
313 843
262 410
991 114
997 675
283 862
988 243
583 545
786 350
225 876
665 361
34 290
814 627
589 367
800 233
165 882
271 882
452 702
127 838
822 31
720 893
617 797
628 183
295 740
705 655
636 652
387 304
369 187
951 253
327 958
227 140
871 596
961 658
914 643
113 691
119 924
683 686
946 856
96 470
369 299
710 826
971 218
955 266
458 610
988 187
675 131
726 339
170 66
231 158
775 354
176 302
157 736
437 668
224 75
487 828
585 345
182 472
679 984
920 4
561 990
469 502
941 70
389 492
560 630
818 45
597 382
126 717
664 650
330 177
778 876
440 165
30 690
413 210
131 229
886 42
324 375
178 593
615 978
866 723
70 252
326 558
590 601
119 168
300 767
934 732
565 863
105 293
298 537
561 240
678 697
81 126
473 497
777 10
155 26
817 656
638 538
781 300
521 58
993 983
737 653
897 725
325 884
47 367
767 95
16 228
336 56
587 824
616 928
330 511
831 136
319 114
274 6
370 428
828 133
450 816
880 202
723 693
93 759
526 736
469 355
300 746
987 455
254 200
743 700
934 174
760 155
191 279
563 741
958 190
683 633
53 155
775 947
835 340
231 236
552 652
580 196
453 5
525 319
248 527
897 974
120 98
336 654
36 593
49 252
925 577
340 381
233 16
295 776
458 861
828 982
966 227
616 683
577 112
14 239
10 724
499 853
774 125
599 438
95 154
768 454
943 609
924 64
283 653
379 230
922 887
734 965
967 881
421 78
13 327
135 442
917 973
243 344
965 737
680 275
770 47
623 335
700 849
650 791
80 196
721 86
464 23
295 503
326 909
123 350
442 916
617 545
870 421
654 704
461 608
20 125
26 928
800 965
175 230
324 580
101 877
505 538
49 10
430 991
916 419
138 284
374 98
635 21
630 646
648 24
581 985
507 4
339 438
69 238
311 318
895 598
620 14
100 802
163 537
283 960
248 910
535 616
971 814
590 979
700 575
687 33
315 847
991 784
764 772
84 754
269 866
678 556
931 951
254 100
33 252
401 916
999 783
361 379
958 568
243 149
946 566
458 277
358 542
970 427
366 793
718 730
232 622
868 447
834 454
680 996
942 263
22 824
664 225
669 677
465 311
586 159
549 13
259 766
787 366
351 29
93 969
762 575
754 792
310 373
411 539
104 438
33 592
255 225
438 198
702 463
502 212
909 541
920 887
686 254
162 51
824 49
109 316
879 525
659 908
390 109
917 563
134 458
681 992
393 763
886 693
699 555
774 638
475 132
576 256
213 624
2 116
289 702
265 365
53 240
429 528
464 148
977 589
895 944
500 144
56 7
217 31
599 641
379 812
814 76
340 576
734 912
790 890
53 610
931 541
126 104
704 840
822 812
480 82
826 230
905 294
75 498
535 205
527 785
837 314
275 48
954 72
459 10
724 568
300 957
282 290
71 495
490 400
979 375
617 997
211 802
627 413
904 229
878 350
468 89
509 755
46 347
768 755
571 935
884 884
83 598
289 920
852 113
611 399
322 236
919 224
14 733
409 252
233 86
702 533
395 639
887 125
681 144
18 157
922 559
917 845
341 582
56 190
510 366
957 958
534 993
420 647
517 928
988 846
397 901
195 235
290 657
709 259
515 995
55 975
129 182
136 858
154 546
463 759
264 155
867 502
915 851
753 782
328 953
311 679
630 741
41 971
787 345
669 419
127 2
972 255
178 121
587 578
191 913
640 494
357 784
221 77
557 60
798 570
140 988
388 113
557 599
710 602
104 899
789 207
990 970
390 771
159 871
154 31
866 264
213 104
137 431
90 241
626 866
289 443
13 63
960 93
25 647
955 545
336 981
63 256
765 116
597 809
546 783
461 872
718 491
443 24
306 149
219 31
681 626
496 159
724 553
258 798
956 258
611 524
924 707
39 947
618 563
355 689
246 84
199 43
893 71
49 322
114 648
836 869
662 681
233 627
862 210
775 588
480 398
407 472
362 321
39 694
472 359
621 417
426 377
465 960
54 705
898 599
43 217
944 398
353 232
896 140
305 989
585 669
123 834
933 161
456 961
247 637
700 723
727 293
382 306
58 551
545 131
251 445
582 319
971 761
264 922
193 238
414 916
995 60
837 624
735 726
231 49
67 613
724 182
624 322
849 512
147 13
866 485
781 325
535 68
722 954
927 936
8 296
411 962
771 218
73 872
163 516
89 987
105 213
710 540
970 501
514 201
857 438
292 425
288 286
261 338
454 152
278 302
737 781
159 973
675 937
763 130
658 149
222 858
239 427
785 330
556 116
827 510
412 462
210 96
818 435
258 829
723 542
626 496
361 785
186 952
25 867
984 32
357 498
625 880
256 902
667 668
185 329
743 608
184 55
307 404
875 546
930 548
311 20
265 674
353 982
244 316
470 215
94 578
492 54
836 610
878 539
285 140
38 855
429 346
212 162
887 219
251 507
222 925
502 446
437 393
493 987
106 687
452 485
916 665
434 532
290 368
79 300
976 927
624 856
140 586
298 863
844 238
552 279
4 943
748 421
618 394
222 348
797 518
363 480
818 169
758 651
781 405
443 797
997 844
235 908
97 93
512 756
837 23
263 76
441 368
651 765
207 601
571 752
402 567
689 365
930 950
544 916
39 196
111 584
233 93
828 142
611 466
381 83
468 135
509 310
503 448
10 688
176 47
337 948
822 46
516 300
303 651
679 373
505 713
238 885
616 511
990 840
611 551
859 313
148 959
765 827
518 895
709 654
687 783
333 209
899 775
352 575
795 443
466 835
690 148
43 843
34 8
601 431
688 126
955 117
550 848
832 38
815 179
953 392
248 424
83 189
476 174
82 745
706 594
216 204
